Regiao - Sigla,Estado - Sigla,Municipio,Revenda,CNPJ da Revenda,Nome da Rua,Numero Rua,Complemento,Bairro,Cep,Produto,Data da Coleta,Valor de Venda,Valor de Compra,Unidade de Medida,Bandeira,Data da Carga ETL
SE,MG,BARBACENA,POSTO MIRANDA LTDA,19.590.280/0001-63,RUA HENRIQUE DINIZ,45,47,CENTRO,36202-370,ETANOL,04/01/2023,3.98,,R$ / litro,RAIZEN,2023-11-21
SE,MG,BARBACENA,POSTO MIRANDA LTDA,19.590.280/0001-63,RUA HENRIQUE DINIZ,45,47,CENTRO,36202-370,DIESEL S10,04/01/2023,6.05,,R$ / litro,RAIZEN,2023-11-21
SE,MG,BARBACENA,POSTO MIRANDA LTDA,19.590.280/0001-63,RUA HENRIQUE DINIZ,45,47,CENTRO,36202-370,GASOLINA ADITIVADA,04/01/2023,5.58,,R$ / litro,RAIZEN,2023-11-21
SE,MG,BARBACENA,POSTO MIRANDA LTDA,19.590.280/0001-63,RUA HENRIQUE DINIZ,45,47,CENTRO,36202-370,GASOLINA,04/01/2023,5.18,,R$ / litro,RAIZEN,2023-11-21
SE,MG,BARBACENA,APEC VEICULOS S/A,17.078.536/0002-03,RUA SETE DE SETEMBRO,819,,,36200-078,ETANOL,04/01/2023,3.98,,R$ / litro,RAIZEN,2023-11-21
SE,MG,BARBACENA,APEC VEICULOS S/A,17.078.536/0002-03,RUA SETE DE SETEMBRO,819,,,36200-078,DIESEL S10,04/01/2023,6.05,,R$ / litro,RAIZEN,2023-11-21
SE,MG,BARBACENA,APEC VEICULOS S/A,17.078.536/0002-03,RUA SETE DE SETEMBRO,819,,,36200-078,GASOLINA ADITIVADA,04/01/2023,5.58,,R$ / litro,RAIZEN,2023-11-21
SE,MG,BARBACENA,APEC VEICULOS S/A,17.078.536/0002-03,RUA SETE DE SETEMBRO,819,,,36200-078,GASOLINA,04/01/2023,5.18,,R$ / litro,RAIZEN,2023-11-21
SE,MG,BETIM,POSTO VILA FERNAO DIAS LTDA,08.418.243/0001-56,RODOVIA BR-381 FERNAO DIAS,S/N,KM: 487;,JARDIM TERESOPOLIS,32681-200,ETANOL,03/01/2023,3.99,,R$ / litro,IPIRANGA,2023-11-21
SE,MG,BETIM,POSTO VILA FERNAO DIAS LTDA,08.418.243/0001-56,RODOVIA BR-381 FERNAO DIAS,S/N,KM: 487;,JARDIM TERESOPOLIS,32681-200,DIESEL S10,03/01/2023,6.19,,R$ / litro,IPIRANGA,2023-11-21
SE,MG,BETIM,POSTO VILA FERNAO DIAS LTDA,08.418.243/0001-56,RODOVIA BR-381 FERNAO DIAS,S/N,KM: 487;,JARDIM TERESOPOLIS,32681-200,DIESEL,03/01/2023,6.09,,R$ / litro,IPIRANGA,2023-11-21
SE,MG,BETIM,POSTO VILA FERNAO DIAS LTDA,08.418.243/0001-56,RODOVIA BR-381 FERNAO DIAS,S/N,KM: 487;,JARDIM TERESOPOLIS,32681-200,GASOLINA ADITIVADA,03/01/2023,5.09,,R$ / litro,IPIRANGA,2023-11-21
SE,MG,BETIM,POSTO VILA FERNAO DIAS LTDA,08.418.243/0001-56,RODOVIA BR-381 FERNAO DIAS,S/N,KM: 487;,JARDIM TERESOPOLIS,32681-200,GASOLINA,03/01/2023,4.89,,R$ / litro,IPIRANGA,2023-11-21
SE,MG,BETIM,POSTO ALTEROSA LTDA,08.077.863/0001-79,AVENIDA CAMPO DE OURIQUE,1265,,JARDIM ALTEROSA,32660-000,ETANOL,03/01/2023,3.99,,R$ / litro,VIBRA ENERGIA,2023-11-21
SE,MG,BETIM,POSTO ALTEROSA LTDA,08.077.863/0001-79,AVENIDA CAMPO DE OURIQUE,1265,,JARDIM ALTEROSA,32660-000,DIESEL S10,03/01/2023,6.39,,R$ / litro,VIBRA ENERGIA,2023-11-21
SE,MG,BETIM,POSTO ALTEROSA LTDA,08.077.863/0001-79,AVENIDA CAMPO DE OURIQUE,1265,,JARDIM ALTEROSA,32660-000,DIESEL,03/01/2023,6.29,,R$ / litro,VIBRA ENERGIA,2023-11-21
SE,MG,BETIM,POSTO ALTEROSA LTDA,08.077.863/0001-79,AVENIDA CAMPO DE OURIQUE,1265,,JARDIM ALTEROSA,32660-000,GASOLINA ADITIVADA,03/01/2023,4.99,,R$ / litro,VIBRA ENERGIA,2023-11-21
SE,MG,BETIM,POSTO ALTEROSA LTDA,08.077.863/0001-79,AVENIDA CAMPO DE OURIQUE,1265,,JARDIM ALTEROSA,32660-000,GASOLINA,03/01/2023,4.99,,R$ / litro,VIBRA ENERGIA,2023-11-21
SE,MG,BETIM,MILLENNIUM DERIVADOS DE PETROLEO LTDA,03.848.560/0001-99,AVENIDA EDMEIA MATTOS LAZAROTTI,1441,,ANGOLA,32604-228,ETANOL,03/01/2023,3.89,,R$ / litro,ALESAT,2023-11-21
SE,MG,BETIM,MILLENNIUM DERIVADOS DE PETROLEO LTDA,03.848.560/0001-99,AVENIDA EDMEIA MATTOS LAZAROTTI,1441,,ANGOLA,32604-228,DIESEL S10,03/01/2023,6.09,,R$ / litro,ALESAT,2023-11-21
SE,MG,BETIM,MILLENNIUM DERIVADOS DE PETROLEO LTDA,03.848.560/0001-99,AVENIDA EDMEIA MATTOS LAZAROTTI,1441,,ANGOLA,32604-228,GASOLINA ADITIVADA,03/01/2023,5.01,,R$ / litro,ALESAT,2023-11-21
SE,MG,BETIM,MILLENNIUM DERIVADOS DE PETROLEO LTDA,03.848.560/0001-99,AVENIDA EDMEIA MATTOS LAZAROTTI,1441,,ANGOLA,32604-228,GASOLINA,03/01/2023,4.89,,R$ / litro,ALESAT,2023-11-21
SE,MG,BETIM,MILLENNIUM DERIVADOS DE PETROLEO LTDA,03.848.560/0001-99,AVENIDA EDMEIA MATTOS LAZAROTTI,1441,,ANGOLA,32604-228,GNV,03/01/2023,5.24,,R$ / m³,ALESAT,2023-11-21
SE,MG,BETIM,POSTO VILA LIBERDADE LTDA,07.320.833/0001-89,AVENIDA EDMEIA MATTOS LAZZAROTTI,1381,,ANGOLA,32603-055,ETANOL,03/01/2023,3.89,,R$ / litro,IPIRANGA,2023-11-21
SE,MG,BETIM,POSTO VILA LIBERDADE LTDA,07.320.833/0001-89,AVENIDA EDMEIA MATTOS LAZZAROTTI,1381,,ANGOLA,32603-055,DIESEL S10,03/01/2023,6.09,,R$ / litro,IPIRANGA,2023-11-21
SE,MG,BETIM,POSTO VILA LIBERDADE LTDA,07.320.833/0001-89,AVENIDA EDMEIA MATTOS LAZZAROTTI,1381,,ANGOLA,32603-055,GASOLINA ADITIVADA,03/01/2023,4.99,,R$ / litro,IPIRANGA,2023-11-21
SE,MG,BETIM,POSTO VILA LIBERDADE LTDA,07.320.833/0001-89,AVENIDA EDMEIA MATTOS LAZZAROTTI,1381,,ANGOLA,32603-055,GASOLINA,03/01/2023,4.89,,R$ / litro,IPIRANGA,2023-11-21
SE,MG,BETIM,POSTO CIDADE NOVA LIMITADA,18.695.064/0003-81,AVENIDA JUIZ MARCO TULIO ISAAC,330,,CENTRO,32600-002,ETANOL,03/01/2023,3.89,,R$ / litro,RAIZEN,2023-11-21
SE,MG,BETIM,POSTO CIDADE NOVA LIMITADA,18.695.064/0003-81,AVENIDA JUIZ MARCO TULIO ISAAC,330,,CENTRO,32600-002,DIESEL S10,03/01/2023,6.08,,R$ / litro,RAIZEN,2023-11-21
SE,MG,BETIM,POSTO CIDADE NOVA LIMITADA,18.695.064/0003-81,AVENIDA JUIZ MARCO TULIO ISAAC,330,,CENTRO,32600-002,GASOLINA,03/01/2023,4.89,,R$ / litro,RAIZEN,2023-11-21
SE,MG,BETIM,POSTO PAMPAS LTDA,20.256.228/0001-54,RODOVIA BR-381 FERNAO DIAS,S/N,KM    493,BETIM INDUSTRIAL,32670-420,ETANOL,03/01/2023,4.05,,R$ / litro,RAIZEN,2023-11-21
SE,MG,BETIM,POSTO PAMPAS LTDA,20.256.228/0001-54,RODOVIA BR-381 FERNAO DIAS,S/N,KM    493,BETIM INDUSTRIAL,32670-420,DIESEL S10,03/01/2023,6.17,,R$ / litro,RAIZEN,2023-11-21
SE,MG,BETIM,POSTO PAMPAS LTDA,20.256.228/0001-54,RODOVIA BR-381 FERNAO DIAS,S/N,KM    493,BETIM INDUSTRIAL,32670-420,DIESEL,03/01/2023,6.07,,R$ / litro,RAIZEN,2023-11-21
SE,MG,BETIM,POSTO PAMPAS LTDA,20.256.228/0001-54,RODOVIA BR-381 FERNAO DIAS,S/N,KM    493,BETIM INDUSTRIAL,32670-420,GASOLINA ADITIVADA,03/01/2023,5.35,,R$ / litro,RAIZEN,2023-11-21
SE,MG,BETIM,POSTO PAMPAS LTDA,20.256.228/0001-54,RODOVIA BR-381 FERNAO DIAS,S/N,KM    493,BETIM INDUSTRIAL,32670-420,GASOLINA,03/01/2023,4.95,,R$ / litro,RAIZEN,2023-11-21
SE,MG,BETIM,AUTO POSTO RODRIGO LTDA,04.134.973/0001-74,AVENIDA ARTUR DA SILVA BERNARDES,355,,INGA,32604-475,ETANOL,03/01/2023,3.89,,R$ / litro,BRANCA,2023-11-21
SE,MG,BETIM,AUTO POSTO RODRIGO LTDA,04.134.973/0001-74,AVENIDA ARTUR DA SILVA BERNARDES,355,,INGA,32604-475,DIESEL S10,03/01/2023,6.25,,R$ / litro,BRANCA,2023-11-21
SE,MG,BETIM,AUTO POSTO RODRIGO LTDA,04.134.973/0001-74,AVENIDA ARTUR DA SILVA BERNARDES,355,,INGA,32604-475,DIESEL,03/01/2023,6.15,,R$ / litro,BRANCA,2023-11-21
SE,MG,BETIM,AUTO POSTO RODRIGO LTDA,04.134.973/0001-74,AVENIDA ARTUR DA SILVA BERNARDES,355,,INGA,32604-475,GASOLINA,03/01/2023,4.99,,R$ / litro,BRANCA,2023-11-21
SE,MG,BETIM,POSTO VILA AMARAL LTDA,03.785.237/0001-13,AVENIDA EDMEIA MATTOS LAZZAROTTI,1100,,CENTRO,32600-004,ETANOL,03/01/2023,3.89,,R$ / litro,IPIRANGA,2023-11-21
SE,MG,BETIM,POSTO VILA AMARAL LTDA,03.785.237/0001-13,AVENIDA EDMEIA MATTOS LAZZAROTTI,1100,,CENTRO,32600-004,DIESEL S10,03/01/2023,6.09,,R$ / litro,IPIRANGA,2023-11-21
SE,MG,BETIM,POSTO VILA AMARAL LTDA,03.785.237/0001-13,AVENIDA EDMEIA MATTOS LAZZAROTTI,1100,,CENTRO,32600-004,GASOLINA,03/01/2023,4.89,,R$ / litro,IPIRANGA,2023-11-21
SE,MG,CARATINGA,POSTO MALUQUINHO LTDA,05.910.170/0001-27,AVENIDA JOAO CAETANO DO NASCIMENTO,5,,SANTA ZITA,35300-104,ETANOL,02/01/2023,4.37,,R$ / litro,BRANCA,2023-11-21
SE,MG,CARATINGA,POSTO MALUQUINHO LTDA,05.910.170/0001-27,AVENIDA JOAO CAETANO DO NASCIMENTO,5,,SANTA ZITA,35300-104,DIESEL S10,02/01/2023,6.59,,R$ / litro,BRANCA,2023-11-21
SE,MG,CARATINGA,POSTO MALUQUINHO LTDA,05.910.170/0001-27,AVENIDA JOAO CAETANO DO NASCIMENTO,5,,SANTA ZITA,35300-104,GASOLINA,02/01/2023,5.55,,R$ / litro,BRANCA,2023-11-21
SE,MG,CARATINGA,GOMES E CIMINI LTDA,68.513.779/0001-82,AVENIDA PRESIDENTE TANCREDO NEVES,2749,POSTO,CENTRO,35300-102,ETANOL,02/01/2023,4.19,,R$ / litro,ALESAT,2023-11-21
SE,MG,CARATINGA,GOMES E CIMINI LTDA,68.513.779/0001-82,AVENIDA PRESIDENTE TANCREDO NEVES,2749,POSTO,CENTRO,35300-102,DIESEL S10,02/01/2023,6.29,,R$ / litro,ALESAT,2023-11-21
SE,MG,CARATINGA,GOMES E CIMINI LTDA,68.513.779/0001-82,AVENIDA PRESIDENTE TANCREDO NEVES,2749,POSTO,CENTRO,35300-102,DIESEL,02/01/2023,6.19,,R$ / litro,ALESAT,2023-11-21
SE,MG,CARATINGA,GOMES E CIMINI LTDA,68.513.779/0001-82,AVENIDA PRESIDENTE TANCREDO NEVES,2749,POSTO,CENTRO,35300-102,GASOLINA,02/01/2023,5.29,,R$ / litro,ALESAT,2023-11-21
SE,MG,CARATINGA,J MENDES DE AQUINO & CIA. LTDA,42.978.668/0001-58,PRACA CESARIO ALVIM,80,,,35300-036,ETANOL,02/01/2023,4.29,,R$ / litro,BRANCA,2023-11-21
SE,MG,CARATINGA,J MENDES DE AQUINO & CIA. LTDA,42.978.668/0001-58,PRACA CESARIO ALVIM,80,,,35300-036,GASOLINA ADITIVADA,02/01/2023,5.39,,R$ / litro,BRANCA,2023-11-21
SE,MG,CARATINGA,J MENDES DE AQUINO & CIA. LTDA,42.978.668/0001-58,PRACA CESARIO ALVIM,80,,,35300-036,GASOLINA,02/01/2023,5.39,,R$ / litro,BRANCA,2023-11-21
SE,MG,CARATINGA,POSTO BOA ESTRELA EIRELI,20.811.410/0001-20,AVENIDA PRES TANCREDO NEVES,2812,A,ZACARIAS,35300-101,ETANOL,02/01/2023,4.39,,R$ / litro,VIBRA ENERGIA,2023-11-21
SE,MG,CARATINGA,POSTO BOA ESTRELA EIRELI,20.811.410/0001-20,AVENIDA PRES TANCREDO NEVES,2812,A,ZACARIAS,35300-101,DIESEL S10,02/01/2023,6.59,,R$ / litro,VIBRA ENERGIA,2023-11-21
SE,MG,CARATINGA,POSTO BOA ESTRELA EIRELI,20.811.410/0001-20,AVENIDA PRES TANCREDO NEVES,2812,A,ZACARIAS,35300-101,GASOLINA ADITIVADA,02/01/2023,5.39,,R$ / litro,VIBRA ENERGIA,2023-11-21
SE,MG,CONSELHEIRO LAFAIETE,POSTO DE COMBUSTÍVEIS LETÍCIA LTDA.,19.720.564/0001-27,MARGEM BR 040,24407,KM 628,SANTA CRUZ,36400-000,DIESEL S10,03/01/2023,6.44,,R$ / litro,IPIRANGA,2023-11-21
SE,MG,CONSELHEIRO LAFAIETE,POSTO DE COMBUSTÍVEIS LETÍCIA LTDA.,19.720.564/0001-27,MARGEM BR 040,24407,KM 628,SANTA CRUZ,36400-000,DIESEL,03/01/2023,6.3,,R$ / litro,IPIRANGA,2023-11-21
SE,MG,CONSELHEIRO LAFAIETE,POSTO DE COMBUSTÍVEIS LETÍCIA LTDA.,19.720.564/0001-27,MARGEM BR 040,24407,KM 628,SANTA CRUZ,36400-000,GASOLINA ADITIVADA,03/01/2023,5.1,,R$ / litro,IPIRANGA,2023-11-21
SE,MG,CONSELHEIRO LAFAIETE,POSTO DE COMBUSTÍVEIS LETÍCIA LTDA.,19.720.564/0001-27,MARGEM BR 040,24407,KM 628,SANTA CRUZ,36400-000,GASOLINA,03/01/2023,4.83,,R$ / litro,IPIRANGA,2023-11-21
SE,MG,CONSELHEIRO LAFAIETE,PETROVIA COMERCIO DE COMBUSTIVEIS,05.797.257/0001-30,AVENIDA PREFEITO TELESFORO CANDIDO DE REZENDE,817,,CENTRO,36400-056,ETANOL,03/01/2023,4.15,,R$ / litro,IPIRANGA,2023-11-21
SE,MG,CONSELHEIRO LAFAIETE,PETROVIA COMERCIO DE COMBUSTIVEIS,05.797.257/0001-30,AVENIDA PREFEITO TELESFORO CANDIDO DE REZENDE,817,,CENTRO,36400-056,DIESEL,03/01/2023,6.79,,R$ / litro,IPIRANGA,2023-11-21
SE,MG,CONSELHEIRO LAFAIETE,PETROVIA COMERCIO DE COMBUSTIVEIS,05.797.257/0001-30,AVENIDA PREFEITO TELESFORO CANDIDO DE REZENDE,817,,CENTRO,36400-056,GASOLINA ADITIVADA,03/01/2023,5.28,,R$ / litro,IPIRANGA,2023-11-21
SE,MG,CONSELHEIRO LAFAIETE,PETROVIA COMERCIO DE COMBUSTIVEIS,05.797.257/0001-30,AVENIDA PREFEITO TELESFORO CANDIDO DE REZENDE,817,,CENTRO,36400-056,GASOLINA,03/01/2023,5.18,,R$ / litro,IPIRANGA,2023-11-21
SE,MG,CONSELHEIRO LAFAIETE,POSTO MONTEIRO LTDA,04.973.540/0001-02,RUA JOSE FELICIO CARDOSO,172,,JARDIM AMERICA,36400-001,ETANOL,02/01/2023,3.99,,R$ / litro,BRANCA,2023-11-21
SE,MG,CONSELHEIRO LAFAIETE,POSTO MONTEIRO LTDA,04.973.540/0001-02,RUA JOSE FELICIO CARDOSO,172,,JARDIM AMERICA,36400-001,DIESEL S10,02/01/2023,6.98,,R$ / litro,BRANCA,2023-11-21
SE,MG,CONSELHEIRO LAFAIETE,POSTO MONTEIRO LTDA,04.973.540/0001-02,RUA JOSE FELICIO CARDOSO,172,,JARDIM AMERICA,36400-001,GASOLINA,02/01/2023,5.15,,R$ / litro,BRANCA,2023-11-21
SE,MG,CONSELHEIRO LAFAIETE,MS & FILHOS LTDA,04.008.565/0001-76,RUA ALFREDO ELIAS MAFUZ,540,,SANTA MATILDE,36405-100,ETANOL,02/01/2023,3.99,,R$ / litro,ALESAT,2023-11-21
SE,MG,CONSELHEIRO LAFAIETE,MS & FILHOS LTDA,04.008.565/0001-76,RUA ALFREDO ELIAS MAFUZ,540,,SANTA MATILDE,36405-100,DIESEL S10,02/01/2023,6.29,,R$ / litro,ALESAT,2023-11-21
SE,MG,CONSELHEIRO LAFAIETE,MS & FILHOS LTDA,04.008.565/0001-76,RUA ALFREDO ELIAS MAFUZ,540,,SANTA MATILDE,36405-100,GASOLINA,02/01/2023,5.15,,R$ / litro,ALESAT,2023-11-21
SE,MG,CONSELHEIRO LAFAIETE,POSTO POP LTDA,23.325.822/0001-48,PR GETULIO VARGAS,121,,CENTRO,36400-001,ETANOL,03/01/2023,3.99,,R$ / litro,BRANCA,2023-11-21
SE,MG,CONSELHEIRO LAFAIETE,POSTO POP LTDA,23.325.822/0001-48,PR GETULIO VARGAS,121,,CENTRO,36400-001,DIESEL S10,03/01/2023,6.35,,R$ / litro,BRANCA,2023-11-21
SE,MG,CONSELHEIRO LAFAIETE,POSTO POP LTDA,23.325.822/0001-48,PR GETULIO VARGAS,121,,CENTRO,36400-001,GASOLINA ADITIVADA,03/01/2023,5.29,,R$ / litro,BRANCA,2023-11-21
SE,MG,CONSELHEIRO LAFAIETE,POSTO POP LTDA,23.325.822/0001-48,PR GETULIO VARGAS,121,,CENTRO,36400-001,GASOLINA,03/01/2023,5.19,,R$ / litro,BRANCA,2023-11-21
SE,MG,CONTAGEM,POSTO VILA MARIA DIAS LTDA,08.986.856/0001-90,AVENIDA BABITA CAMARGOS,1330,,CIDADE INDUSTRIAL,32210-180,ETANOL,02/01/2023,4.39,,R$ / litro,IPIRANGA,2023-11-21
SE,MG,CONTAGEM,POSTO VILA MARIA DIAS LTDA,08.986.856/0001-90,AVENIDA BABITA CAMARGOS,1330,,CIDADE INDUSTRIAL,32210-180,DIESEL S10,02/01/2023,6.49,,R$ / litro,IPIRANGA,2023-11-21
SE,MG,CONTAGEM,POSTO VILA MARIA DIAS LTDA,08.986.856/0001-90,AVENIDA BABITA CAMARGOS,1330,,CIDADE INDUSTRIAL,32210-180,GASOLINA ADITIVADA,02/01/2023,5.99,,R$ / litro,IPIRANGA,2023-11-21
SE,MG,CONTAGEM,POSTO VILA MARIA DIAS LTDA,08.986.856/0001-90,AVENIDA BABITA CAMARGOS,1330,,CIDADE INDUSTRIAL,32210-180,GASOLINA,02/01/2023,5.89,,R$ / litro,IPIRANGA,2023-11-21
SE,MG,CONTAGEM,EMPREENDIMENTOS BRITO LIMA LTDA,03.812.019/0004-73,AVENIDA SEVERINO BALLESTEROS,256,,GUANABARA,32145-480,ETANOL,02/01/2023,4.95,,R$ / litro,VIBRA ENERGIA,2023-11-21
SE,MG,CONTAGEM,EMPREENDIMENTOS BRITO LIMA LTDA,03.812.019/0004-73,AVENIDA SEVERINO BALLESTEROS,256,,GUANABARA,32145-480,DIESEL S10,02/01/2023,6.77,,R$ / litro,VIBRA ENERGIA,2023-11-21
SE,MG,CONTAGEM,EMPREENDIMENTOS BRITO LIMA LTDA,03.812.019/0004-73,AVENIDA SEVERINO BALLESTEROS,256,,GUANABARA,32145-480,DIESEL,02/01/2023,6.67,,R$ / litro,VIBRA ENERGIA,2023-11-21
SE,MG,CONTAGEM,EMPREENDIMENTOS BRITO LIMA LTDA,03.812.019/0004-73,AVENIDA SEVERINO BALLESTEROS,256,,GUANABARA,32145-480,GASOLINA,02/01/2023,5.95,,R$ / litro,VIBRA ENERGIA,2023-11-21
SE,MG,CONTAGEM,POSTO ZEPPE OASIS LTDA,06.341.290/0001-13,VIA EXPRESSA,2600,,CINCO/PEROBAS,32370-485,ETANOL,02/01/2023,3.95,,R$ / litro,VIBRA ENERGIA,2023-11-21
SE,MG,CONTAGEM,POSTO ZEPPE OASIS LTDA,06.341.290/0001-13,VIA EXPRESSA,2600,,CINCO/PEROBAS,32370-485,DIESEL S10,02/01/2023,6.08,,R$ / litro,VIBRA ENERGIA,2023-11-21
SE,MG,CONTAGEM,POSTO ZEPPE OASIS LTDA,06.341.290/0001-13,VIA EXPRESSA,2600,,CINCO/PEROBAS,32370-485,DIESEL,02/01/2023,5.99,,R$ / litro,VIBRA ENERGIA,2023-11-21
SE,MG,CONTAGEM,POSTO ZEPPE OASIS LTDA,06.341.290/0001-13,VIA EXPRESSA,2600,,CINCO/PEROBAS,32370-485,GASOLINA,02/01/2023,4.99,,R$ / litro,VIBRA ENERGIA,2023-11-21
SE,MG,CONTAGEM,VENETO EMPREENDIMENTO COMERCIAL LTDA,05.655.316/0001-35,AVENIDA JOAO CESAR DE OLIVEIRA,4125,,NOVO ELDORADO,32341-001,ETANOL,02/01/2023,4.09,,R$ / litro,VIBRA ENERGIA,2023-11-21
SE,MG,CONTAGEM,VENETO EMPREENDIMENTO COMERCIAL LTDA,05.655.316/0001-35,AVENIDA JOAO CESAR DE OLIVEIRA,4125,,NOVO ELDORADO,32341-001,DIESEL S10,02/01/2023,6.39,,R$ / litro,VIBRA ENERGIA,2023-11-21
SE,MG,CONTAGEM,VENETO EMPREENDIMENTO COMERCIAL LTDA,05.655.316/0001-35,AVENIDA JOAO CESAR DE OLIVEIRA,4125,,NOVO ELDORADO,32341-001,GASOLINA,02/01/2023,5.09,,R$ / litro,VIBRA ENERGIA,2023-11-21
SE,MG,CONTAGEM,POSTO OLEGARIO MACIEL LTDA,17.158.627/0001-78,AVENIDA CORONEL BENJAMIM GUIMARAES,2288,,DISTRITO INDUSTRIAL,32223-000,ETANOL,02/01/2023,4.29,,R$ / litro,VIBRA ENERGIA,2023-11-21
SE,MG,CONTAGEM,POSTO OLEGARIO MACIEL LTDA,17.158.627/0001-78,AVENIDA CORONEL BENJAMIM GUIMARAES,2288,,DISTRITO INDUSTRIAL,32223-000,DIESEL S10,02/01/2023,6.49,,R$ / litro,VIBRA ENERGIA,2023-11-21
SE,MG,CONTAGEM,POSTO OLEGARIO MACIEL LTDA,17.158.627/0001-78,AVENIDA CORONEL BENJAMIM GUIMARAES,2288,,DISTRITO INDUSTRIAL,32223-000,DIESEL,02/01/2023,6.39,,R$ / litro,VIBRA ENERGIA,2023-11-21
SE,MG,CONTAGEM,POSTO OLEGARIO MACIEL LTDA,17.158.627/0001-78,AVENIDA CORONEL BENJAMIM GUIMARAES,2288,,DISTRITO INDUSTRIAL,32223-000,GASOLINA,02/01/2023,5.69,,R$ / litro,VIBRA ENERGIA,2023-11-21
SE,MG,CONTAGEM,FARIA REVENDEDORA DE COMBUSTIVEIS LTDA,04.373.546/0001-49,AVENIDA HELENA DE VASCONCELOS COSTA,4514,,CINCAO,32371-685,ETANOL,02/01/2023,3.99,,R$ / litro,RAIZEN,2023-11-21
SE,MG,CONTAGEM,FARIA REVENDEDORA DE COMBUSTIVEIS LTDA,04.373.546/0001-49,AVENIDA HELENA DE VASCONCELOS COSTA,4514,,CINCAO,32371-685,DIESEL S10,02/01/2023,6.09,,R$ / litro,RAIZEN,2023-11-21
SE,MG,CONTAGEM,FARIA REVENDEDORA DE COMBUSTIVEIS LTDA,04.373.546/0001-49,AVENIDA HELENA DE VASCONCELOS COSTA,4514,,CINCAO,32371-685,DIESEL,02/01/2023,5.99,,R$ / litro,RAIZEN,2023-11-21
SE,MG,CONTAGEM,FARIA REVENDEDORA DE COMBUSTIVEIS LTDA,04.373.546/0001-49,AVENIDA HELENA DE VASCONCELOS COSTA,4514,,CINCAO,32371-685,GASOLINA,02/01/2023,4.99,,R$ / litro,RAIZEN,2023-11-21
SE,MG,CONTAGEM,FERREIRA PARTICIPACOES E EMPREENDIMENTOS LTDA,00.671.320/0001-73,RUA CORONEL AUGUSTO CAMARGOS,301,,NSRA DO CARMO,32015-740,ETANOL,02/01/2023,3.84,,R$ / litro,ALESAT,2023-11-21
SE,MG,CONTAGEM,FERREIRA PARTICIPACOES E EMPREENDIMENTOS LTDA,00.671.320/0001-73,RUA CORONEL AUGUSTO CAMARGOS,301,,NSRA DO CARMO,32015-740,DIESEL,02/01/2023,5.98,,R$ / litro,ALESAT,2023-11-21
SE,MG,CONTAGEM,FERREIRA PARTICIPACOES E EMPREENDIMENTOS LTDA,00.671.320/0001-73,RUA CORONEL AUGUSTO CAMARGOS,301,,NSRA DO CARMO,32015-740,GASOLINA,02/01/2023,4.98,,R$ / litro,ALESAT,2023-11-21
SE,MG,CONTAGEM,RIO GRANDE COMBUSTIVEIS LTDA,03.754.139/0001-19,PRACA PAULO PINHEIRO CHAGAS,217,,ELDORADO,32341-350,ETANOL,02/01/2023,4.79,,R$ / litro,IPIRANGA,2023-11-21
SE,MG,CONTAGEM,RIO GRANDE COMBUSTIVEIS LTDA,03.754.139/0001-19,PRACA PAULO PINHEIRO CHAGAS,217,,ELDORADO,32341-350,GASOLINA,02/01/2023,5.79,,R$ / litro,IPIRANGA,2023-11-21
SE,MG,CONTAGEM,MILLENIUM-COMERCIO DE DERIVADOS DE PETROLEO LTDA,03.808.767/0001-30,RUA TOMAZ DE ANDRADE,85,,INDUSTRIAL-3 SECAO,32223-000,ETANOL,02/01/2023,4.39,,R$ / litro,IPIRANGA,2023-11-21
SE,MG,CONTAGEM,MILLENIUM-COMERCIO DE DERIVADOS DE PETROLEO LTDA,03.808.767/0001-30,RUA TOMAZ DE ANDRADE,85,,INDUSTRIAL-3 SECAO,32223-000,GASOLINA,02/01/2023,5.79,,R$ / litro,IPIRANGA,2023-11-21
SE,MG,CONTAGEM,POSTO CRUZEIRO DO SUL LTDA,19.857.085/0001-57,RUA HUMBERTO DE MORO,500,,INCONFIDENTES,32260-000,ETANOL,02/01/2023,4.39,,R$ / litro,IPIRANGA,2023-11-21
SE,MG,CONTAGEM,POSTO CRUZEIRO DO SUL LTDA,19.857.085/0001-57,RUA HUMBERTO DE MORO,500,,INCONFIDENTES,32260-000,GASOLINA ADITIVADA,02/01/2023,5.69,,R$ / litro,IPIRANGA,2023-11-21
SE,MG,CONTAGEM,POSTO CRUZEIRO DO SUL LTDA,19.857.085/0001-57,RUA HUMBERTO DE MORO,500,,INCONFIDENTES,32260-000,GASOLINA,02/01/2023,5.79,,R$ / litro,IPIRANGA,2023-11-21
SE,MG,CONTAGEM,POSTO VIP LTDA,17.261.819/0001-05,AVENIDA JOSE FARIA DA ROCHA,3347,,CIDADE JD ELDORADO,32310-210,ETANOL,02/01/2023,4.45,,R$ / litro,RAIZEN,2023-11-21
SE,MG,CONTAGEM,POSTO VIP LTDA,17.261.819/0001-05,AVENIDA JOSE FARIA DA ROCHA,3347,,CIDADE JD ELDORADO,32310-210,GASOLINA,02/01/2023,4.95,,R$ / litro,RAIZEN,2023-11-21
SE,MG,CONTAGEM,POSTO QUATRO RODAS LTDA,16.696.445/0001-98,AVENIDA TITO FULGENCIO,950,,JARDIM INDUSTRIAL,32215-000,GASOLINA ADITIVADA,02/01/2023,5.09,,R$ / litro,IPIRANGA,2023-11-21
SE,MG,CONTAGEM,POSTO QUATRO RODAS LTDA,16.696.445/0001-98,AVENIDA TITO FULGENCIO,950,,JARDIM INDUSTRIAL,32215-000,GASOLINA,02/01/2023,4.89,,R$ / litro,IPIRANGA,2023-11-21
SE,MG,CONTAGEM,POSTO QUATRO RODAS LTDA,16.696.445/0001-98,AVENIDA TITO FULGENCIO,950,,JARDIM INDUSTRIAL,32215-000,GNV,02/01/2023,4.99,,R$ / m³,IPIRANGA,2023-11-21
SE,MG,CONTAGEM,POSTO QUATRO RODAS LTDA,16.696.445/0001-98,AVENIDA TITO FULGENCIO,950,,JARDIM INDUSTRIAL,32215-000,ETANOL,02/01/2023,3.89,,R$ / litro,IPIRANGA,2023-11-21
SE,MG,CONTAGEM,POSTO QUATRO RODAS LTDA,16.696.445/0001-98,AVENIDA TITO FULGENCIO,950,,JARDIM INDUSTRIAL,32215-000,DIESEL S10,02/01/2023,6.09,,R$ / litro,IPIRANGA,2023-11-21
SE,MG,CONTAGEM,LOYOLA & ABREU LTDA.,04.029.462/0001-92,AVENIDA CORONEL BENJAMIM GUIMARAES,556,,INDUSTRIAL,32235-000,ETANOL,02/01/2023,3.99,,R$ / litro,IPIRANGA,2023-11-21
SE,MG,CONTAGEM,LOYOLA & ABREU LTDA.,04.029.462/0001-92,AVENIDA CORONEL BENJAMIM GUIMARAES,556,,INDUSTRIAL,32235-000,GASOLINA,02/01/2023,4.99,,R$ / litro,IPIRANGA,2023-11-21
SE,MG,CONTAGEM,POSTO MISSISSIPPI LTDA,01.687.534/0001-09,AVENIDA ESTRELA DALVA,44,,JD.RIACHO DAS PEDRAS,32241-260,ETANOL,03/01/2023,4.27,,R$ / litro,BRANCA,2023-11-21
SE,MG,CONTAGEM,POSTO MISSISSIPPI LTDA,01.687.534/0001-09,AVENIDA ESTRELA DALVA,44,,JD.RIACHO DAS PEDRAS,32241-260,DIESEL S10,03/01/2023,6.49,,R$ / litro,BRANCA,2023-11-21
SE,MG,CONTAGEM,POSTO MISSISSIPPI LTDA,01.687.534/0001-09,AVENIDA ESTRELA DALVA,44,,JD.RIACHO DAS PEDRAS,32241-260,DIESEL,03/01/2023,6.39,,R$ / litro,BRANCA,2023-11-21
SE,MG,CONTAGEM,POSTO MISSISSIPPI LTDA,01.687.534/0001-09,AVENIDA ESTRELA DALVA,44,,JD.RIACHO DAS PEDRAS,32241-260,GASOLINA,03/01/2023,5.18,,R$ / litro,BRANCA,2023-11-21
SE,MG,CONTAGEM,POSTO TROVAO LTDA,01.333.257/0001-28,AVENIDA TITO FULGENCIO,1189,,JARDIM INDUSTRIAL,32215-000,ETANOL,02/01/2023,3.89,,R$ / litro,VIBRA ENERGIA,2023-11-21
SE,MG,CONTAGEM,POSTO TROVAO LTDA,01.333.257/0001-28,AVENIDA TITO FULGENCIO,1189,,JARDIM INDUSTRIAL,32215-000,DIESEL S10,02/01/2023,6.07,,R$ / litro,VIBRA ENERGIA,2023-11-21
SE,MG,CONTAGEM,POSTO TROVAO LTDA,01.333.257/0001-28,AVENIDA TITO FULGENCIO,1189,,JARDIM INDUSTRIAL,32215-000,DIESEL,02/01/2023,5.97,,R$ / litro,VIBRA ENERGIA,2023-11-21
SE,MG,CONTAGEM,POSTO TROVAO LTDA,01.333.257/0001-28,AVENIDA TITO FULGENCIO,1189,,JARDIM INDUSTRIAL,32215-000,GASOLINA,02/01/2023,4.89,,R$ / litro,VIBRA ENERGIA,2023-11-21
SE,MG,CONTAGEM,POSTO TROVAO LTDA,01.333.257/0001-28,AVENIDA TITO FULGENCIO,1189,,JARDIM INDUSTRIAL,32215-000,GNV,02/01/2023,4.99,,R$ / m³,VIBRA ENERGIA,2023-11-21
SE,MG,CONTAGEM,POSTO OKLAHOMA LTDA,00.688.814/0001-60,RUA TIRADENTES,1904,,INDUSTRIAL,32230-020,ETANOL,03/01/2023,3.89,,R$ / litro,RAIZEN,2023-11-21
SE,MG,CONTAGEM,POSTO OKLAHOMA LTDA,00.688.814/0001-60,RUA TIRADENTES,1904,,INDUSTRIAL,32230-020,DIESEL S10,03/01/2023,6.47,,R$ / litro,RAIZEN,2023-11-21
SE,MG,CONTAGEM,POSTO OKLAHOMA LTDA,00.688.814/0001-60,RUA TIRADENTES,1904,,INDUSTRIAL,32230-020,DIESEL,03/01/2023,6.37,,R$ / litro,RAIZEN,2023-11-21
SE,MG,CONTAGEM,POSTO OKLAHOMA LTDA,00.688.814/0001-60,RUA TIRADENTES,1904,,INDUSTRIAL,32230-020,GASOLINA ADITIVADA,03/01/2023,5.19,,R$ / litro,RAIZEN,2023-11-21
SE,MG,CONTAGEM,POSTO OKLAHOMA LTDA,00.688.814/0001-60,RUA TIRADENTES,1904,,INDUSTRIAL,32230-020,GASOLINA,03/01/2023,4.89,,R$ / litro,RAIZEN,2023-11-21
SE,MG,CURVELO,AUTO POSTO VIANA LTDA,19.790.195/0001-49,AVENIDA ANTONIO OLINTO,475,,CENTRO,35790-000,ETANOL,04/01/2023,4.09,,R$ / litro,VIBRA ENERGIA,2023-11-21
SE,MG,CURVELO,AUTO POSTO VIANA LTDA,19.790.195/0001-49,AVENIDA ANTONIO OLINTO,475,,CENTRO,35790-000,DIESEL S10,04/01/2023,6.37,,R$ / litro,VIBRA ENERGIA,2023-11-21
SE,MG,CURVELO,AUTO POSTO VIANA LTDA,19.790.195/0001-49,AVENIDA ANTONIO OLINTO,475,,CENTRO,35790-000,DIESEL,04/01/2023,6.27,,R$ / litro,VIBRA ENERGIA,2023-11-21
SE,MG,CURVELO,AUTO POSTO VIANA LTDA,19.790.195/0001-49,AVENIDA ANTONIO OLINTO,475,,CENTRO,35790-000,GASOLINA ADITIVADA,04/01/2023,5.29,,R$ / litro,VIBRA ENERGIA,2023-11-21
SE,MG,CURVELO,AUTO POSTO VIANA LTDA,19.790.195/0001-49,AVENIDA ANTONIO OLINTO,475,,CENTRO,35790-000,GASOLINA,04/01/2023,5.19,,R$ / litro,VIBRA ENERGIA,2023-11-21
SE,MG,CURVELO,POSTO LODETHI LTDA,03.394.890/0001-51,RUA AFONSO PENA,750,,CENTRO,35790-000,ETANOL,04/01/2023,3.93,,R$ / litro,ALESAT,2023-11-21
SE,MG,CURVELO,POSTO LODETHI LTDA,03.394.890/0001-51,RUA AFONSO PENA,750,,CENTRO,35790-000,DIESEL S10,04/01/2023,6.15,,R$ / litro,ALESAT,2023-11-21
SE,MG,CURVELO,POSTO LODETHI LTDA,03.394.890/0001-51,RUA AFONSO PENA,750,,CENTRO,35790-000,GASOLINA,04/01/2023,5.09,,R$ / litro,ALESAT,2023-11-21
SE,MG,DIVINOPOLIS,PREMIUM COMERCIO DE COMBUSTIVEIS LTDA,08.326.895/0001-60,RUA GOIAS,1075,,CENTRO,35500-001,ETANOL,03/01/2023,4.09,,R$ / litro,IPIRANGA,2023-11-21
SE,MG,DIVINOPOLIS,PREMIUM COMERCIO DE COMBUSTIVEIS LTDA,08.326.895/0001-60,RUA GOIAS,1075,,CENTRO,35500-001,DIESEL S10,03/01/2023,6.79,,R$ / litro,IPIRANGA,2023-11-21
SE,MG,DIVINOPOLIS,PREMIUM COMERCIO DE COMBUSTIVEIS LTDA,08.326.895/0001-60,RUA GOIAS,1075,,CENTRO,35500-001,GASOLINA ADITIVADA,03/01/2023,5.29,,R$ / litro,IPIRANGA,2023-11-21
SE,MG,DIVINOPOLIS,PREMIUM COMERCIO DE COMBUSTIVEIS LTDA,08.326.895/0001-60,RUA GOIAS,1075,,CENTRO,35500-001,GASOLINA,03/01/2023,5.09,,R$ / litro,IPIRANGA,2023-11-21
SE,MG,DIVINOPOLIS,POSTO DE COMBUSTIVEL VILA CRUZEIRO LIMITADA,06.934.844/0001-96,AVENIDA SETE DE SETEMBRO,1623,,VILA CRUZEIRO,35500-011,ETANOL,03/01/2023,3.99,,R$ / litro,IPIRANGA,2023-11-21
SE,MG,DIVINOPOLIS,POSTO DE COMBUSTIVEL VILA CRUZEIRO LIMITADA,06.934.844/0001-96,AVENIDA SETE DE SETEMBRO,1623,,VILA CRUZEIRO,35500-011,DIESEL S10,03/01/2023,6.49,,R$ / litro,IPIRANGA,2023-11-21
SE,MG,DIVINOPOLIS,POSTO DE COMBUSTIVEL VILA CRUZEIRO LIMITADA,06.934.844/0001-96,AVENIDA SETE DE SETEMBRO,1623,,VILA CRUZEIRO,35500-011,GASOLINA ADITIVADA,03/01/2023,5.29,,R$ / litro,IPIRANGA,2023-11-21
SE,MG,DIVINOPOLIS,POSTO DE COMBUSTIVEL VILA CRUZEIRO LIMITADA,06.934.844/0001-96,AVENIDA SETE DE SETEMBRO,1623,,VILA CRUZEIRO,35500-011,GASOLINA,03/01/2023,4.99,,R$ / litro,IPIRANGA,2023-11-21
SE,MG,DIVINOPOLIS,AUTO POSTO MATO GROSSO LTDA,03.014.698/0001-92,RUA MINAS GERAIS,1051,,CENTRO,35500-007,ETANOL,03/01/2023,3.95,,R$ / litro,BRANCA,2023-11-21
SE,MG,DIVINOPOLIS,AUTO POSTO MATO GROSSO LTDA,03.014.698/0001-92,RUA MINAS GERAIS,1051,,CENTRO,35500-007,DIESEL S10,03/01/2023,6.09,,R$ / litro,BRANCA,2023-11-21
SE,MG,DIVINOPOLIS,AUTO POSTO MATO GROSSO LTDA,03.014.698/0001-92,RUA MINAS GERAIS,1051,,CENTRO,35500-007,GASOLINA,03/01/2023,4.93,,R$ / litro,BRANCA,2023-11-21
SE,MG,DIVINOPOLIS,MASTER AUTO POSTO LTDA.,03.762.040/0001-69,AVENIDA JK,2135,,BOM PASTOR,35500-155,ETANOL,04/01/2023,4.05,,R$ / litro,VIBRA ENERGIA,2023-11-21
SE,MG,DIVINOPOLIS,MASTER AUTO POSTO LTDA.,03.762.040/0001-69,AVENIDA JK,2135,,BOM PASTOR,35500-155,DIESEL,04/01/2023,6.39,,R$ / litro,VIBRA ENERGIA,2023-11-21
SE,MG,DIVINOPOLIS,MASTER AUTO POSTO LTDA.,03.762.040/0001-69,AVENIDA JK,2135,,BOM PASTOR,35500-155,GASOLINA ADITIVADA,04/01/2023,5.25,,R$ / litro,VIBRA ENERGIA,2023-11-21
SE,MG,DIVINOPOLIS,MASTER AUTO POSTO LTDA.,03.762.040/0001-69,AVENIDA JK,2135,,BOM PASTOR,35500-155,GASOLINA,04/01/2023,5.05,,R$ / litro,VIBRA ENERGIA,2023-11-21
SE,MG,DIVINOPOLIS,POSTO LAVA JATO LTDA,20.159.778/0001-55,RUA JK,2078,,BOM PASTOR,35500-155,ETANOL,04/01/2023,4.05,,R$ / litro,IPIRANGA,2023-11-21
SE,MG,DIVINOPOLIS,POSTO LAVA JATO LTDA,20.159.778/0001-55,RUA JK,2078,,BOM PASTOR,35500-155,DIESEL S10,04/01/2023,6.44,,R$ / litro,IPIRANGA,2023-11-21
SE,MG,DIVINOPOLIS,POSTO LAVA JATO LTDA,20.159.778/0001-55,RUA JK,2078,,BOM PASTOR,35500-155,GASOLINA,04/01/2023,5.05,,R$ / litro,IPIRANGA,2023-11-21
SE,MG,DIVINOPOLIS,AUTO POSTO INTERLAGOS LTDA,03.646.827/0001-65,RUA DOLORES DE AGUIAR RABELO,358,,INTERLAGOS,35500-491,ETANOL,03/01/2023,3.9,,R$ / litro,BRANCA,2023-11-21
SE,MG,DIVINOPOLIS,AUTO POSTO INTERLAGOS LTDA,03.646.827/0001-65,RUA DOLORES DE AGUIAR RABELO,358,,INTERLAGOS,35500-491,DIESEL,03/01/2023,5.99,,R$ / litro,BRANCA,2023-11-21
SE,MG,DIVINOPOLIS,AUTO POSTO INTERLAGOS LTDA,03.646.827/0001-65,RUA DOLORES DE AGUIAR RABELO,358,,INTERLAGOS,35500-491,GASOLINA,03/01/2023,4.95,,R$ / litro,BRANCA,2023-11-21
SE,MG,DIVINOPOLIS,POSTO SERVE BEM LIMITADA,19.414.788/0001-00,RUA GOIAS,540,,PORTO VELHO,35500-433,ETANOL,03/01/2023,4.05,,R$ / litro,IPIRANGA,2023-11-21
SE,MG,DIVINOPOLIS,POSTO SERVE BEM LIMITADA,19.414.788/0001-00,RUA GOIAS,540,,PORTO VELHO,35500-433,DIESEL S10,03/01/2023,6.28,,R$ / litro,IPIRANGA,2023-11-21
SE,MG,DIVINOPOLIS,POSTO SERVE BEM LIMITADA,19.414.788/0001-00,RUA GOIAS,540,,PORTO VELHO,35500-433,DIESEL,03/01/2023,6.18,,R$ / litro,IPIRANGA,2023-11-21
SE,MG,DIVINOPOLIS,POSTO SERVE BEM LIMITADA,19.414.788/0001-00,RUA GOIAS,540,,PORTO VELHO,35500-433,GASOLINA,03/01/2023,5.05,,R$ / litro,IPIRANGA,2023-11-21
SE,MG,DIVINOPOLIS,POSTO MINAS GERAIS LTDA,16.773.939/0001-29,RUA GOIAS,585,,PORTO VELHO,35500-433,DIESEL S10,03/01/2023,6.38,,R$ / litro,BRANCA,2023-11-21
SE,MG,DIVINOPOLIS,POSTO MINAS GERAIS LTDA,16.773.939/0001-29,RUA GOIAS,585,,PORTO VELHO,35500-433,DIESEL,03/01/2023,6.28,,R$ / litro,BRANCA,2023-11-21
SE,MG,DIVINOPOLIS,AUTO POSTO SC LTDA,02.391.574/0001-63,AVENIDA SETE DE SETEMBRO,740,,SANTA CLARA,35500-188,ETANOL,03/01/2023,4.49,,R$ / litro,VIBRA ENERGIA,2023-11-21
SE,MG,DIVINOPOLIS,AUTO POSTO SC LTDA,02.391.574/0001-63,AVENIDA SETE DE SETEMBRO,740,,SANTA CLARA,35500-188,DIESEL S10,03/01/2023,6.68,,R$ / litro,VIBRA ENERGIA,2023-11-21
SE,MG,DIVINOPOLIS,AUTO POSTO SC LTDA,02.391.574/0001-63,AVENIDA SETE DE SETEMBRO,740,,SANTA CLARA,35500-188,GASOLINA ADITIVADA,03/01/2023,5.19,,R$ / litro,VIBRA ENERGIA,2023-11-21
SE,MG,DIVINOPOLIS,AUTO POSTO SC LTDA,02.391.574/0001-63,AVENIDA SETE DE SETEMBRO,740,,SANTA CLARA,35500-188,GASOLINA,03/01/2023,5.19,,R$ / litro,VIBRA ENERGIA,2023-11-21
SE,MG,FORMIGA,2000 ABASTECIMENTO E SERVICOS LTDA,03.896.246/0001-81,AVENIDA ABILIO MACHADO,300,,SAGR COR DE JESUS,35570-000,ETANOL,05/01/2023,4.29,,R$ / litro,BRANCA,2023-11-21
SE,MG,FORMIGA,2000 ABASTECIMENTO E SERVICOS LTDA,03.896.246/0001-81,AVENIDA ABILIO MACHADO,300,,SAGR COR DE JESUS,35570-000,DIESEL S10,05/01/2023,6.54,,R$ / litro,BRANCA,2023-11-21
SE,MG,FORMIGA,2000 ABASTECIMENTO E SERVICOS LTDA,03.896.246/0001-81,AVENIDA ABILIO MACHADO,300,,SAGR COR DE JESUS,35570-000,GASOLINA ADITIVADA,05/01/2023,5.19,,R$ / litro,BRANCA,2023-11-21
SE,MG,FORMIGA,2000 ABASTECIMENTO E SERVICOS LTDA,03.896.246/0001-81,AVENIDA ABILIO MACHADO,300,,SAGR COR DE JESUS,35570-000,GASOLINA,05/01/2023,5.19,,R$ / litro,BRANCA,2023-11-21
SE,MG,FORMIGA,POSTO JIPAO LTDA,02.217.881/0001-22,AVENIDA BRASIL,1100,,MANGABEIRAS,35570-000,ETANOL,05/01/2023,3.82,,R$ / litro,BRANCA,2023-11-21
SE,MG,FORMIGA,POSTO JIPAO LTDA,02.217.881/0001-22,AVENIDA BRASIL,1100,,MANGABEIRAS,35570-000,DIESEL S10,05/01/2023,5.87,,R$ / litro,BRANCA,2023-11-21
SE,MG,FORMIGA,POSTO JIPAO LTDA,02.217.881/0001-22,AVENIDA BRASIL,1100,,MANGABEIRAS,35570-000,GASOLINA,05/01/2023,4.93,,R$ / litro,BRANCA,2023-11-21
SE,MG,FRUTAL,AUTO POSTO AVENIDAS FRUTAL LTDA,05.266.995/0001-50,AVENIDA BRASILIA,130,,N SRA APARECIDA,38200-000,ETANOL,03/01/2023,3.89,,R$ / litro,BRANCA,2023-11-21
SE,MG,FRUTAL,AUTO POSTO AVENIDAS FRUTAL LTDA,05.266.995/0001-50,AVENIDA BRASILIA,130,,N SRA APARECIDA,38200-000,DIESEL S10,03/01/2023,6.1,,R$ / litro,BRANCA,2023-11-21
SE,MG,FRUTAL,AUTO POSTO AVENIDAS FRUTAL LTDA,05.266.995/0001-50,AVENIDA BRASILIA,130,,N SRA APARECIDA,38200-000,DIESEL,03/01/2023,5.99,,R$ / litro,BRANCA,2023-11-21
SE,MG,FRUTAL,AUTO POSTO AVENIDAS FRUTAL LTDA,05.266.995/0001-50,AVENIDA BRASILIA,130,,N SRA APARECIDA,38200-000,GASOLINA,03/01/2023,4.99,,R$ / litro,BRANCA,2023-11-21
SE,MG,FRUTAL,POSTO TRIANGULO LTDA,20.545.067/0001-19,PRACA NOSSA SENHORA DA ABADIA,5,,CENTRO,38200-000,ETANOL,03/01/2023,3.99,,R$ / litro,ALESAT,2023-11-21
SE,MG,FRUTAL,POSTO TRIANGULO LTDA,20.545.067/0001-19,PRACA NOSSA SENHORA DA ABADIA,5,,CENTRO,38200-000,DIESEL S10,03/01/2023,6.94,,R$ / litro,ALESAT,2023-11-21
SE,MG,FRUTAL,POSTO TRIANGULO LTDA,20.545.067/0001-19,PRACA NOSSA SENHORA DA ABADIA,5,,CENTRO,38200-000,DIESEL,03/01/2023,6.89,,R$ / litro,ALESAT,2023-11-21
SE,MG,FRUTAL,POSTO TRIANGULO LTDA,20.545.067/0001-19,PRACA NOSSA SENHORA DA ABADIA,5,,CENTRO,38200-000,GASOLINA,03/01/2023,5.19,,R$ / litro,ALESAT,2023-11-21
SE,MG,FRUTAL,AUTO POSTO FAROL DA PRACA LTDA,04.631.268/0001-82,RUA DELFIM MOREIRA,102,,CENTRO,38200-000,ETANOL,03/01/2023,4.19,,R$ / litro,VIBRA ENERGIA,2023-11-21
SE,MG,FRUTAL,AUTO POSTO FAROL DA PRACA LTDA,04.631.268/0001-82,RUA DELFIM MOREIRA,102,,CENTRO,38200-000,DIESEL S10,03/01/2023,7.39,,R$ / litro,VIBRA ENERGIA,2023-11-21
SE,MG,FRUTAL,AUTO POSTO FAROL DA PRACA LTDA,04.631.268/0001-82,RUA DELFIM MOREIRA,102,,CENTRO,38200-000,GASOLINA,03/01/2023,5.59,,R$ / litro,VIBRA ENERGIA,2023-11-21
SE,MG,GOVERNADOR VALADARES,POSTO SECULO XXI LTDA,01.493.366/0001-02,AVENIDA DOUTOR RAIMUNDO MONTEIRO REZENDE,4345,,ALTINOPOLIS,35053-680,ETANOL,03/01/2023,4.05,,R$ / litro,IPIRANGA,2023-11-21
SE,MG,GOVERNADOR VALADARES,POSTO SECULO XXI LTDA,01.493.366/0001-02,AVENIDA DOUTOR RAIMUNDO MONTEIRO REZENDE,4345,,ALTINOPOLIS,35053-680,DIESEL S10,03/01/2023,6.39,,R$ / litro,IPIRANGA,2023-11-21
SE,MG,GOVERNADOR VALADARES,POSTO SECULO XXI LTDA,01.493.366/0001-02,AVENIDA DOUTOR RAIMUNDO MONTEIRO REZENDE,4345,,ALTINOPOLIS,35053-680,GASOLINA ADITIVADA,03/01/2023,5.35,,R$ / litro,IPIRANGA,2023-11-21
SE,MG,GOVERNADOR VALADARES,POSTO SECULO XXI LTDA,01.493.366/0001-02,AVENIDA DOUTOR RAIMUNDO MONTEIRO REZENDE,4345,,ALTINOPOLIS,35053-680,GASOLINA,03/01/2023,5.25,,R$ / litro,IPIRANGA,2023-11-21
SE,MG,GOVERNADOR VALADARES,CM COMERCIO DE COMBUSTIVEIS SP LTDA,07.668.145/0001-04,AVENIDA MOACIR PALETA,307,,SAO PEDRO,35020-360,ETANOL,02/01/2023,3.95,,R$ / litro,BRANCA,2023-11-21
SE,MG,GOVERNADOR VALADARES,CM COMERCIO DE COMBUSTIVEIS SP LTDA,07.668.145/0001-04,AVENIDA MOACIR PALETA,307,,SAO PEDRO,35020-360,DIESEL S10,02/01/2023,6.05,,R$ / litro,BRANCA,2023-11-21
SE,MG,GOVERNADOR VALADARES,CM COMERCIO DE COMBUSTIVEIS SP LTDA,07.668.145/0001-04,AVENIDA MOACIR PALETA,307,,SAO PEDRO,35020-360,GASOLINA ADITIVADA,02/01/2023,4.98,,R$ / litro,BRANCA,2023-11-21
SE,MG,GOVERNADOR VALADARES,CM COMERCIO DE COMBUSTIVEIS SP LTDA,07.668.145/0001-04,AVENIDA MOACIR PALETA,307,,SAO PEDRO,35020-360,GASOLINA,02/01/2023,4.98,,R$ / litro,BRANCA,2023-11-21
SE,MG,GOVERNADOR VALADARES,AUTO POSTO BELO VALE LTDA,03.605.837/0001-52,AVENIDA RIO BAHIA,418,,VILA BRETAS,35030-000,ETANOL,02/01/2023,4.05,,R$ / litro,IPIRANGA,2023-11-21
SE,MG,GOVERNADOR VALADARES,AUTO POSTO BELO VALE LTDA,03.605.837/0001-52,AVENIDA RIO BAHIA,418,,VILA BRETAS,35030-000,DIESEL S10,02/01/2023,6.39,,R$ / litro,IPIRANGA,2023-11-21
SE,MG,GOVERNADOR VALADARES,AUTO POSTO BELO VALE LTDA,03.605.837/0001-52,AVENIDA RIO BAHIA,418,,VILA BRETAS,35030-000,DIESEL,02/01/2023,6.19,,R$ / litro,IPIRANGA,2023-11-21
SE,MG,GOVERNADOR VALADARES,AUTO POSTO BELO VALE LTDA,03.605.837/0001-52,AVENIDA RIO BAHIA,418,,VILA BRETAS,35030-000,GASOLINA ADITIVADA,02/01/2023,5.35,,R$ / litro,IPIRANGA,2023-11-21
SE,MG,GOVERNADOR VALADARES,AUTO POSTO BELO VALE LTDA,03.605.837/0001-52,AVENIDA RIO BAHIA,418,,VILA BRETAS,35030-000,GASOLINA,02/01/2023,5.25,,R$ / litro,IPIRANGA,2023-11-21
SE,MG,GOVERNADOR VALADARES,POSTO MG7 LTDA,06.165.449/0001-96,AVENIDA ENGENHEIRO ROBERTO LASSANCE,939,,VILA ISA,35044-080,ETANOL,02/01/2023,3.95,,R$ / litro,IPIRANGA,2023-11-21
SE,MG,GOVERNADOR VALADARES,POSTO MG7 LTDA,06.165.449/0001-96,AVENIDA ENGENHEIRO ROBERTO LASSANCE,939,,VILA ISA,35044-080,DIESEL S10,02/01/2023,6.47,,R$ / litro,IPIRANGA,2023-11-21
SE,MG,GOVERNADOR VALADARES,POSTO MG7 LTDA,06.165.449/0001-96,AVENIDA ENGENHEIRO ROBERTO LASSANCE,939,,VILA ISA,35044-080,DIESEL,02/01/2023,6.37,,R$ / litro,IPIRANGA,2023-11-21
SE,MG,GOVERNADOR VALADARES,POSTO MG7 LTDA,06.165.449/0001-96,AVENIDA ENGENHEIRO ROBERTO LASSANCE,939,,VILA ISA,35044-080,GASOLINA ADITIVADA,02/01/2023,5.35,,R$ / litro,IPIRANGA,2023-11-21
SE,MG,GOVERNADOR VALADARES,POSTO MG7 LTDA,06.165.449/0001-96,AVENIDA ENGENHEIRO ROBERTO LASSANCE,939,,VILA ISA,35044-080,GASOLINA,02/01/2023,5.25,,R$ / litro,IPIRANGA,2023-11-21
SE,MG,GOVERNADOR VALADARES,NORTE GV COMBUSTIVEIS LTDA,06.289.407/0001-67,AVENIDA JK,1150,,SAO PAULO,35030-210,ETANOL,03/01/2023,4.05,,R$ / litro,IPIRANGA,2023-11-21
SE,MG,GOVERNADOR VALADARES,NORTE GV COMBUSTIVEIS LTDA,06.289.407/0001-67,AVENIDA JK,1150,,SAO PAULO,35030-210,DIESEL S10,03/01/2023,6.15,,R$ / litro,IPIRANGA,2023-11-21
SE,MG,GOVERNADOR VALADARES,NORTE GV COMBUSTIVEIS LTDA,06.289.407/0001-67,AVENIDA JK,1150,,SAO PAULO,35030-210,GASOLINA ADITIVADA,03/01/2023,5.35,,R$ / litro,IPIRANGA,2023-11-21
SE,MG,GOVERNADOR VALADARES,NORTE GV COMBUSTIVEIS LTDA,06.289.407/0001-67,AVENIDA JK,1150,,SAO PAULO,35030-210,GASOLINA,03/01/2023,5.25,,R$ / litro,IPIRANGA,2023-11-21
SE,MG,GOVERNADOR VALADARES,AUTO POSTO COPAC LTDA,18.461.038/0001-27,RUA ISRAEL PINHEIRO,3612,,CENTRO,35010-131,ETANOL,02/01/2023,4.05,,R$ / litro,BRANCA,2023-11-21
SE,MG,GOVERNADOR VALADARES,AUTO POSTO COPAC LTDA,18.461.038/0001-27,RUA ISRAEL PINHEIRO,3612,,CENTRO,35010-131,DIESEL S10,02/01/2023,6.05,,R$ / litro,BRANCA,2023-11-21
SE,MG,GOVERNADOR VALADARES,AUTO POSTO COPAC LTDA,18.461.038/0001-27,RUA ISRAEL PINHEIRO,3612,,CENTRO,35010-131,GASOLINA ADITIVADA,02/01/2023,5.25,,R$ / litro,BRANCA,2023-11-21
SE,MG,GOVERNADOR VALADARES,AUTO POSTO COPAC LTDA,18.461.038/0001-27,RUA ISRAEL PINHEIRO,3612,,CENTRO,35010-131,GASOLINA,02/01/2023,5.25,,R$ / litro,BRANCA,2023-11-21
SE,MG,GOVERNADOR VALADARES,POSTO DO JAIRO LTDA,16.549.503/0001-50,AVENIDA RIO BAHIA,849,,VILA ISA,35042-270,ETANOL,02/01/2023,3.98,,R$ / litro,VIBRA ENERGIA,2023-11-21
SE,MG,GOVERNADOR VALADARES,POSTO DO JAIRO LTDA,16.549.503/0001-50,AVENIDA RIO BAHIA,849,,VILA ISA,35042-270,DIESEL S10,02/01/2023,6.29,,R$ / litro,VIBRA ENERGIA,2023-11-21
SE,MG,GOVERNADOR VALADARES,POSTO DO JAIRO LTDA,16.549.503/0001-50,AVENIDA RIO BAHIA,849,,VILA ISA,35042-270,DIESEL,02/01/2023,6.19,,R$ / litro,VIBRA ENERGIA,2023-11-21
SE,MG,GOVERNADOR VALADARES,POSTO DO JAIRO LTDA,16.549.503/0001-50,AVENIDA RIO BAHIA,849,,VILA ISA,35042-270,GASOLINA,02/01/2023,4.98,,R$ / litro,VIBRA ENERGIA,2023-11-21
SE,MG,GOVERNADOR VALADARES,POSTO DE COMBUSTIVEIS ACUCAREIRA LTDA,01.459.018/0001-19,RUA MOACIR PALETA,500,,SANTOS DUMONT,35020-360,ETANOL,02/01/2023,3.99,,R$ / litro,ALESAT,2023-11-21
SE,MG,GOVERNADOR VALADARES,POSTO DE COMBUSTIVEIS ACUCAREIRA LTDA,01.459.018/0001-19,RUA MOACIR PALETA,500,,SANTOS DUMONT,35020-360,DIESEL S10,02/01/2023,6.29,,R$ / litro,ALESAT,2023-11-21
SE,MG,GOVERNADOR VALADARES,POSTO DE COMBUSTIVEIS ACUCAREIRA LTDA,01.459.018/0001-19,RUA MOACIR PALETA,500,,SANTOS DUMONT,35020-360,DIESEL,02/01/2023,6.19,,R$ / litro,ALESAT,2023-11-21
SE,MG,GOVERNADOR VALADARES,POSTO DE COMBUSTIVEIS ACUCAREIRA LTDA,01.459.018/0001-19,RUA MOACIR PALETA,500,,SANTOS DUMONT,35020-360,GASOLINA ADITIVADA,02/01/2023,5.19,,R$ / litro,ALESAT,2023-11-21
SE,MG,GOVERNADOR VALADARES,POSTO DE COMBUSTIVEIS ACUCAREIRA LTDA,01.459.018/0001-19,RUA MOACIR PALETA,500,,SANTOS DUMONT,35020-360,GASOLINA,02/01/2023,5.19,,R$ / litro,ALESAT,2023-11-21
SE,MG,IPATINGA,AUTO POSTO REDE SOUZA LTDA,05.907.822/0018-12,RUA CRISANTEMO,635,,ESPERANCA,35162-321,ETANOL,02/01/2023,4.09,,R$ / litro,VIBRA ENERGIA,2023-11-21
SE,MG,IPATINGA,AUTO POSTO REDE SOUZA LTDA,05.907.822/0018-12,RUA CRISANTEMO,635,,ESPERANCA,35162-321,GASOLINA ADITIVADA,02/01/2023,5.19,,R$ / litro,VIBRA ENERGIA,2023-11-21
SE,MG,IPATINGA,AUTO POSTO REDE SOUZA LTDA,05.907.822/0018-12,RUA CRISANTEMO,635,,ESPERANCA,35162-321,GASOLINA,02/01/2023,4.99,,R$ / litro,VIBRA ENERGIA,2023-11-21
SE,MG,IPATINGA,C & R REVENDA DE PETRÓLEO LTDA.,07.999.649/0001-07,AVENIDA CLÁUDIO MOURA,2309,,CENTRO,35160-033,ETANOL,02/01/2023,4.09,,R$ / litro,ALESAT,2023-11-21
SE,MG,IPATINGA,C & R REVENDA DE PETRÓLEO LTDA.,07.999.649/0001-07,AVENIDA CLÁUDIO MOURA,2309,,CENTRO,35160-033,DIESEL S10,02/01/2023,6.99,,R$ / litro,ALESAT,2023-11-21
SE,MG,IPATINGA,C & R REVENDA DE PETRÓLEO LTDA.,07.999.649/0001-07,AVENIDA CLÁUDIO MOURA,2309,,CENTRO,35160-033,DIESEL,02/01/2023,6.89,,R$ / litro,ALESAT,2023-11-21
SE,MG,IPATINGA,C & R REVENDA DE PETRÓLEO LTDA.,07.999.649/0001-07,AVENIDA CLÁUDIO MOURA,2309,,CENTRO,35160-033,GASOLINA ADITIVADA,02/01/2023,5.49,,R$ / litro,ALESAT,2023-11-21
SE,MG,IPATINGA,C & R REVENDA DE PETRÓLEO LTDA.,07.999.649/0001-07,AVENIDA CLÁUDIO MOURA,2309,,CENTRO,35160-033,GASOLINA,02/01/2023,4.99,,R$ / litro,ALESAT,2023-11-21
SE,MG,IPATINGA,AUTO POSTO REDE SOUZA LTDA,05.907.822/0001-74,RUA MORUBIXABA,40,,IGUACU,35162-097,ETANOL,02/01/2023,4.49,,R$ / litro,VIBRA ENERGIA,2023-11-21
SE,MG,IPATINGA,AUTO POSTO REDE SOUZA LTDA,05.907.822/0001-74,RUA MORUBIXABA,40,,IGUACU,35162-097,GASOLINA ADITIVADA,02/01/2023,5.89,,R$ / litro,VIBRA ENERGIA,2023-11-21
SE,MG,IPATINGA,AUTO POSTO REDE SOUZA LTDA,05.907.822/0001-74,RUA MORUBIXABA,40,,IGUACU,35162-097,GASOLINA,02/01/2023,5.69,,R$ / litro,VIBRA ENERGIA,2023-11-21
SE,MG,IPATINGA,POSTO AMIZADE LTDA,05.114.354/0001-80,JOSE JULIO DA COSTA,1625,,IDEAL,35162-189,ETANOL,02/01/2023,4.39,,R$ / litro,VIBRA ENERGIA,2023-11-21
SE,MG,IPATINGA,POSTO AMIZADE LTDA,05.114.354/0001-80,JOSE JULIO DA COSTA,1625,,IDEAL,35162-189,GASOLINA,02/01/2023,5.57,,R$ / litro,VIBRA ENERGIA,2023-11-21
SE,MG,IPATINGA,POSTO GENTIL IPATINGA LTDA,05.120.495/0001-06,AVENIDA JUSCELINO KUBITSCHEK,1085,,JARDIM PANORAMA,35164-245,ETANOL,02/01/2023,3.99,,R$ / litro,BRANCA,2023-11-21
SE,MG,IPATINGA,POSTO GENTIL IPATINGA LTDA,05.120.495/0001-06,AVENIDA JUSCELINO KUBITSCHEK,1085,,JARDIM PANORAMA,35164-245,GASOLINA,02/01/2023,4.99,,R$ / litro,BRANCA,2023-11-21
SE,MG,IPATINGA,POSTOS DE SERVICOS PARQUE IPANEMA LTDA,04.075.433/0001-67,AVENIDA GUIDO MARLIERI,225,,IGUACU,35162-072,ETANOL,02/01/2023,4.05,,R$ / litro,BRANCA,2023-11-21
SE,MG,IPATINGA,POSTOS DE SERVICOS PARQUE IPANEMA LTDA,04.075.433/0001-67,AVENIDA GUIDO MARLIERI,225,,IGUACU,35162-072,DIESEL S10,02/01/2023,6.35,,R$ / litro,BRANCA,2023-11-21
SE,MG,IPATINGA,POSTOS DE SERVICOS PARQUE IPANEMA LTDA,04.075.433/0001-67,AVENIDA GUIDO MARLIERI,225,,IGUACU,35162-072,GASOLINA,02/01/2023,5.25,,R$ / litro,BRANCA,2023-11-21
SE,MG,IPATINGA,AUTO POSTO BETEL LTDA - EPP,02.933.359/0001-47,AVENIDA MONTEIRO LOBATO,730,,CIDADE NOBRE,35162-394,ETANOL,02/01/2023,3.97,,R$ / litro,VIBRA ENERGIA,2023-11-21
SE,MG,IPATINGA,AUTO POSTO BETEL LTDA - EPP,02.933.359/0001-47,AVENIDA MONTEIRO LOBATO,730,,CIDADE NOBRE,35162-394,DIESEL S10,02/01/2023,6.19,,R$ / litro,VIBRA ENERGIA,2023-11-21
SE,MG,IPATINGA,AUTO POSTO BETEL LTDA - EPP,02.933.359/0001-47,AVENIDA MONTEIRO LOBATO,730,,CIDADE NOBRE,35162-394,DIESEL,02/01/2023,6.09,,R$ / litro,VIBRA ENERGIA,2023-11-21
SE,MG,IPATINGA,AUTO POSTO BETEL LTDA - EPP,02.933.359/0001-47,AVENIDA MONTEIRO LOBATO,730,,CIDADE NOBRE,35162-394,GASOLINA ADITIVADA,02/01/2023,5.09,,R$ / litro,VIBRA ENERGIA,2023-11-21
SE,MG,IPATINGA,AUTO POSTO BETEL LTDA - EPP,02.933.359/0001-47,AVENIDA MONTEIRO LOBATO,730,,CIDADE NOBRE,35162-394,GASOLINA,02/01/2023,4.97,,R$ / litro,VIBRA ENERGIA,2023-11-21
SE,MG,ITAUNA,ORGANIZACAO COMERCIAL MARINHO LTDA,18.849.166/0001-42,RUA SILVA JARDIM,546,,CENTRO,35680-062,ETANOL,04/01/2023,3.99,,R$ / litro,IPIRANGA,2023-11-21
SE,MG,ITAUNA,ORGANIZACAO COMERCIAL MARINHO LTDA,18.849.166/0001-42,RUA SILVA JARDIM,546,,CENTRO,35680-062,DIESEL,04/01/2023,6.27,,R$ / litro,IPIRANGA,2023-11-21
SE,MG,ITAUNA,ORGANIZACAO COMERCIAL MARINHO LTDA,18.849.166/0001-42,RUA SILVA JARDIM,546,,CENTRO,35680-062,GASOLINA ADITIVADA,04/01/2023,5.39,,R$ / litro,IPIRANGA,2023-11-21
SE,MG,ITAUNA,ORGANIZACAO COMERCIAL MARINHO LTDA,18.849.166/0001-42,RUA SILVA JARDIM,546,,CENTRO,35680-062,GASOLINA,04/01/2023,4.99,,R$ / litro,IPIRANGA,2023-11-21
SE,MG,ITAUNA,CENTER POSTO LTDA,02.470.627/0002-12,RUA QUINZE DE NOVEMBRO,1526,,PIEDADE,35680-258,ETANOL,03/01/2023,3.89,,R$ / litro,VIBRA ENERGIA,2023-11-21
SE,MG,ITAUNA,CENTER POSTO LTDA,02.470.627/0002-12,RUA QUINZE DE NOVEMBRO,1526,,PIEDADE,35680-258,DIESEL,03/01/2023,6.19,,R$ / litro,VIBRA ENERGIA,2023-11-21
SE,MG,ITAUNA,CENTER POSTO LTDA,02.470.627/0002-12,RUA QUINZE DE NOVEMBRO,1526,,PIEDADE,35680-258,GASOLINA ADITIVADA,03/01/2023,5.04,,R$ / litro,VIBRA ENERGIA,2023-11-21
SE,MG,ITAUNA,CENTER POSTO LTDA,02.470.627/0002-12,RUA QUINZE DE NOVEMBRO,1526,,PIEDADE,35680-258,GASOLINA,03/01/2023,4.89,,R$ / litro,VIBRA ENERGIA,2023-11-21
SE,MG,ITAUNA,ORGANIZACAO COMERCIAL GUIMARAES LTDA,21.254.958/0005-02,AVENIDA JOVE SOARES,845,,CENTRO,35680-352,ETANOL,03/01/2023,3.99,,R$ / litro,IPIRANGA,2023-11-21
SE,MG,ITAUNA,ORGANIZACAO COMERCIAL GUIMARAES LTDA,21.254.958/0005-02,AVENIDA JOVE SOARES,845,,CENTRO,35680-352,GASOLINA ADITIVADA,03/01/2023,4.99,,R$ / litro,IPIRANGA,2023-11-21
SE,MG,ITAUNA,ORGANIZACAO COMERCIAL GUIMARAES LTDA,21.254.958/0005-02,AVENIDA JOVE SOARES,845,,CENTRO,35680-352,GASOLINA,03/01/2023,4.99,,R$ / litro,IPIRANGA,2023-11-21
SE,MG,ITAUNA,ORGANIZACAO COMERCIAL GUIMARAES LTDA,21.254.958/0001-89,AVENIDA DR. DORINATO LIMA,20,,LOURDES,35680-188,ETANOL,03/01/2023,3.99,,R$ / litro,IPIRANGA,2023-11-21
SE,MG,ITAUNA,ORGANIZACAO COMERCIAL GUIMARAES LTDA,21.254.958/0001-89,AVENIDA DR. DORINATO LIMA,20,,LOURDES,35680-188,DIESEL S10,03/01/2023,6.29,,R$ / litro,IPIRANGA,2023-11-21
SE,MG,ITAUNA,ORGANIZACAO COMERCIAL GUIMARAES LTDA,21.254.958/0001-89,AVENIDA DR. DORINATO LIMA,20,,LOURDES,35680-188,GASOLINA,03/01/2023,4.99,,R$ / litro,IPIRANGA,2023-11-21
SE,MG,ITAUNA,POSTO DELTA ITAUNA LTDA,17.462.714/0001-14,RUA SILVA JARDIM,653,,CENTRO,35681-159,ETANOL,04/01/2023,3.97,,R$ / litro,VIBRA ENERGIA,2023-11-21
SE,MG,ITAUNA,POSTO DELTA ITAUNA LTDA,17.462.714/0001-14,RUA SILVA JARDIM,653,,CENTRO,35681-159,DIESEL S10,04/01/2023,6.59,,R$ / litro,VIBRA ENERGIA,2023-11-21
SE,MG,ITAUNA,POSTO DELTA ITAUNA LTDA,17.462.714/0001-14,RUA SILVA JARDIM,653,,CENTRO,35681-159,GASOLINA ADITIVADA,04/01/2023,5.19,,R$ / litro,VIBRA ENERGIA,2023-11-21
SE,MG,ITAUNA,POSTO DELTA ITAUNA LTDA,17.462.714/0001-14,RUA SILVA JARDIM,653,,CENTRO,35681-159,GASOLINA,04/01/2023,4.98,,R$ / litro,VIBRA ENERGIA,2023-11-21
SE,MG,ITAUNA,AUTO POSTO CHAVES LTDA,02.885.584/0001-55,RODOVIA MG-050,S/N,KM    100,DISTRITO INDUSTRIAL,35681-750,ETANOL,04/01/2023,3.85,,R$ / litro,VIBRA ENERGIA,2023-11-21
SE,MG,ITAUNA,AUTO POSTO CHAVES LTDA,02.885.584/0001-55,RODOVIA MG-050,S/N,KM    100,DISTRITO INDUSTRIAL,35681-750,DIESEL S10,04/01/2023,6.06,,R$ / litro,VIBRA ENERGIA,2023-11-21
SE,MG,ITAUNA,AUTO POSTO CHAVES LTDA,02.885.584/0001-55,RODOVIA MG-050,S/N,KM    100,DISTRITO INDUSTRIAL,35681-750,DIESEL,04/01/2023,5.96,,R$ / litro,VIBRA ENERGIA,2023-11-21
SE,MG,ITAUNA,AUTO POSTO CHAVES LTDA,02.885.584/0001-55,RODOVIA MG-050,S/N,KM    100,DISTRITO INDUSTRIAL,35681-750,GASOLINA ADITIVADA,04/01/2023,4.95,,R$ / litro,VIBRA ENERGIA,2023-11-21
SE,MG,ITAUNA,AUTO POSTO CHAVES LTDA,02.885.584/0001-55,RODOVIA MG-050,S/N,KM    100,DISTRITO INDUSTRIAL,35681-750,GASOLINA,04/01/2023,4.85,,R$ / litro,VIBRA ENERGIA,2023-11-21
SE,MG,ITAUNA,CENTER POSTO LTDA,02.470.627/0001-31,RUA ZEZE LIMA,325,,CENTRO,35680-045,ETANOL,03/01/2023,3.89,,R$ / litro,VIBRA ENERGIA,2023-11-21
SE,MG,ITAUNA,CENTER POSTO LTDA,02.470.627/0001-31,RUA ZEZE LIMA,325,,CENTRO,35680-045,DIESEL S10,03/01/2023,6.29,,R$ / litro,VIBRA ENERGIA,2023-11-21
SE,MG,ITAUNA,CENTER POSTO LTDA,02.470.627/0001-31,RUA ZEZE LIMA,325,,CENTRO,35680-045,GASOLINA ADITIVADA,03/01/2023,5.04,,R$ / litro,VIBRA ENERGIA,2023-11-21
SE,MG,ITAUNA,CENTER POSTO LTDA,02.470.627/0001-31,RUA ZEZE LIMA,325,,CENTRO,35680-045,GASOLINA,03/01/2023,4.89,,R$ / litro,VIBRA ENERGIA,2023-11-21
SE,MG,ITUIUTABA,AUTO POSTO TAMANDUA LTDA,09.131.641/0001-50,RUA JUSCELINO KUBITSCHEK,805,,SAO JOSE,38301-034,ETANOL,02/01/2023,3.68,,R$ / litro,IPIRANGA,2023-11-21
SE,MG,ITUIUTABA,AUTO POSTO TAMANDUA LTDA,09.131.641/0001-50,RUA JUSCELINO KUBITSCHEK,805,,SAO JOSE,38301-034,DIESEL S10,02/01/2023,6.34,,R$ / litro,IPIRANGA,2023-11-21
SE,MG,ITUIUTABA,AUTO POSTO TAMANDUA LTDA,09.131.641/0001-50,RUA JUSCELINO KUBITSCHEK,805,,SAO JOSE,38301-034,DIESEL,02/01/2023,6.19,,R$ / litro,IPIRANGA,2023-11-21
SE,MG,ITUIUTABA,AUTO POSTO TAMANDUA LTDA,09.131.641/0001-50,RUA JUSCELINO KUBITSCHEK,805,,SAO JOSE,38301-034,GASOLINA ADITIVADA,02/01/2023,4.83,,R$ / litro,IPIRANGA,2023-11-21
SE,MG,ITUIUTABA,AM COMERCIO COMBUSTIVEL LTDA,07.265.642/0001-61,RUA TRINTA E SEIS,775,,PROGRESSO,38302-008,GASOLINA,02/01/2023,5.09,,R$ / litro,BRANCA,2023-11-21
SE,MG,ITUIUTABA,AM COMERCIO COMBUSTIVEL LTDA,07.265.642/0001-61,RUA TRINTA E SEIS,775,,PROGRESSO,38302-008,ETANOL,02/01/2023,3.89,,R$ / litro,BRANCA,2023-11-21
SE,MG,ITUIUTABA,AM COMERCIO COMBUSTIVEL LTDA,07.265.642/0001-61,RUA TRINTA E SEIS,775,,PROGRESSO,38302-008,DIESEL S10,02/01/2023,6.59,,R$ / litro,BRANCA,2023-11-21
SE,MG,ITUIUTABA,AM COMERCIO COMBUSTIVEL LTDA,07.265.642/0001-61,RUA TRINTA E SEIS,775,,PROGRESSO,38302-008,GASOLINA ADITIVADA,02/01/2023,5.19,,R$ / litro,BRANCA,2023-11-21
SE,MG,ITUIUTABA,K-DERIVADOS DE PETROLEO LTDA,07.128.848/0001-40,AVENIDA NOVE,423,,CENTRO,38300-150,ETANOL,02/01/2023,3.89,,R$ / litro,BRANCA,2023-11-21
SE,MG,ITUIUTABA,K-DERIVADOS DE PETROLEO LTDA,07.128.848/0001-40,AVENIDA NOVE,423,,CENTRO,38300-150,DIESEL S10,02/01/2023,6.59,,R$ / litro,BRANCA,2023-11-21
SE,MG,ITUIUTABA,K-DERIVADOS DE PETROLEO LTDA,07.128.848/0001-40,AVENIDA NOVE,423,,CENTRO,38300-150,DIESEL,02/01/2023,6.54,,R$ / litro,BRANCA,2023-11-21
SE,MG,ITUIUTABA,K-DERIVADOS DE PETROLEO LTDA,07.128.848/0001-40,AVENIDA NOVE,423,,CENTRO,38300-150,GASOLINA ADITIVADA,02/01/2023,5.19,,R$ / litro,BRANCA,2023-11-21
SE,MG,ITUIUTABA,K-DERIVADOS DE PETROLEO LTDA,07.128.848/0001-40,AVENIDA NOVE,423,,CENTRO,38300-150,GASOLINA,02/01/2023,5.09,,R$ / litro,BRANCA,2023-11-21
SE,MG,ITUIUTABA,POSTO PRINCE EIRELI,20.262.432/0001-88,AVENIDA SIRIO LIBANESA,11,,CENTRO,38300-130,ETANOL,03/01/2023,3.85,,R$ / litro,BRANCA,2023-11-21
SE,MG,ITUIUTABA,POSTO PRINCE EIRELI,20.262.432/0001-88,AVENIDA SIRIO LIBANESA,11,,CENTRO,38300-130,DIESEL S10,03/01/2023,6.95,,R$ / litro,BRANCA,2023-11-21
SE,MG,ITUIUTABA,POSTO PRINCE EIRELI,20.262.432/0001-88,AVENIDA SIRIO LIBANESA,11,,CENTRO,38300-130,GASOLINA,03/01/2023,4.95,,R$ / litro,BRANCA,2023-11-21
SE,MG,ITUIUTABA,ALEXANDER GERVASIO NEVES - EIRELI,18.548.362/0001-87,AVENIDA DEZESSETE,2345,,PLATINA,38307-064,ETANOL,03/01/2023,3.79,,R$ / litro,BRANCA,2023-11-21
SE,MG,ITUIUTABA,ALEXANDER GERVASIO NEVES - EIRELI,18.548.362/0001-87,AVENIDA DEZESSETE,2345,,PLATINA,38307-064,DIESEL,03/01/2023,5.99,,R$ / litro,BRANCA,2023-11-21
SE,MG,ITUIUTABA,ALEXANDER GERVASIO NEVES - EIRELI,18.548.362/0001-87,AVENIDA DEZESSETE,2345,,PLATINA,38307-064,GASOLINA,03/01/2023,4.89,,R$ / litro,BRANCA,2023-11-21
SE,MG,ITUIUTABA,AUTO POSTO ITAMARATY LTDA,17.820.291/0001-67,AVENIDA DEZESSETE,825,,CENTRO,38300-000,ETANOL,02/01/2023,4.29,,R$ / litro,RAIZEN,2023-11-21
SE,MG,ITUIUTABA,AUTO POSTO ITAMARATY LTDA,17.820.291/0001-67,AVENIDA DEZESSETE,825,,CENTRO,38300-000,DIESEL S10,02/01/2023,6.98,,R$ / litro,RAIZEN,2023-11-21
SE,MG,ITUIUTABA,AUTO POSTO ITAMARATY LTDA,17.820.291/0001-67,AVENIDA DEZESSETE,825,,CENTRO,38300-000,GASOLINA ADITIVADA,02/01/2023,5.99,,R$ / litro,RAIZEN,2023-11-21
SE,MG,ITUIUTABA,AUTO POSTO ITAMARATY LTDA,17.820.291/0001-67,AVENIDA DEZESSETE,825,,CENTRO,38300-000,GASOLINA,02/01/2023,5.79,,R$ / litro,RAIZEN,2023-11-21
SE,MG,ITUIUTABA,COMERCIAL GARDENIA LTDA,17.190.588/0001-96,AVENIDA GOVERNADOR JOSE DE MAGALHAES PINTO,112,,GARDENIA,38301-078,ETANOL,02/01/2023,3.79,,R$ / litro,RAIZEN,2023-11-21
SE,MG,ITUIUTABA,COMERCIAL GARDENIA LTDA,17.190.588/0001-96,AVENIDA GOVERNADOR JOSE DE MAGALHAES PINTO,112,,GARDENIA,38301-078,DIESEL S10,02/01/2023,6.28,,R$ / litro,RAIZEN,2023-11-21
SE,MG,ITUIUTABA,COMERCIAL GARDENIA LTDA,17.190.588/0001-96,AVENIDA GOVERNADOR JOSE DE MAGALHAES PINTO,112,,GARDENIA,38301-078,DIESEL,02/01/2023,6.2,,R$ / litro,RAIZEN,2023-11-21
SE,MG,ITUIUTABA,COMERCIAL GARDENIA LTDA,17.190.588/0001-96,AVENIDA GOVERNADOR JOSE DE MAGALHAES PINTO,112,,GARDENIA,38301-078,GASOLINA ADITIVADA,02/01/2023,5.09,,R$ / litro,RAIZEN,2023-11-21
SE,MG,ITUIUTABA,COMERCIAL GARDENIA LTDA,17.190.588/0001-96,AVENIDA GOVERNADOR JOSE DE MAGALHAES PINTO,112,,GARDENIA,38301-078,GASOLINA,02/01/2023,4.79,,R$ / litro,RAIZEN,2023-11-21
SE,MG,LAVRAS,AUTO POSTO SKINÃO LTDA,19.638.998/0001-82,RUA FRANCISCO DE ANDRADE,192,,CENTRO,37200-000,ETANOL,04/01/2023,4.33,,R$ / litro,IPIRANGA,2023-11-21
SE,MG,LAVRAS,AUTO POSTO SKINÃO LTDA,19.638.998/0001-82,RUA FRANCISCO DE ANDRADE,192,,CENTRO,37200-000,DIESEL S10,04/01/2023,6.84,,R$ / litro,IPIRANGA,2023-11-21
SE,MG,LAVRAS,AUTO POSTO SKINÃO LTDA,19.638.998/0001-82,RUA FRANCISCO DE ANDRADE,192,,CENTRO,37200-000,GASOLINA ADITIVADA,04/01/2023,5.31,,R$ / litro,IPIRANGA,2023-11-21
SE,MG,LAVRAS,AUTO POSTO SKINÃO LTDA,19.638.998/0001-82,RUA FRANCISCO DE ANDRADE,192,,CENTRO,37200-000,GASOLINA,04/01/2023,5.19,,R$ / litro,IPIRANGA,2023-11-21
SE,MG,LAVRAS,AUTO POSTO MAIS LTDA,05.999.998/0001-01,RUA JOAO MODESTO,128,,CENTRO,37200-000,ETANOL,04/01/2023,3.97,,R$ / litro,RAIZEN,2023-11-21
SE,MG,LAVRAS,AUTO POSTO MAIS LTDA,05.999.998/0001-01,RUA JOAO MODESTO,128,,CENTRO,37200-000,GASOLINA ADITIVADA,04/01/2023,5.29,,R$ / litro,RAIZEN,2023-11-21
SE,MG,LAVRAS,AUTO POSTO MAIS LTDA,05.999.998/0001-01,RUA JOAO MODESTO,128,,CENTRO,37200-000,GASOLINA,04/01/2023,4.89,,R$ / litro,RAIZEN,2023-11-21
SE,MG,LAVRAS,AUTO POSTO PREMIUM LTDA,05.725.402/0001-77,RUA RUI BARBOSA,70,,CENTRO,37200-000,ETANOL,04/01/2023,3.84,,R$ / litro,BRANCA,2023-11-21
SE,MG,LAVRAS,AUTO POSTO PREMIUM LTDA,05.725.402/0001-77,RUA RUI BARBOSA,70,,CENTRO,37200-000,GASOLINA ADITIVADA,04/01/2023,4.85,,R$ / litro,BRANCA,2023-11-21
SE,MG,LAVRAS,AUTO POSTO PREMIUM LTDA,05.725.402/0001-77,RUA RUI BARBOSA,70,,CENTRO,37200-000,GASOLINA,04/01/2023,4.85,,R$ / litro,BRANCA,2023-11-21
SE,MG,MONTES CLAROS,AUTO POSTO AMANDA E JULIA LTDA,09.489.996/0001-15,AVENIDA DEPUTADO ESTEVES RODRIGUES,209,,CENTRO,39400-215,ETANOL,05/01/2023,3.79,,R$ / litro,VIBRA ENERGIA,2023-11-21
SE,MG,MONTES CLAROS,AUTO POSTO AMANDA E JULIA LTDA,09.489.996/0001-15,AVENIDA DEPUTADO ESTEVES RODRIGUES,209,,CENTRO,39400-215,DIESEL S10,05/01/2023,6.29,,R$ / litro,VIBRA ENERGIA,2023-11-21
SE,MG,MONTES CLAROS,AUTO POSTO AMANDA E JULIA LTDA,09.489.996/0001-15,AVENIDA DEPUTADO ESTEVES RODRIGUES,209,,CENTRO,39400-215,DIESEL,05/01/2023,6.25,,R$ / litro,VIBRA ENERGIA,2023-11-21
SE,MG,MONTES CLAROS,AUTO POSTO AMANDA E JULIA LTDA,09.489.996/0001-15,AVENIDA DEPUTADO ESTEVES RODRIGUES,209,,CENTRO,39400-215,GASOLINA ADITIVADA,05/01/2023,4.89,,R$ / litro,VIBRA ENERGIA,2023-11-21
SE,MG,MONTES CLAROS,AUTO POSTO AMANDA E JULIA LTDA,09.489.996/0001-15,AVENIDA DEPUTADO ESTEVES RODRIGUES,209,,CENTRO,39400-215,GASOLINA,05/01/2023,4.89,,R$ / litro,VIBRA ENERGIA,2023-11-21
SE,MG,MONTES CLAROS,COMBUSTIVEIS MOC BRASIL LTDA - EPP,08.272.600/0001-10,AVENIDA   OVIDIO DE ABREU,212,,CENTRO,39400-068,ETANOL,05/01/2023,3.95,,R$ / litro,BRANCA,2023-11-21
SE,MG,MONTES CLAROS,COMBUSTIVEIS MOC BRASIL LTDA - EPP,08.272.600/0001-10,AVENIDA   OVIDIO DE ABREU,212,,CENTRO,39400-068,GASOLINA,05/01/2023,4.99,,R$ / litro,BRANCA,2023-11-21
SE,MG,MONTES CLAROS,MARQUESA AUTO SERVIÇOS LTDA.,03.742.141/0002-59,AVENIDA GERALDO ATHAYDE,745,,ALTO SÃO JOÃO,39400-292,ETANOL,05/01/2023,4.59,,R$ / litro,ALESAT,2023-11-21
SE,MG,MONTES CLAROS,MARQUESA AUTO SERVIÇOS LTDA.,03.742.141/0002-59,AVENIDA GERALDO ATHAYDE,745,,ALTO SÃO JOÃO,39400-292,DIESEL,05/01/2023,6.99,,R$ / litro,ALESAT,2023-11-21
SE,MG,MONTES CLAROS,MARQUESA AUTO SERVIÇOS LTDA.,03.742.141/0002-59,AVENIDA GERALDO ATHAYDE,745,,ALTO SÃO JOÃO,39400-292,GASOLINA ADITIVADA,05/01/2023,5.69,,R$ / litro,ALESAT,2023-11-21
SE,MG,MONTES CLAROS,MARQUESA AUTO SERVIÇOS LTDA.,03.742.141/0002-59,AVENIDA GERALDO ATHAYDE,745,,ALTO SÃO JOÃO,39400-292,GASOLINA,05/01/2023,5.59,,R$ / litro,ALESAT,2023-11-21
SE,MG,MONTES CLAROS,RG EMPRESA COMERCIAL DE COMBUSTIVEIS - EIRELI,04.297.764/0001-41,AVENIDA DEPUTADO ESTEVES RODRIGUES,181,,VILA JOAO GORDO,39400-215,ETANOL,05/01/2023,3.71,,R$ / litro,VIBRA ENERGIA,2023-11-21
SE,MG,MONTES CLAROS,RG EMPRESA COMERCIAL DE COMBUSTIVEIS - EIRELI,04.297.764/0001-41,AVENIDA DEPUTADO ESTEVES RODRIGUES,181,,VILA JOAO GORDO,39400-215,GASOLINA,05/01/2023,4.83,,R$ / litro,VIBRA ENERGIA,2023-11-21
SE,MG,MONTES CLAROS,LIDER AUTO POSTO E SERVICOS LTDA.,02.874.602/0001-01,AVENIDA DEPUTADO PLINIO RIBEIRO,2680,,NOSSA SENHORA DE FATIMA,39402-619,ETANOL,05/01/2023,3.99,,R$ / litro,IPIRANGA,2023-11-21
SE,MG,MONTES CLAROS,LIDER AUTO POSTO E SERVICOS LTDA.,02.874.602/0001-01,AVENIDA DEPUTADO PLINIO RIBEIRO,2680,,NOSSA SENHORA DE FATIMA,39402-619,DIESEL S10,05/01/2023,6.39,,R$ / litro,IPIRANGA,2023-11-21
SE,MG,MONTES CLAROS,LIDER AUTO POSTO E SERVICOS LTDA.,02.874.602/0001-01,AVENIDA DEPUTADO PLINIO RIBEIRO,2680,,NOSSA SENHORA DE FATIMA,39402-619,DIESEL,05/01/2023,6.29,,R$ / litro,IPIRANGA,2023-11-21
SE,MG,MONTES CLAROS,LIDER AUTO POSTO E SERVICOS LTDA.,02.874.602/0001-01,AVENIDA DEPUTADO PLINIO RIBEIRO,2680,,NOSSA SENHORA DE FATIMA,39402-619,GASOLINA ADITIVADA,05/01/2023,5.05,,R$ / litro,IPIRANGA,2023-11-21
SE,MG,MONTES CLAROS,LIDER AUTO POSTO E SERVICOS LTDA.,02.874.602/0001-01,AVENIDA DEPUTADO PLINIO RIBEIRO,2680,,NOSSA SENHORA DE FATIMA,39402-619,GASOLINA,05/01/2023,4.99,,R$ / litro,IPIRANGA,2023-11-21
SE,MG,MONTES CLAROS,PETROLEO MONTES CLAROS LTDA.,04.588.291/0001-31,RUA SILVIO TEIXEIRA,46,,SAO JOSE,39400-354,ETANOL,05/01/2023,3.97,,R$ / litro,VIBRA ENERGIA,2023-11-21
SE,MG,MONTES CLAROS,PETROLEO MONTES CLAROS LTDA.,04.588.291/0001-31,RUA SILVIO TEIXEIRA,46,,SAO JOSE,39400-354,DIESEL S10,05/01/2023,6.45,,R$ / litro,VIBRA ENERGIA,2023-11-21
SE,MG,MONTES CLAROS,PETROLEO MONTES CLAROS LTDA.,04.588.291/0001-31,RUA SILVIO TEIXEIRA,46,,SAO JOSE,39400-354,GASOLINA ADITIVADA,05/01/2023,5.18,,R$ / litro,VIBRA ENERGIA,2023-11-21
SE,MG,MONTES CLAROS,PETROLEO MONTES CLAROS LTDA.,04.588.291/0001-31,RUA SILVIO TEIXEIRA,46,,SAO JOSE,39400-354,GASOLINA,05/01/2023,4.98,,R$ / litro,VIBRA ENERGIA,2023-11-21
SE,MG,MONTES CLAROS,ANTARES COMBUSTIVEIS LTDA,03.888.789/0002-38,AVENIDA JOSE CORREA MACHADO,1059,,IBITURUNA,39400-612,ETANOL,05/01/2023,4.59,,R$ / litro,ALESAT,2023-11-21
SE,MG,MONTES CLAROS,ANTARES COMBUSTIVEIS LTDA,03.888.789/0002-38,AVENIDA JOSE CORREA MACHADO,1059,,IBITURUNA,39400-612,DIESEL S10,05/01/2023,7.89,,R$ / litro,ALESAT,2023-11-21
SE,MG,MONTES CLAROS,ANTARES COMBUSTIVEIS LTDA,03.888.789/0002-38,AVENIDA JOSE CORREA MACHADO,1059,,IBITURUNA,39400-612,GASOLINA ADITIVADA,05/01/2023,5.69,,R$ / litro,ALESAT,2023-11-21
SE,MG,MONTES CLAROS,ANTARES COMBUSTIVEIS LTDA,03.888.789/0002-38,AVENIDA JOSE CORREA MACHADO,1059,,IBITURUNA,39400-612,GASOLINA,05/01/2023,5.59,,R$ / litro,ALESAT,2023-11-21
SE,MG,MONTES CLAROS,POSTO ALJIG LTDA,03.857.669/0001-92,AVENIDA DONATO QUINTINO,225,,CANELAS,39400-546,ETANOL,05/01/2023,3.79,,R$ / litro,RAIZEN,2023-11-21
SE,MG,MONTES CLAROS,POSTO ALJIG LTDA,03.857.669/0001-92,AVENIDA DONATO QUINTINO,225,,CANELAS,39400-546,DIESEL S10,05/01/2023,5.99,,R$ / litro,RAIZEN,2023-11-21
SE,MG,MONTES CLAROS,POSTO ALJIG LTDA,03.857.669/0001-92,AVENIDA DONATO QUINTINO,225,,CANELAS,39400-546,GASOLINA ADITIVADA,05/01/2023,5.09,,R$ / litro,RAIZEN,2023-11-21
SE,MG,MONTES CLAROS,POSTO ALJIG LTDA,03.857.669/0001-92,AVENIDA DONATO QUINTINO,225,,CANELAS,39400-546,GASOLINA,05/01/2023,4.89,,R$ / litro,RAIZEN,2023-11-21
SE,MG,MONTES CLAROS,MARQUESA AUTO SERVIÇOS LTDA.,03.742.141/0001-78,AVENIDA DEPUTADO PLINIO RIBEIRO,555,,ESPLANADA,39401-474,ETANOL,05/01/2023,4.09,,R$ / litro,IPIRANGA,2023-11-21
SE,MG,MONTES CLAROS,MARQUESA AUTO SERVIÇOS LTDA.,03.742.141/0001-78,AVENIDA DEPUTADO PLINIO RIBEIRO,555,,ESPLANADA,39401-474,DIESEL,05/01/2023,6.99,,R$ / litro,IPIRANGA,2023-11-21
SE,MG,MONTES CLAROS,MARQUESA AUTO SERVIÇOS LTDA.,03.742.141/0001-78,AVENIDA DEPUTADO PLINIO RIBEIRO,555,,ESPLANADA,39401-474,GASOLINA ADITIVADA,05/01/2023,5.64,,R$ / litro,IPIRANGA,2023-11-21
SE,MG,MONTES CLAROS,MARQUESA AUTO SERVIÇOS LTDA.,03.742.141/0001-78,AVENIDA DEPUTADO PLINIO RIBEIRO,555,,ESPLANADA,39401-474,GASOLINA,05/01/2023,5.59,,R$ / litro,IPIRANGA,2023-11-21
SE,MG,MONTES CLAROS,J.J DERIVADOS DE PETROLEO LTDA,03.529.503/0001-47,AVENIDA CORONEL LUIZ MAIA,560,A,CINTRA,39401-486,GASOLINA,05/01/2023,4.99,,R$ / litro,BRANCA,2023-11-21
SE,MG,MONTES CLAROS,J.J DERIVADOS DE PETROLEO LTDA,03.529.503/0001-47,AVENIDA CORONEL LUIZ MAIA,560,A,CINTRA,39401-486,ETANOL,05/01/2023,3.99,,R$ / litro,BRANCA,2023-11-21
SE,MG,MONTES CLAROS,J.J DERIVADOS DE PETROLEO LTDA,03.529.503/0001-47,AVENIDA CORONEL LUIZ MAIA,560,A,CINTRA,39401-486,DIESEL S10,05/01/2023,6.59,,R$ / litro,BRANCA,2023-11-21
SE,MG,MONTES CLAROS,J.J DERIVADOS DE PETROLEO LTDA,03.529.503/0001-47,AVENIDA CORONEL LUIZ MAIA,560,A,CINTRA,39401-486,DIESEL,05/01/2023,6.39,,R$ / litro,BRANCA,2023-11-21
SE,MG,MONTES CLAROS,J.J DERIVADOS DE PETROLEO LTDA,03.529.503/0001-47,AVENIDA CORONEL LUIZ MAIA,560,A,CINTRA,39401-486,GASOLINA ADITIVADA,05/01/2023,5.09,,R$ / litro,BRANCA,2023-11-21
SE,MG,MONTES CLAROS,CEMA CENTRAL MINEIRA ATACADISTA LTDA,03.083.231/0006-09,AVENIDA DULCE SARMENTO,1320,,VILA NAZARETH,39401-485,ETANOL,05/01/2023,3.99,,R$ / litro,VIBRA ENERGIA,2023-11-21
SE,MG,MONTES CLAROS,CEMA CENTRAL MINEIRA ATACADISTA LTDA,03.083.231/0006-09,AVENIDA DULCE SARMENTO,1320,,VILA NAZARETH,39401-485,DIESEL,05/01/2023,6.1,,R$ / litro,VIBRA ENERGIA,2023-11-21
SE,MG,MONTES CLAROS,CEMA CENTRAL MINEIRA ATACADISTA LTDA,03.083.231/0006-09,AVENIDA DULCE SARMENTO,1320,,VILA NAZARETH,39401-485,GASOLINA ADITIVADA,05/01/2023,5.2,,R$ / litro,VIBRA ENERGIA,2023-11-21
SE,MG,MONTES CLAROS,CEMA CENTRAL MINEIRA ATACADISTA LTDA,03.083.231/0006-09,AVENIDA DULCE SARMENTO,1320,,VILA NAZARETH,39401-485,GASOLINA,05/01/2023,4.99,,R$ / litro,VIBRA ENERGIA,2023-11-21
SE,MG,PARA DE MINAS,POSTO PARA LTDA,02.681.911/0001-57,RUA PADRE LIBERIO,1000,,JK,35660-180,ETANOL,02/01/2023,3.99,,R$ / litro,VIBRA ENERGIA,2023-11-21
SE,MG,PARA DE MINAS,POSTO PARA LTDA,02.681.911/0001-57,RUA PADRE LIBERIO,1000,,JK,35660-180,DIESEL S10,02/01/2023,6.19,,R$ / litro,VIBRA ENERGIA,2023-11-21
SE,MG,PARA DE MINAS,POSTO PARA LTDA,02.681.911/0001-57,RUA PADRE LIBERIO,1000,,JK,35660-180,DIESEL,02/01/2023,6.09,,R$ / litro,VIBRA ENERGIA,2023-11-21
SE,MG,PARA DE MINAS,POSTO PARA LTDA,02.681.911/0001-57,RUA PADRE LIBERIO,1000,,JK,35660-180,GASOLINA ADITIVADA,02/01/2023,4.94,,R$ / litro,VIBRA ENERGIA,2023-11-21
SE,MG,PARA DE MINAS,POSTO PARA LTDA,02.681.911/0001-57,RUA PADRE LIBERIO,1000,,JK,35660-180,GASOLINA,02/01/2023,4.94,,R$ / litro,VIBRA ENERGIA,2023-11-21
SE,MG,PARA DE MINAS,AUTO POSTO MR LTDA,05.835.706/0001-97,AVENIDA PROFESSOR MELLO CANCADO,521,,SAO JOSE,35660-573,ETANOL,04/01/2023,4.09,,R$ / litro,IPIRANGA,2023-11-21
SE,MG,PARA DE MINAS,AUTO POSTO MR LTDA,05.835.706/0001-97,AVENIDA PROFESSOR MELLO CANCADO,521,,SAO JOSE,35660-573,DIESEL S10,04/01/2023,6.89,,R$ / litro,IPIRANGA,2023-11-21
SE,MG,PARA DE MINAS,AUTO POSTO MR LTDA,05.835.706/0001-97,AVENIDA PROFESSOR MELLO CANCADO,521,,SAO JOSE,35660-573,DIESEL,04/01/2023,6.69,,R$ / litro,IPIRANGA,2023-11-21
SE,MG,PARA DE MINAS,AUTO POSTO MR LTDA,05.835.706/0001-97,AVENIDA PROFESSOR MELLO CANCADO,521,,SAO JOSE,35660-573,GASOLINA ADITIVADA,04/01/2023,4.99,,R$ / litro,IPIRANGA,2023-11-21
SE,MG,PARA DE MINAS,AUTO POSTO MR LTDA,05.835.706/0001-97,AVENIDA PROFESSOR MELLO CANCADO,521,,SAO JOSE,35660-573,GASOLINA,04/01/2023,4.99,,R$ / litro,IPIRANGA,2023-11-21
SE,MG,PARA DE MINAS,COMÉRCIO RODRIGUES E FARIA LTDA,86.539.590/0001-40,RUA PEQUI,700,"",SANTOS DUMONT,35660-308,ETANOL,02/01/2023,4.09,,R$ / litro,VIBRA ENERGIA,2023-11-21
SE,MG,PARA DE MINAS,COMÉRCIO RODRIGUES E FARIA LTDA,86.539.590/0001-40,RUA PEQUI,700,"",SANTOS DUMONT,35660-308,DIESEL S10,02/01/2023,6.47,,R$ / litro,VIBRA ENERGIA,2023-11-21
SE,MG,PARA DE MINAS,COMÉRCIO RODRIGUES E FARIA LTDA,86.539.590/0001-40,RUA PEQUI,700,"",SANTOS DUMONT,35660-308,DIESEL,02/01/2023,6.37,,R$ / litro,VIBRA ENERGIA,2023-11-21
SE,MG,PARA DE MINAS,COMÉRCIO RODRIGUES E FARIA LTDA,86.539.590/0001-40,RUA PEQUI,700,"",SANTOS DUMONT,35660-308,GASOLINA ADITIVADA,02/01/2023,4.94,,R$ / litro,VIBRA ENERGIA,2023-11-21
SE,MG,PARA DE MINAS,COMÉRCIO RODRIGUES E FARIA LTDA,86.539.590/0001-40,RUA PEQUI,700,"",SANTOS DUMONT,35660-308,GASOLINA,02/01/2023,4.89,,R$ / litro,VIBRA ENERGIA,2023-11-21
SE,MG,PATOS DE MINAS,POSTO XANDO LTDA,02.577.006/0001-51,RUA BARAO DO RIO BRANCO,1515,,LAGOA GRANDE,38700-170,ETANOL,03/01/2023,3.99,,R$ / litro,BRANCA,2023-11-21
SE,MG,PATOS DE MINAS,POSTO XANDO LTDA,02.577.006/0001-51,RUA BARAO DO RIO BRANCO,1515,,LAGOA GRANDE,38700-170,DIESEL S10,03/01/2023,6.39,,R$ / litro,BRANCA,2023-11-21
SE,MG,PATOS DE MINAS,POSTO XANDO LTDA,02.577.006/0001-51,RUA BARAO DO RIO BRANCO,1515,,LAGOA GRANDE,38700-170,DIESEL,03/01/2023,6.29,,R$ / litro,BRANCA,2023-11-21
SE,MG,PATOS DE MINAS,POSTO XANDO LTDA,02.577.006/0001-51,RUA BARAO DO RIO BRANCO,1515,,LAGOA GRANDE,38700-170,GASOLINA ADITIVADA,03/01/2023,5.09,,R$ / litro,BRANCA,2023-11-21
SE,MG,PATOS DE MINAS,POSTO XANDO LTDA,02.577.006/0001-51,RUA BARAO DO RIO BRANCO,1515,,LAGOA GRANDE,38700-170,GASOLINA,03/01/2023,4.99,,R$ / litro,BRANCA,2023-11-21
SE,MG,PATOS DE MINAS,QUEIROZ DE MELO COMERCIO DE COMBUSTIVEIS LTDA,08.902.326/0001-16,RUA PONTO CHIC,224,,VILA GARCIA,38703-218,ETANOL,03/01/2023,3.89,,R$ / litro,BRANCA,2023-11-21
SE,MG,PATOS DE MINAS,QUEIROZ DE MELO COMERCIO DE COMBUSTIVEIS LTDA,08.902.326/0001-16,RUA PONTO CHIC,224,,VILA GARCIA,38703-218,DIESEL S10,03/01/2023,6.25,,R$ / litro,BRANCA,2023-11-21
SE,MG,PATOS DE MINAS,QUEIROZ DE MELO COMERCIO DE COMBUSTIVEIS LTDA,08.902.326/0001-16,RUA PONTO CHIC,224,,VILA GARCIA,38703-218,GASOLINA,03/01/2023,4.89,,R$ / litro,BRANCA,2023-11-21
SE,MG,PATOS DE MINAS,PETRORAÇA COMBUSTÍVEIS LTDA.,07.559.158/0001-45,RUA DONA LUIZA,1185,,LAGOA GRANDE,38700-164,ETANOL,03/01/2023,3.85,,R$ / litro,BRANCA,2023-11-21
SE,MG,PATOS DE MINAS,PETRORAÇA COMBUSTÍVEIS LTDA.,07.559.158/0001-45,RUA DONA LUIZA,1185,,LAGOA GRANDE,38700-164,DIESEL S10,03/01/2023,6.05,,R$ / litro,BRANCA,2023-11-21
SE,MG,PATOS DE MINAS,PETRORAÇA COMBUSTÍVEIS LTDA.,07.559.158/0001-45,RUA DONA LUIZA,1185,,LAGOA GRANDE,38700-164,DIESEL,03/01/2023,5.98,,R$ / litro,BRANCA,2023-11-21
SE,MG,PATOS DE MINAS,PETRORAÇA COMBUSTÍVEIS LTDA.,07.559.158/0001-45,RUA DONA LUIZA,1185,,LAGOA GRANDE,38700-164,GASOLINA ADITIVADA,03/01/2023,4.87,,R$ / litro,BRANCA,2023-11-21
SE,MG,PATOS DE MINAS,PETRORAÇA COMBUSTÍVEIS LTDA.,07.559.158/0001-45,RUA DONA LUIZA,1185,,LAGOA GRANDE,38700-164,GASOLINA,03/01/2023,4.87,,R$ / litro,BRANCA,2023-11-21
SE,MG,PATOS DE MINAS,AUTO POSTO MARABA LTDA.,04.997.765/0001-07,AVENIDA MARABA,116,,ALTO CAICARAS,38702-192,ETANOL,03/01/2023,3.79,,R$ / litro,ALESAT,2023-11-21
SE,MG,PATOS DE MINAS,AUTO POSTO MARABA LTDA.,04.997.765/0001-07,AVENIDA MARABA,116,,ALTO CAICARAS,38702-192,DIESEL S10,03/01/2023,6.29,,R$ / litro,ALESAT,2023-11-21
SE,MG,PATOS DE MINAS,AUTO POSTO MARABA LTDA.,04.997.765/0001-07,AVENIDA MARABA,116,,ALTO CAICARAS,38702-192,DIESEL,03/01/2023,6.29,,R$ / litro,ALESAT,2023-11-21
SE,MG,PATOS DE MINAS,AUTO POSTO MARABA LTDA.,04.997.765/0001-07,AVENIDA MARABA,116,,ALTO CAICARAS,38702-192,GASOLINA,03/01/2023,4.79,,R$ / litro,ALESAT,2023-11-21
SE,MG,PATOS DE MINAS,COIMBRA E GOMES LTDA,02.036.182/0001-86,RUA PADRE CALDEIRA,209,,CENTRO,38700-044,ETANOL,03/01/2023,3.99,,R$ / litro,RAIZEN,2023-11-21
SE,MG,PATOS DE MINAS,COIMBRA E GOMES LTDA,02.036.182/0001-86,RUA PADRE CALDEIRA,209,,CENTRO,38700-044,DIESEL S10,03/01/2023,6.39,,R$ / litro,RAIZEN,2023-11-21
SE,MG,PATOS DE MINAS,COIMBRA E GOMES LTDA,02.036.182/0001-86,RUA PADRE CALDEIRA,209,,CENTRO,38700-044,GASOLINA ADITIVADA,03/01/2023,5.19,,R$ / litro,RAIZEN,2023-11-21
SE,MG,PATOS DE MINAS,COIMBRA E GOMES LTDA,02.036.182/0001-86,RUA PADRE CALDEIRA,209,,CENTRO,38700-044,GASOLINA,03/01/2023,4.99,,R$ / litro,RAIZEN,2023-11-21
SE,MG,PATOS DE MINAS,PARQUE AUTO POSTO LTDA,05.385.747/0001-29,AVENIDA MARABA,525,,ALTO DOS CAICARAS,38703-236,ETANOL,03/01/2023,3.79,,R$ / litro,BRANCA,2023-11-21
SE,MG,PATOS DE MINAS,PARQUE AUTO POSTO LTDA,05.385.747/0001-29,AVENIDA MARABA,525,,ALTO DOS CAICARAS,38703-236,DIESEL S10,03/01/2023,6.29,,R$ / litro,BRANCA,2023-11-21
SE,MG,PATOS DE MINAS,PARQUE AUTO POSTO LTDA,05.385.747/0001-29,AVENIDA MARABA,525,,ALTO DOS CAICARAS,38703-236,GASOLINA,03/01/2023,4.78,,R$ / litro,BRANCA,2023-11-21
SE,MG,PATOS DE MINAS,PIT STOP ABASTECIMENTOS LTDA,02.593.278/0001-45,PRACA NOSSA SENHORA DE FATIMA,50,,ROSARIO,38701-026,ETANOL,03/01/2023,4.18,,R$ / litro,VIBRA ENERGIA,2023-11-21
SE,MG,PATOS DE MINAS,PIT STOP ABASTECIMENTOS LTDA,02.593.278/0001-45,PRACA NOSSA SENHORA DE FATIMA,50,,ROSARIO,38701-026,DIESEL S10,03/01/2023,6.29,,R$ / litro,VIBRA ENERGIA,2023-11-21
SE,MG,PATOS DE MINAS,PIT STOP ABASTECIMENTOS LTDA,02.593.278/0001-45,PRACA NOSSA SENHORA DE FATIMA,50,,ROSARIO,38701-026,GASOLINA ADITIVADA,03/01/2023,4.98,,R$ / litro,VIBRA ENERGIA,2023-11-21
SE,MG,PATOS DE MINAS,PIT STOP ABASTECIMENTOS LTDA,02.593.278/0001-45,PRACA NOSSA SENHORA DE FATIMA,50,,ROSARIO,38701-026,GASOLINA,03/01/2023,4.98,,R$ / litro,VIBRA ENERGIA,2023-11-21
SE,MG,PATOS DE MINAS,POSTOS ALPA LTDA,02.234.943/0009-61,RUA PARA,322,,CONEGO GETULIO,38700-001,ETANOL,03/01/2023,4.29,,R$ / litro,RAIZEN,2023-11-21
SE,MG,PATOS DE MINAS,POSTOS ALPA LTDA,02.234.943/0009-61,RUA PARA,322,,CONEGO GETULIO,38700-001,DIESEL S10,03/01/2023,6.34,,R$ / litro,RAIZEN,2023-11-21
SE,MG,PATOS DE MINAS,POSTOS ALPA LTDA,02.234.943/0009-61,RUA PARA,322,,CONEGO GETULIO,38700-001,GASOLINA ADITIVADA,03/01/2023,5.49,,R$ / litro,RAIZEN,2023-11-21
SE,MG,PATOS DE MINAS,POSTOS ALPA LTDA,02.234.943/0009-61,RUA PARA,322,,CONEGO GETULIO,38700-001,GASOLINA,03/01/2023,5.19,,R$ / litro,RAIZEN,2023-11-21
SE,MG,POCOS DE CALDAS,AUTO POSTO DIOGO & SILVA LTDA.,08.777.883/0001-52,AVENIDA VEREADOR EDMUNDO CARDILLO,56,,PARQUE VIVALDI LEITE RIBEIRO,37706-106,ETANOL,04/01/2023,3.99,,R$ / litro,BRANCA,2023-11-21
SE,MG,POCOS DE CALDAS,AUTO POSTO DIOGO & SILVA LTDA.,08.777.883/0001-52,AVENIDA VEREADOR EDMUNDO CARDILLO,56,,PARQUE VIVALDI LEITE RIBEIRO,37706-106,DIESEL S10,04/01/2023,6.09,,R$ / litro,BRANCA,2023-11-21
SE,MG,POCOS DE CALDAS,AUTO POSTO DIOGO & SILVA LTDA.,08.777.883/0001-52,AVENIDA VEREADOR EDMUNDO CARDILLO,56,,PARQUE VIVALDI LEITE RIBEIRO,37706-106,DIESEL,04/01/2023,5.99,,R$ / litro,BRANCA,2023-11-21
SE,MG,POCOS DE CALDAS,AUTO POSTO DIOGO & SILVA LTDA.,08.777.883/0001-52,AVENIDA VEREADOR EDMUNDO CARDILLO,56,,PARQUE VIVALDI LEITE RIBEIRO,37706-106,GASOLINA,04/01/2023,4.97,,R$ / litro,BRANCA,2023-11-21
SE,MG,POCOS DE CALDAS,AUTO POSTO REKAR LTDA.,07.341.138/0001-01,RUA CEL. VIRIGILIO SILVA,1578,,VILA NOVA,37701-103,ETANOL,04/01/2023,3.79,,R$ / litro,IPIRANGA,2023-11-21
SE,MG,POCOS DE CALDAS,AUTO POSTO REKAR LTDA.,07.341.138/0001-01,RUA CEL. VIRIGILIO SILVA,1578,,VILA NOVA,37701-103,DIESEL S10,04/01/2023,6.49,,R$ / litro,IPIRANGA,2023-11-21
SE,MG,POCOS DE CALDAS,AUTO POSTO REKAR LTDA.,07.341.138/0001-01,RUA CEL. VIRIGILIO SILVA,1578,,VILA NOVA,37701-103,DIESEL,04/01/2023,6.39,,R$ / litro,IPIRANGA,2023-11-21
SE,MG,POCOS DE CALDAS,AUTO POSTO REKAR LTDA.,07.341.138/0001-01,RUA CEL. VIRIGILIO SILVA,1578,,VILA NOVA,37701-103,GASOLINA ADITIVADA,04/01/2023,4.99,,R$ / litro,IPIRANGA,2023-11-21
SE,MG,POCOS DE CALDAS,AUTO POSTO REKAR LTDA.,07.341.138/0001-01,RUA CEL. VIRIGILIO SILVA,1578,,VILA NOVA,37701-103,GASOLINA,04/01/2023,4.79,,R$ / litro,IPIRANGA,2023-11-21
SE,MG,POCOS DE CALDAS,RC COMERCIO DE COMBUSTIVEIS LTDA,22.026.686/0001-22,AVENIDA PRESIDENTE WENCESLAU BRÁZ,400,2,PARQUE PRIMAVERA,37060-000,ETANOL,04/01/2023,3.79,,R$ / litro,IPIRANGA,2023-11-21
SE,MG,POCOS DE CALDAS,RC COMERCIO DE COMBUSTIVEIS LTDA,22.026.686/0001-22,AVENIDA PRESIDENTE WENCESLAU BRÁZ,400,2,PARQUE PRIMAVERA,37060-000,DIESEL S10,04/01/2023,6.49,,R$ / litro,IPIRANGA,2023-11-21
SE,MG,POCOS DE CALDAS,RC COMERCIO DE COMBUSTIVEIS LTDA,22.026.686/0001-22,AVENIDA PRESIDENTE WENCESLAU BRÁZ,400,2,PARQUE PRIMAVERA,37060-000,GASOLINA,04/01/2023,4.79,,R$ / litro,IPIRANGA,2023-11-21
SE,MG,POCOS DE CALDAS,INFANTE & PATRICIO LTDA,21.385.968/0002-34,AVENIDA SANTO ANTONIO,497,,CASCATINHA,37701-036,ETANOL,04/01/2023,3.99,,R$ / litro,IPIRANGA,2023-11-21
SE,MG,POCOS DE CALDAS,INFANTE & PATRICIO LTDA,21.385.968/0002-34,AVENIDA SANTO ANTONIO,497,,CASCATINHA,37701-036,DIESEL S10,04/01/2023,6.09,,R$ / litro,IPIRANGA,2023-11-21
SE,MG,POCOS DE CALDAS,INFANTE & PATRICIO LTDA,21.385.968/0002-34,AVENIDA SANTO ANTONIO,497,,CASCATINHA,37701-036,DIESEL,04/01/2023,5.99,,R$ / litro,IPIRANGA,2023-11-21
SE,MG,POCOS DE CALDAS,INFANTE & PATRICIO LTDA,21.385.968/0002-34,AVENIDA SANTO ANTONIO,497,,CASCATINHA,37701-036,GASOLINA ADITIVADA,04/01/2023,4.99,,R$ / litro,IPIRANGA,2023-11-21
SE,MG,POCOS DE CALDAS,INFANTE & PATRICIO LTDA,21.385.968/0002-34,AVENIDA SANTO ANTONIO,497,,CASCATINHA,37701-036,GASOLINA,04/01/2023,4.89,,R$ / litro,IPIRANGA,2023-11-21
SE,MG,POCOS DE CALDAS,POSTO AVENIDA LTDA,18.625.228/0001-32,AVENIDA JOAO PINHEIRO,1935,,CENTRO,37701-387,ETANOL,04/01/2023,3.79,,R$ / litro,IPIRANGA,2023-11-21
SE,MG,POCOS DE CALDAS,POSTO AVENIDA LTDA,18.625.228/0001-32,AVENIDA JOAO PINHEIRO,1935,,CENTRO,37701-387,DIESEL S10,04/01/2023,6.49,,R$ / litro,IPIRANGA,2023-11-21
SE,MG,POCOS DE CALDAS,POSTO AVENIDA LTDA,18.625.228/0001-32,AVENIDA JOAO PINHEIRO,1935,,CENTRO,37701-387,DIESEL,04/01/2023,6.46,,R$ / litro,IPIRANGA,2023-11-21
SE,MG,POCOS DE CALDAS,POSTO AVENIDA LTDA,18.625.228/0001-32,AVENIDA JOAO PINHEIRO,1935,,CENTRO,37701-387,GASOLINA ADITIVADA,04/01/2023,5.09,,R$ / litro,IPIRANGA,2023-11-21
SE,MG,POCOS DE CALDAS,POSTO AVENIDA LTDA,18.625.228/0001-32,AVENIDA JOAO PINHEIRO,1935,,CENTRO,37701-387,GASOLINA,04/01/2023,4.89,,R$ / litro,IPIRANGA,2023-11-21
SE,MG,POCOS DE CALDAS,MANTOVANI & MANTOVANI JOAO PINHEIRO 2 LTDA,02.327.487/0001-47,AVENIDA JOAO PINHEIRO,1248,,JOAO PINHEIRO,37701-387,ETANOL,04/01/2023,3.78,,R$ / litro,BRANCA,2023-11-21
SE,MG,POCOS DE CALDAS,MANTOVANI & MANTOVANI JOAO PINHEIRO 2 LTDA,02.327.487/0001-47,AVENIDA JOAO PINHEIRO,1248,,JOAO PINHEIRO,37701-387,DIESEL S10,04/01/2023,6.49,,R$ / litro,BRANCA,2023-11-21
SE,MG,POCOS DE CALDAS,MANTOVANI & MANTOVANI JOAO PINHEIRO 2 LTDA,02.327.487/0001-47,AVENIDA JOAO PINHEIRO,1248,,JOAO PINHEIRO,37701-387,DIESEL,04/01/2023,6.39,,R$ / litro,BRANCA,2023-11-21
SE,MG,POCOS DE CALDAS,MANTOVANI & MANTOVANI JOAO PINHEIRO 2 LTDA,02.327.487/0001-47,AVENIDA JOAO PINHEIRO,1248,,JOAO PINHEIRO,37701-387,GASOLINA,04/01/2023,4.79,,R$ / litro,BRANCA,2023-11-21
SE,MG,SAO JOAO DEL REI,ORGANIZACOES TEXAS LTDA,00.786.662/0001-39,PRACA DOS EXPEDICIONARIOS,11,,CENTRO,36307-370,ETANOL,03/01/2023,4.05,,R$ / litro,RAIZEN,2023-11-21
SE,MG,SAO JOAO DEL REI,ORGANIZACOES TEXAS LTDA,00.786.662/0001-39,PRACA DOS EXPEDICIONARIOS,11,,CENTRO,36307-370,GASOLINA ADITIVADA,03/01/2023,5.59,,R$ / litro,RAIZEN,2023-11-21
SE,MG,SAO JOAO DEL REI,ORGANIZACOES TEXAS LTDA,00.786.662/0001-39,PRACA DOS EXPEDICIONARIOS,11,,CENTRO,36307-370,GASOLINA,03/01/2023,5.19,,R$ / litro,RAIZEN,2023-11-21
SE,MG,SAO JOAO DEL REI,PAIVA & PAIVA COMBUSTÍVEL SAOJOANENSE LTDA.,07.304.262/0001-99,AVENIDA JOSUÉ DE QUEIROZ,1619,,MATOSINHOS,36305-144,ETANOL,03/01/2023,4.09,,R$ / litro,BRANCA,2023-11-21
SE,MG,SAO JOAO DEL REI,PAIVA & PAIVA COMBUSTÍVEL SAOJOANENSE LTDA.,07.304.262/0001-99,AVENIDA JOSUÉ DE QUEIROZ,1619,,MATOSINHOS,36305-144,DIESEL S10,03/01/2023,6.29,,R$ / litro,BRANCA,2023-11-21
SE,MG,SAO JOAO DEL REI,PAIVA & PAIVA COMBUSTÍVEL SAOJOANENSE LTDA.,07.304.262/0001-99,AVENIDA JOSUÉ DE QUEIROZ,1619,,MATOSINHOS,36305-144,DIESEL,03/01/2023,6.19,,R$ / litro,BRANCA,2023-11-21
SE,MG,SAO JOAO DEL REI,PAIVA & PAIVA COMBUSTÍVEL SAOJOANENSE LTDA.,07.304.262/0001-99,AVENIDA JOSUÉ DE QUEIROZ,1619,,MATOSINHOS,36305-144,GASOLINA ADITIVADA,03/01/2023,5,,R$ / litro,BRANCA,2023-11-21
SE,MG,SAO JOAO DEL REI,PAIVA & PAIVA COMBUSTÍVEL SAOJOANENSE LTDA.,07.304.262/0001-99,AVENIDA JOSUÉ DE QUEIROZ,1619,,MATOSINHOS,36305-144,GASOLINA,03/01/2023,5,,R$ / litro,BRANCA,2023-11-21
SE,MG,SAO JOAO DEL REI,COMERCIO E DISTRIBUICAO SALES LTDA,05.418.619/0013-78,AVENIDA LEITE DE CASTRO,261,A,FABRICAS,36301-182,ETANOL,03/01/2023,3.98,,R$ / litro,BRANCA,2023-11-21
SE,MG,SAO JOAO DEL REI,COMERCIO E DISTRIBUICAO SALES LTDA,05.418.619/0013-78,AVENIDA LEITE DE CASTRO,261,A,FABRICAS,36301-182,DIESEL S10,03/01/2023,6.39,,R$ / litro,BRANCA,2023-11-21
SE,MG,SAO JOAO DEL REI,COMERCIO E DISTRIBUICAO SALES LTDA,05.418.619/0013-78,AVENIDA LEITE DE CASTRO,261,A,FABRICAS,36301-182,GASOLINA ADITIVADA,03/01/2023,5.09,,R$ / litro,BRANCA,2023-11-21
SE,MG,SAO JOAO DEL REI,COMERCIO E DISTRIBUICAO SALES LTDA,05.418.619/0013-78,AVENIDA LEITE DE CASTRO,261,A,FABRICAS,36301-182,GASOLINA,03/01/2023,4.98,,R$ / litro,BRANCA,2023-11-21
SE,MG,SAO JOAO DEL REI,MASTER COMERCIO DERIVADOS DE PETROLEO LTDA,01.372.378/0001-89,AVENIDA JOSUE DE QUEIROZ,563,,MATOSINHOS,36305-146,ETANOL,03/01/2023,4.33,,R$ / litro,IPIRANGA,2023-11-21
SE,MG,SAO JOAO DEL REI,MASTER COMERCIO DERIVADOS DE PETROLEO LTDA,01.372.378/0001-89,AVENIDA JOSUE DE QUEIROZ,563,,MATOSINHOS,36305-146,DIESEL S10,03/01/2023,6.65,,R$ / litro,IPIRANGA,2023-11-21
SE,MG,SAO JOAO DEL REI,MASTER COMERCIO DERIVADOS DE PETROLEO LTDA,01.372.378/0001-89,AVENIDA JOSUE DE QUEIROZ,563,,MATOSINHOS,36305-146,GASOLINA ADITIVADA,03/01/2023,5.59,,R$ / litro,IPIRANGA,2023-11-21
SE,MG,SAO JOAO DEL REI,MASTER COMERCIO DERIVADOS DE PETROLEO LTDA,01.372.378/0001-89,AVENIDA JOSUE DE QUEIROZ,563,,MATOSINHOS,36305-146,GASOLINA,03/01/2023,5.19,,R$ / litro,IPIRANGA,2023-11-21
SE,MG,SAO JOAO DEL REI,POSTO SHARK LTDA,03.128.389/0001-43,RUA JESUS SILVA,445,,MATOSINHOS,36305-160,ETANOL,03/01/2023,3.88,,R$ / litro,BRANCA,2023-11-21
SE,MG,SAO JOAO DEL REI,POSTO SHARK LTDA,03.128.389/0001-43,RUA JESUS SILVA,445,,MATOSINHOS,36305-160,DIESEL S10,03/01/2023,6.59,,R$ / litro,BRANCA,2023-11-21
SE,MG,SAO JOAO DEL REI,POSTO SHARK LTDA,03.128.389/0001-43,RUA JESUS SILVA,445,,MATOSINHOS,36305-160,GASOLINA ADITIVADA,03/01/2023,5.29,,R$ / litro,BRANCA,2023-11-21
SE,MG,SAO JOAO DEL REI,POSTO SHARK LTDA,03.128.389/0001-43,RUA JESUS SILVA,445,,MATOSINHOS,36305-160,GASOLINA,03/01/2023,5.19,,R$ / litro,BRANCA,2023-11-21
SE,MG,SAO JOAO DEL REI,AUTO POSTO CANADA LTDA EPP,02.644.577/0001-61,AVENIDA 31 DE MARÇO,30,,COLONIA DO MARÇAL,36300-000,ETANOL,03/01/2023,4.18,,R$ / litro,ALESAT,2023-11-21
SE,MG,SAO JOAO DEL REI,AUTO POSTO CANADA LTDA EPP,02.644.577/0001-61,AVENIDA 31 DE MARÇO,30,,COLONIA DO MARÇAL,36300-000,DIESEL S10,03/01/2023,6.81,,R$ / litro,ALESAT,2023-11-21
SE,MG,SAO JOAO DEL REI,AUTO POSTO CANADA LTDA EPP,02.644.577/0001-61,AVENIDA 31 DE MARÇO,30,,COLONIA DO MARÇAL,36300-000,DIESEL,03/01/2023,6.71,,R$ / litro,ALESAT,2023-11-21
SE,MG,SAO JOAO DEL REI,AUTO POSTO CANADA LTDA EPP,02.644.577/0001-61,AVENIDA 31 DE MARÇO,30,,COLONIA DO MARÇAL,36300-000,GASOLINA,03/01/2023,5.2,,R$ / litro,ALESAT,2023-11-21
SE,MG,SAO JOAO DEL REI,MAXXI COMERCIO DE DERIVADOS DE PETROLEO LTDA,02.599.412/0001-15,RUA MARIA TERESA,111,,CENTRO,36300-195,ETANOL,03/01/2023,4.05,,R$ / litro,BRANCA,2023-11-21
SE,MG,SAO JOAO DEL REI,MAXXI COMERCIO DE DERIVADOS DE PETROLEO LTDA,02.599.412/0001-15,RUA MARIA TERESA,111,,CENTRO,36300-195,DIESEL S10,03/01/2023,6.43,,R$ / litro,BRANCA,2023-11-21
SE,MG,SAO JOAO DEL REI,MAXXI COMERCIO DE DERIVADOS DE PETROLEO LTDA,02.599.412/0001-15,RUA MARIA TERESA,111,,CENTRO,36300-195,GASOLINA ADITIVADA,03/01/2023,4.99,,R$ / litro,BRANCA,2023-11-21
SE,MG,SAO JOAO DEL REI,MAXXI COMERCIO DE DERIVADOS DE PETROLEO LTDA,02.599.412/0001-15,RUA MARIA TERESA,111,,CENTRO,36300-195,GASOLINA,03/01/2023,4.99,,R$ / litro,BRANCA,2023-11-21
SE,MG,SETE LAGOAS,MATOS E RIBEIRO LTDA,25.750.068/0003-80,AVENIDA MUCIO JOSE REIS,669,,NOSSA SRA DAS GRACAS,35700-001,ETANOL,03/01/2023,3.98,,R$ / litro,BRANCA,2023-11-21
SE,MG,SETE LAGOAS,MATOS E RIBEIRO LTDA,25.750.068/0003-80,AVENIDA MUCIO JOSE REIS,669,,NOSSA SRA DAS GRACAS,35700-001,DIESEL,03/01/2023,5.94,,R$ / litro,BRANCA,2023-11-21
SE,MG,SETE LAGOAS,MATOS E RIBEIRO LTDA,25.750.068/0003-80,AVENIDA MUCIO JOSE REIS,669,,NOSSA SRA DAS GRACAS,35700-001,GASOLINA,03/01/2023,4.99,,R$ / litro,BRANCA,2023-11-21
SE,MG,SETE LAGOAS,REDE SANTANA COMBUSTIVEIS E GNV SETE LAGOAS LTDA,04.305.250/0001-90,AVENIDA DR. RENATO AZEREDO,2299,,CHACARA DO PAIVA,35700-312,ETANOL,03/01/2023,3.82,,R$ / litro,BRANCA,2023-11-21
SE,MG,SETE LAGOAS,REDE SANTANA COMBUSTIVEIS E GNV SETE LAGOAS LTDA,04.305.250/0001-90,AVENIDA DR. RENATO AZEREDO,2299,,CHACARA DO PAIVA,35700-312,DIESEL S10,03/01/2023,6.09,,R$ / litro,BRANCA,2023-11-21
SE,MG,SETE LAGOAS,REDE SANTANA COMBUSTIVEIS E GNV SETE LAGOAS LTDA,04.305.250/0001-90,AVENIDA DR. RENATO AZEREDO,2299,,CHACARA DO PAIVA,35700-312,GASOLINA ADITIVADA,03/01/2023,4.99,,R$ / litro,BRANCA,2023-11-21
SE,MG,SETE LAGOAS,REDE SANTANA COMBUSTIVEIS E GNV SETE LAGOAS LTDA,04.305.250/0001-90,AVENIDA DR. RENATO AZEREDO,2299,,CHACARA DO PAIVA,35700-312,GASOLINA,03/01/2023,4.89,,R$ / litro,BRANCA,2023-11-21
SE,MG,SETE LAGOAS,REDE SANTANA COMBUSTIVEIS E GNV SETE LAGOAS LTDA,04.305.250/0001-90,AVENIDA DR. RENATO AZEREDO,2299,,CHACARA DO PAIVA,35700-312,GNV,03/01/2023,4.85,,R$ / m³,BRANCA,2023-11-21
SE,MG,SETE LAGOAS,AUTO POSTO SUPREMO LTDA,05.458.099/0001-93,AVENIDA JOSE SERVULO SOALHEIRO,628,,SAO PEDRO,35701-019,ETANOL,03/01/2023,4.09,,R$ / litro,VIBRA ENERGIA,2023-11-21
SE,MG,SETE LAGOAS,AUTO POSTO SUPREMO LTDA,05.458.099/0001-93,AVENIDA JOSE SERVULO SOALHEIRO,628,,SAO PEDRO,35701-019,DIESEL S10,03/01/2023,6.54,,R$ / litro,VIBRA ENERGIA,2023-11-21
SE,MG,SETE LAGOAS,AUTO POSTO SUPREMO LTDA,05.458.099/0001-93,AVENIDA JOSE SERVULO SOALHEIRO,628,,SAO PEDRO,35701-019,DIESEL,03/01/2023,6.5,,R$ / litro,VIBRA ENERGIA,2023-11-21
SE,MG,SETE LAGOAS,AUTO POSTO SUPREMO LTDA,05.458.099/0001-93,AVENIDA JOSE SERVULO SOALHEIRO,628,,SAO PEDRO,35701-019,GASOLINA,03/01/2023,4.99,,R$ / litro,VIBRA ENERGIA,2023-11-21
SE,MG,SETE LAGOAS,IRMAOS SILVA S/A,21.012.190/0022-61,RUA ANTONIO OLINTO,565,,CENTRO,35700-002,ETANOL,03/01/2023,4.09,,R$ / litro,RAIZEN,2023-11-21
SE,MG,SETE LAGOAS,IRMAOS SILVA S/A,21.012.190/0022-61,RUA ANTONIO OLINTO,565,,CENTRO,35700-002,DIESEL S10,03/01/2023,6.09,,R$ / litro,RAIZEN,2023-11-21
SE,MG,SETE LAGOAS,IRMAOS SILVA S/A,21.012.190/0022-61,RUA ANTONIO OLINTO,565,,CENTRO,35700-002,GASOLINA ADITIVADA,03/01/2023,5.09,,R$ / litro,RAIZEN,2023-11-21
SE,MG,SETE LAGOAS,IRMAOS SILVA S/A,21.012.190/0022-61,RUA ANTONIO OLINTO,565,,CENTRO,35700-002,GASOLINA,03/01/2023,4.89,,R$ / litro,RAIZEN,2023-11-21
SE,MG,SETE LAGOAS,AUTO POSTO DA SERRA LTDA,00.761.829/0001-07,RUA BENEDITO VALADARES,576,,CENTRO,35700-055,ETANOL,04/01/2023,3.85,,R$ / litro,BRANCA,2023-11-21
SE,MG,SETE LAGOAS,AUTO POSTO DA SERRA LTDA,00.761.829/0001-07,RUA BENEDITO VALADARES,576,,CENTRO,35700-055,DIESEL,04/01/2023,5.95,,R$ / litro,BRANCA,2023-11-21
SE,MG,SETE LAGOAS,AUTO POSTO DA SERRA LTDA,00.761.829/0001-07,RUA BENEDITO VALADARES,576,,CENTRO,35700-055,GASOLINA,04/01/2023,4.85,,R$ / litro,BRANCA,2023-11-21
SE,MG,SETE LAGOAS,AUTO PECAS ABREU TEIXEIRA LTDA,24.988.032/0001-05,RUA PAULO FRONTIN,434,,CENTRO,35700-049,ETANOL,04/01/2023,4.09,,R$ / litro,RAIZEN,2023-11-21
SE,MG,SETE LAGOAS,AUTO PECAS ABREU TEIXEIRA LTDA,24.988.032/0001-05,RUA PAULO FRONTIN,434,,CENTRO,35700-049,GASOLINA ADITIVADA,04/01/2023,5.19,,R$ / litro,RAIZEN,2023-11-21
SE,MG,SETE LAGOAS,AUTO PECAS ABREU TEIXEIRA LTDA,24.988.032/0001-05,RUA PAULO FRONTIN,434,,CENTRO,35700-049,GASOLINA,04/01/2023,4.99,,R$ / litro,RAIZEN,2023-11-21
SE,MG,SETE LAGOAS,POSTO LAGOA LTDA,64.313.778/0001-33,RUA PROFESSOR ABEYLARD,1220,,N SRA DAS GRACAS,35700-069,ETANOL,03/01/2023,3.89,,R$ / litro,BRANCA,2023-11-21
SE,MG,SETE LAGOAS,POSTO LAGOA LTDA,64.313.778/0001-33,RUA PROFESSOR ABEYLARD,1220,,N SRA DAS GRACAS,35700-069,DIESEL S10,03/01/2023,6.04,,R$ / litro,BRANCA,2023-11-21
SE,MG,SETE LAGOAS,POSTO LAGOA LTDA,64.313.778/0001-33,RUA PROFESSOR ABEYLARD,1220,,N SRA DAS GRACAS,35700-069,DIESEL,03/01/2023,5.94,,R$ / litro,BRANCA,2023-11-21
SE,MG,SETE LAGOAS,POSTO LAGOA LTDA,64.313.778/0001-33,RUA PROFESSOR ABEYLARD,1220,,N SRA DAS GRACAS,35700-069,GASOLINA,03/01/2023,4.99,,R$ / litro,BRANCA,2023-11-21
SE,MG,SETE LAGOAS,COOPERATIVA REG DE PRODUTORES RURAIS DE S LAGOAS LTDA,24.989.477/0006-14,PRACA BARAO DO RIO BRANCO,80,,CENTRO,35700-029,ETANOL,04/01/2023,3.99,,R$ / litro,ALESAT,2023-11-21
SE,MG,SETE LAGOAS,COOPERATIVA REG DE PRODUTORES RURAIS DE S LAGOAS LTDA,24.989.477/0006-14,PRACA BARAO DO RIO BRANCO,80,,CENTRO,35700-029,DIESEL S10,04/01/2023,6.79,,R$ / litro,ALESAT,2023-11-21
SE,MG,SETE LAGOAS,COOPERATIVA REG DE PRODUTORES RURAIS DE S LAGOAS LTDA,24.989.477/0006-14,PRACA BARAO DO RIO BRANCO,80,,CENTRO,35700-029,DIESEL,04/01/2023,6.43,,R$ / litro,ALESAT,2023-11-21
SE,MG,SETE LAGOAS,COOPERATIVA REG DE PRODUTORES RURAIS DE S LAGOAS LTDA,24.989.477/0006-14,PRACA BARAO DO RIO BRANCO,80,,CENTRO,35700-029,GASOLINA,04/01/2023,4.88,,R$ / litro,ALESAT,2023-11-21
SE,MG,SETE LAGOAS,POSTO BONANZA LTDA,05.489.706/0001-82,RUA POLICENA MASCARENHAS,671,,SAO GERALDO,35700-184,ETANOL,04/01/2023,3.89,,R$ / litro,BRANCA,2023-11-21
SE,MG,SETE LAGOAS,POSTO BONANZA LTDA,05.489.706/0001-82,RUA POLICENA MASCARENHAS,671,,SAO GERALDO,35700-184,DIESEL S10,04/01/2023,6.04,,R$ / litro,BRANCA,2023-11-21
SE,MG,SETE LAGOAS,POSTO BONANZA LTDA,05.489.706/0001-82,RUA POLICENA MASCARENHAS,671,,SAO GERALDO,35700-184,DIESEL,04/01/2023,5.94,,R$ / litro,BRANCA,2023-11-21
SE,MG,SETE LAGOAS,POSTO BONANZA LTDA,05.489.706/0001-82,RUA POLICENA MASCARENHAS,671,,SAO GERALDO,35700-184,GASOLINA,04/01/2023,4.99,,R$ / litro,BRANCA,2023-11-21
SE,MG,SETE LAGOAS,VITTORIAM LTDA,04.686.253/0001-11,RUA CORONEL ANTONIO ANDRADE,1142,,SÃO GERALDO,35700-193,ETANOL,04/01/2023,3.89,,R$ / litro,BRANCA,2023-11-21
SE,MG,SETE LAGOAS,VITTORIAM LTDA,04.686.253/0001-11,RUA CORONEL ANTONIO ANDRADE,1142,,SÃO GERALDO,35700-193,DIESEL,04/01/2023,5.94,,R$ / litro,BRANCA,2023-11-21
SE,MG,SETE LAGOAS,VITTORIAM LTDA,04.686.253/0001-11,RUA CORONEL ANTONIO ANDRADE,1142,,SÃO GERALDO,35700-193,GASOLINA,04/01/2023,4.89,,R$ / litro,BRANCA,2023-11-21
SE,MG,SETE LAGOAS,AUTO POSTO MILENIO LTDA,03.339.647/0001-30,RUA PAULO FRONTIN,937,,CENTRO,35700-049,GASOLINA,04/01/2023,4.84,,R$ / litro,BRANCA,2023-11-21
SE,MG,SETE LAGOAS,AUTO POSTO MILENIO LTDA,03.339.647/0001-30,RUA PAULO FRONTIN,937,,CENTRO,35700-049,ETANOL,04/01/2023,4.04,,R$ / litro,BRANCA,2023-11-21
SE,MG,SETE LAGOAS,AUTO POSTO MILENIO LTDA,03.339.647/0001-30,RUA PAULO FRONTIN,937,,CENTRO,35700-049,DIESEL,04/01/2023,6.49,,R$ / litro,BRANCA,2023-11-21
SE,MG,TIMOTEO,COMERCIAL DE COMBUSTIVEIS VERANEIO LTDA,08.620.663/0001-10,RUA DEZESSEIS,44,,PRIMAVERA,35182-483,ETANOL,05/01/2023,4.15,,R$ / litro,ALESAT,2023-11-21
SE,MG,TIMOTEO,COMERCIAL DE COMBUSTIVEIS VERANEIO LTDA,08.620.663/0001-10,RUA DEZESSEIS,44,,PRIMAVERA,35182-483,DIESEL,05/01/2023,6.05,,R$ / litro,ALESAT,2023-11-21
SE,MG,TIMOTEO,COMERCIAL DE COMBUSTIVEIS VERANEIO LTDA,08.620.663/0001-10,RUA DEZESSEIS,44,,PRIMAVERA,35182-483,GASOLINA ADITIVADA,05/01/2023,5.05,,R$ / litro,ALESAT,2023-11-21
SE,MG,TIMOTEO,COMERCIAL DE COMBUSTIVEIS VERANEIO LTDA,08.620.663/0001-10,RUA DEZESSEIS,44,,PRIMAVERA,35182-483,GASOLINA,05/01/2023,4.92,,R$ / litro,ALESAT,2023-11-21
SE,MG,UBERLANDIA,OLIVEIRA CARNEIRO COMERCIO DE COMBUSTIVEIS LTDA,07.857.349/0001-93,PRACA CLARINDA DE FREITAS,375,,PRESIDENTE ROOSEVELT,38401-081,ETANOL,03/01/2023,3.87,,R$ / litro,BRANCA,2023-11-21
SE,MG,UBERLANDIA,OLIVEIRA CARNEIRO COMERCIO DE COMBUSTIVEIS LTDA,07.857.349/0001-93,PRACA CLARINDA DE FREITAS,375,,PRESIDENTE ROOSEVELT,38401-081,DIESEL S10,03/01/2023,6.19,,R$ / litro,BRANCA,2023-11-21
SE,MG,UBERLANDIA,OLIVEIRA CARNEIRO COMERCIO DE COMBUSTIVEIS LTDA,07.857.349/0001-93,PRACA CLARINDA DE FREITAS,375,,PRESIDENTE ROOSEVELT,38401-081,DIESEL,03/01/2023,6.09,,R$ / litro,BRANCA,2023-11-21
SE,MG,UBERLANDIA,OLIVEIRA CARNEIRO COMERCIO DE COMBUSTIVEIS LTDA,07.857.349/0001-93,PRACA CLARINDA DE FREITAS,375,,PRESIDENTE ROOSEVELT,38401-081,GASOLINA ADITIVADA,03/01/2023,4.97,,R$ / litro,BRANCA,2023-11-21
SE,MG,UBERLANDIA,OLIVEIRA CARNEIRO COMERCIO DE COMBUSTIVEIS LTDA,07.857.349/0001-93,PRACA CLARINDA DE FREITAS,375,,PRESIDENTE ROOSEVELT,38401-081,GASOLINA,03/01/2023,4.97,,R$ / litro,BRANCA,2023-11-21
SE,MG,UBERLANDIA,VDK COMERCIO DE COMBUSTIVEIS LTDA,05.363.398/0001-44,AVENIDA JOAO NAVES DE AVILA,3400,,SANTA MONICA,38408-144,GASOLINA ADITIVADA,04/01/2023,5.09,,R$ / litro,IPIRANGA,2023-11-21
SE,MG,UBERLANDIA,C.R.A COMERCIO E DERIVADOS DE PETROLEO LDA,08.397.016/0001-91,AVENIDA CESARIO ALVIM,946,,APARECIDA,38400-694,DIESEL,04/01/2023,6.39,,R$ / litro,ALESAT,2023-11-21
SE,MG,UBERLANDIA,C.R.A COMERCIO E DERIVADOS DE PETROLEO LDA,08.397.016/0001-91,AVENIDA CESARIO ALVIM,946,,APARECIDA,38400-694,GASOLINA ADITIVADA,04/01/2023,5.09,,R$ / litro,ALESAT,2023-11-21
SE,MG,UBERLANDIA,C.R.A COMERCIO E DERIVADOS DE PETROLEO LDA,08.397.016/0001-91,AVENIDA CESARIO ALVIM,946,,APARECIDA,38400-694,GASOLINA,04/01/2023,4.99,,R$ / litro,ALESAT,2023-11-21
SE,MG,UBERLANDIA,GAR COMBUSTIVEIS LTDA,07.441.809/0001-06,AVENIDA SEME SIMAO,1980,,LOTEAMENTO JARDIM BOTANICO BAIRRO GRANADA,38410-094,ETANOL,03/01/2023,3.89,,R$ / litro,IPIRANGA,2023-11-21
SE,MG,UBERLANDIA,GAR COMBUSTIVEIS LTDA,07.441.809/0001-06,AVENIDA SEME SIMAO,1980,,LOTEAMENTO JARDIM BOTANICO BAIRRO GRANADA,38410-094,DIESEL,03/01/2023,6.69,,R$ / litro,IPIRANGA,2023-11-21
SE,MG,UBERLANDIA,GAR COMBUSTIVEIS LTDA,07.441.809/0001-06,AVENIDA SEME SIMAO,1980,,LOTEAMENTO JARDIM BOTANICO BAIRRO GRANADA,38410-094,GASOLINA ADITIVADA,03/01/2023,5.09,,R$ / litro,IPIRANGA,2023-11-21
SE,MG,UBERLANDIA,GAR COMBUSTIVEIS LTDA,07.441.809/0001-06,AVENIDA SEME SIMAO,1980,,LOTEAMENTO JARDIM BOTANICO BAIRRO GRANADA,38410-094,GASOLINA,03/01/2023,4.99,,R$ / litro,IPIRANGA,2023-11-21
SE,MG,UBERLANDIA,URSA MAIOR DERIVADOS DE PETROLEO LTDA,07.586.114/0001-04,AVENIDA AFONSO PENA,1111,,APARECIDA,38400-706,GASOLINA ADITIVADA,04/01/2023,5.09,,R$ / litro,IPIRANGA,2023-11-21
SE,MG,UBERLANDIA,AUTO POSTO VALOR LTDA,06.925.627/0001-30,AVENIDA JOAO NAVES DE AVILA,4555,,SANTA MONICA,38408-144,DIESEL S10,03/01/2023,6.69,,R$ / litro,IPIRANGA,2023-11-21
SE,MG,UBERLANDIA,AUTO POSTO VALOR LTDA,06.925.627/0001-30,AVENIDA JOAO NAVES DE AVILA,4555,,SANTA MONICA,38408-144,DIESEL,03/01/2023,6.59,,R$ / litro,IPIRANGA,2023-11-21
SE,MG,UBERLANDIA,AUTO POSTO VALOR LTDA,06.925.627/0001-30,AVENIDA JOAO NAVES DE AVILA,4555,,SANTA MONICA,38408-144,GASOLINA ADITIVADA,03/01/2023,5.19,,R$ / litro,IPIRANGA,2023-11-21
SE,MG,UBERLANDIA,AUTO POSTO 2 M LTDA,03.201.848/0001-77,AVENIDA GETULIO VARGAS,1316,,MARTINS,38400-434,ETANOL,03/01/2023,3.88,,R$ / litro,RAIZEN,2023-11-21
SE,MG,UBERLANDIA,AUTO POSTO 2 M LTDA,03.201.848/0001-77,AVENIDA GETULIO VARGAS,1316,,MARTINS,38400-434,DIESEL S10,03/01/2023,6.39,,R$ / litro,RAIZEN,2023-11-21
SE,MG,UBERLANDIA,AUTO POSTO 2 M LTDA,03.201.848/0001-77,AVENIDA GETULIO VARGAS,1316,,MARTINS,38400-434,GASOLINA ADITIVADA,03/01/2023,5.33,,R$ / litro,RAIZEN,2023-11-21
SE,MG,UBERLANDIA,AUTO POSTO 2 M LTDA,03.201.848/0001-77,AVENIDA GETULIO VARGAS,1316,,MARTINS,38400-434,GASOLINA,03/01/2023,4.88,,R$ / litro,RAIZEN,2023-11-21
SE,MG,UBERLANDIA,AUTO POSTO VIEIRA E MARTINS LTDA,05.072.757/0001-04,AVENIDA JOAO NAVES DE AVILA,"7,066",A,SANTA MONICA,38408-680,ETANOL,04/01/2023,3.85,,R$ / litro,BRANCA,2023-11-21
SE,MG,UBERLANDIA,AUTO POSTO VIEIRA E MARTINS LTDA,05.072.757/0001-04,AVENIDA JOAO NAVES DE AVILA,"7,066",A,SANTA MONICA,38408-680,DIESEL S10,04/01/2023,6.07,,R$ / litro,BRANCA,2023-11-21
SE,MG,UBERLANDIA,AUTO POSTO VIEIRA E MARTINS LTDA,05.072.757/0001-04,AVENIDA JOAO NAVES DE AVILA,"7,066",A,SANTA MONICA,38408-680,DIESEL,04/01/2023,5.93,,R$ / litro,BRANCA,2023-11-21
SE,MG,UBERLANDIA,AUTO POSTO VIEIRA E MARTINS LTDA,05.072.757/0001-04,AVENIDA JOAO NAVES DE AVILA,"7,066",A,SANTA MONICA,38408-680,GASOLINA ADITIVADA,04/01/2023,5.18,,R$ / litro,BRANCA,2023-11-21
SE,MG,UBERLANDIA,AUTO POSTO VIEIRA E MARTINS LTDA,05.072.757/0001-04,AVENIDA JOAO NAVES DE AVILA,"7,066",A,SANTA MONICA,38408-680,GASOLINA,04/01/2023,4.95,,R$ / litro,BRANCA,2023-11-21
SE,MG,UBERLANDIA,POSTO 6 LTDA,04.471.418/0001-38,AVENIDA TAYLOR SILVA,824,,PARQUE GUARANI III,38415-402,ETANOL,03/01/2023,3.69,,R$ / litro,BRANCA,2023-11-21
SE,MG,UBERLANDIA,POSTO 6 LTDA,04.471.418/0001-38,AVENIDA TAYLOR SILVA,824,,PARQUE GUARANI III,38415-402,DIESEL S10,03/01/2023,5.89,,R$ / litro,BRANCA,2023-11-21
SE,MG,UBERLANDIA,POSTO 6 LTDA,04.471.418/0001-38,AVENIDA TAYLOR SILVA,824,,PARQUE GUARANI III,38415-402,DIESEL,03/01/2023,5.79,,R$ / litro,BRANCA,2023-11-21
SE,MG,UBERLANDIA,POSTO 6 LTDA,04.471.418/0001-38,AVENIDA TAYLOR SILVA,824,,PARQUE GUARANI III,38415-402,GASOLINA ADITIVADA,03/01/2023,4.89,,R$ / litro,BRANCA,2023-11-21
SE,MG,UBERLANDIA,POSTO 6 LTDA,04.471.418/0001-38,AVENIDA TAYLOR SILVA,824,,PARQUE GUARANI III,38415-402,GASOLINA,03/01/2023,4.77,,R$ / litro,BRANCA,2023-11-21
SE,MG,UBERLANDIA,PETROCARMO DISTRIBUIDORA DE PETROLEO LTDA,04.377.207/0001-30,PRACA LINCOLN,153,,PRESIDENTE ROOSEVELT,38401-046,ETANOL,03/01/2023,3.77,,R$ / litro,IPIRANGA,2023-11-21
SE,MG,UBERLANDIA,PETROCARMO DISTRIBUIDORA DE PETROLEO LTDA,04.377.207/0001-30,PRACA LINCOLN,153,,PRESIDENTE ROOSEVELT,38401-046,DIESEL S10,03/01/2023,6.19,,R$ / litro,IPIRANGA,2023-11-21
SE,MG,UBERLANDIA,PETROCARMO DISTRIBUIDORA DE PETROLEO LTDA,04.377.207/0001-30,PRACA LINCOLN,153,,PRESIDENTE ROOSEVELT,38401-046,GASOLINA,03/01/2023,4.99,,R$ / litro,IPIRANGA,2023-11-21
SE,MG,UBERLANDIA,AUTO POSTO SOUZA & OLIVEIRA LTDA,04.161.074/0001-60,RODOVIA ANEL VIARIO,S/N,KM    121.9,TAIAMAN,38414-512,ETANOL,03/01/2023,4.19,,R$ / litro,VIBRA ENERGIA,2023-11-21
SE,MG,UBERLANDIA,AUTO POSTO SOUZA & OLIVEIRA LTDA,04.161.074/0001-60,RODOVIA ANEL VIARIO,S/N,KM    121.9,TAIAMAN,38414-512,DIESEL S10,03/01/2023,5.99,,R$ / litro,VIBRA ENERGIA,2023-11-21
SE,MG,UBERLANDIA,AUTO POSTO SOUZA & OLIVEIRA LTDA,04.161.074/0001-60,RODOVIA ANEL VIARIO,S/N,KM    121.9,TAIAMAN,38414-512,DIESEL,03/01/2023,5.89,,R$ / litro,VIBRA ENERGIA,2023-11-21
SE,MG,UBERLANDIA,AUTO POSTO SOUZA & OLIVEIRA LTDA,04.161.074/0001-60,RODOVIA ANEL VIARIO,S/N,KM    121.9,TAIAMAN,38414-512,GASOLINA,03/01/2023,4.99,,R$ / litro,VIBRA ENERGIA,2023-11-21
SE,MG,UBERLANDIA,AUTO POSTO BIGUA LTDA,03.817.826/0001-36,AVENIDA JOAO PESSOA,1180,,BOM JESUS,38405-324,ETANOL,03/01/2023,3.87,,R$ / litro,BRANCA,2023-11-21
SE,MG,UBERLANDIA,AUTO POSTO BIGUA LTDA,03.817.826/0001-36,AVENIDA JOAO PESSOA,1180,,BOM JESUS,38405-324,DIESEL S10,03/01/2023,6.15,,R$ / litro,BRANCA,2023-11-21
SE,MG,UBERLANDIA,AUTO POSTO BIGUA LTDA,03.817.826/0001-36,AVENIDA JOAO PESSOA,1180,,BOM JESUS,38405-324,DIESEL,03/01/2023,6.05,,R$ / litro,BRANCA,2023-11-21
SE,MG,UBERLANDIA,AUTO POSTO BIGUA LTDA,03.817.826/0001-36,AVENIDA JOAO PESSOA,1180,,BOM JESUS,38405-324,GASOLINA ADITIVADA,03/01/2023,5.17,,R$ / litro,BRANCA,2023-11-21
SE,MG,UBERLANDIA,AUTO POSTO BIGUA LTDA,03.817.826/0001-36,AVENIDA JOAO PESSOA,1180,,BOM JESUS,38405-324,GASOLINA,03/01/2023,4.97,,R$ / litro,BRANCA,2023-11-21
SE,MG,UBERLANDIA,POSTO ANDRADAS LTDA,03.805.145/0001-58,RUA MONTE CARMELO,1202,,MARTINS,38400-470,ETANOL,03/01/2023,3.79,,R$ / litro,VIBRA ENERGIA,2023-11-21
SE,MG,UBERLANDIA,POSTO ANDRADAS LTDA,03.805.145/0001-58,RUA MONTE CARMELO,1202,,MARTINS,38400-470,DIESEL S10,03/01/2023,6.19,,R$ / litro,VIBRA ENERGIA,2023-11-21
SE,MG,UBERLANDIA,POSTO ANDRADAS LTDA,03.805.145/0001-58,RUA MONTE CARMELO,1202,,MARTINS,38400-470,GASOLINA ADITIVADA,03/01/2023,4.99,,R$ / litro,VIBRA ENERGIA,2023-11-21
SE,MG,UBERLANDIA,POSTO ANDRADAS LTDA,03.805.145/0001-58,RUA MONTE CARMELO,1202,,MARTINS,38400-470,GASOLINA,03/01/2023,4.89,,R$ / litro,VIBRA ENERGIA,2023-11-21
SE,MG,UBERLANDIA,AUTO POSTO TOP LINE LTDA,03.514.305/0001-00,RUA MACHADO DE ASSIS,169,,CENTRO,38400-112,ETANOL,03/01/2023,3.68,,R$ / litro,CIAPETRO,2023-11-21
SE,MG,UBERLANDIA,AUTO POSTO TOP LINE LTDA,03.514.305/0001-00,RUA MACHADO DE ASSIS,169,,CENTRO,38400-112,GASOLINA,03/01/2023,4.78,,R$ / litro,CIAPETRO,2023-11-21
SE,MG,UBERLANDIA,POSTO SARAIVA LTDA,02.298.415/0001-19,RUA DUQUE DE CAXIAS,2031,,SARAIVA,38408-382,DIESEL S10,04/01/2023,6.69,,R$ / litro,IPIRANGA,2023-11-21
SE,MG,UBERLANDIA,POSTO SARAIVA LTDA,02.298.415/0001-19,RUA DUQUE DE CAXIAS,2031,,SARAIVA,38408-382,GASOLINA ADITIVADA,04/01/2023,5.19,,R$ / litro,IPIRANGA,2023-11-21
SE,MG,UBERLANDIA,AUTO POSTO PARQUE GRANADA,01.507.529/0001-69,ALAMEDA RAUL PETRONILHO DE PADUA,75,,PARQUE GRANADA,38401-730,ETANOL,03/01/2023,3.89,,R$ / litro,BRANCA,2023-11-21
SE,MG,UBERLANDIA,AUTO POSTO PARQUE GRANADA,01.507.529/0001-69,ALAMEDA RAUL PETRONILHO DE PADUA,75,,PARQUE GRANADA,38401-730,DIESEL S10,03/01/2023,6.37,,R$ / litro,BRANCA,2023-11-21
SE,MG,UBERLANDIA,AUTO POSTO PARQUE GRANADA,01.507.529/0001-69,ALAMEDA RAUL PETRONILHO DE PADUA,75,,PARQUE GRANADA,38401-730,GASOLINA ADITIVADA,03/01/2023,4.99,,R$ / litro,BRANCA,2023-11-21
SE,MG,UBERLANDIA,AUTO POSTO PARQUE GRANADA,01.507.529/0001-69,ALAMEDA RAUL PETRONILHO DE PADUA,75,,PARQUE GRANADA,38401-730,GASOLINA,03/01/2023,4.99,,R$ / litro,BRANCA,2023-11-21
SE,MG,UBERLANDIA,ASA DELTA AUTO POSTO LTDA,01.154.059/0001-05,AVENIDA GETULIO VARGAS,3955,,JARDIM FLORIDA,38400-434,ETANOL,03/01/2023,3.89,,R$ / litro,VIBRA ENERGIA,2023-11-21
SE,MG,UBERLANDIA,ASA DELTA AUTO POSTO LTDA,01.154.059/0001-05,AVENIDA GETULIO VARGAS,3955,,JARDIM FLORIDA,38400-434,DIESEL S10,03/01/2023,6.29,,R$ / litro,VIBRA ENERGIA,2023-11-21
SE,MG,UBERLANDIA,ASA DELTA AUTO POSTO LTDA,01.154.059/0001-05,AVENIDA GETULIO VARGAS,3955,,JARDIM FLORIDA,38400-434,DIESEL,03/01/2023,6.27,,R$ / litro,VIBRA ENERGIA,2023-11-21
SE,MG,UBERLANDIA,ASA DELTA AUTO POSTO LTDA,01.154.059/0001-05,AVENIDA GETULIO VARGAS,3955,,JARDIM FLORIDA,38400-434,GASOLINA ADITIVADA,03/01/2023,5.09,,R$ / litro,VIBRA ENERGIA,2023-11-21
SE,MG,UBERLANDIA,ASA DELTA AUTO POSTO LTDA,01.154.059/0001-05,AVENIDA GETULIO VARGAS,3955,,JARDIM FLORIDA,38400-434,GASOLINA,03/01/2023,4.99,,R$ / litro,VIBRA ENERGIA,2023-11-21
SE,MG,ARAGUARI,RAFA COMERCIO DE COMBUSTIVEIS LTDA,08.171.637/0001-52,RUA JAIME GOMES,91,,CENTRO,38440-074,ETANOL,02/01/2023,3.77,,R$ / litro,BRANCA,2023-11-21
SE,MG,ARAGUARI,RAFA COMERCIO DE COMBUSTIVEIS LTDA,08.171.637/0001-52,RUA JAIME GOMES,91,,CENTRO,38440-074,DIESEL S10,02/01/2023,6.05,,R$ / litro,BRANCA,2023-11-21
SE,MG,ARAGUARI,RAFA COMERCIO DE COMBUSTIVEIS LTDA,08.171.637/0001-52,RUA JAIME GOMES,91,,CENTRO,38440-074,GASOLINA,02/01/2023,4.87,,R$ / litro,BRANCA,2023-11-21
SE,MG,ARAGUARI,AUTO POSTO JL LTDA,06.315.263/0001-76,AVENIDA VEREADOR GERALDO TEODORO,290,,BOSQUE,38446-124,GASOLINA ADITIVADA,02/01/2023,4.99,,R$ / litro,VIBRA ENERGIA,2023-11-21
SE,MG,ARAGUARI,AUTO POSTO JL LTDA,06.315.263/0001-76,AVENIDA VEREADOR GERALDO TEODORO,290,,BOSQUE,38446-124,GASOLINA,02/01/2023,4.89,,R$ / litro,VIBRA ENERGIA,2023-11-21
SE,MG,ARAGUARI,LEAO AUTO POSTO LTDA,02.442.520/0001-80,RUA JOAQUIM BARBOSA,1480,,MILENIUM,38446-146,ETANOL,02/01/2023,3.79,,R$ / litro,ALESAT,2023-11-21
SE,MG,ARAGUARI,LEAO AUTO POSTO LTDA,02.442.520/0001-80,RUA JOAQUIM BARBOSA,1480,,MILENIUM,38446-146,DIESEL S10,02/01/2023,6.49,,R$ / litro,ALESAT,2023-11-21
SE,MG,ARAGUARI,LEAO AUTO POSTO LTDA,02.442.520/0001-80,RUA JOAQUIM BARBOSA,1480,,MILENIUM,38446-146,DIESEL,02/01/2023,6.29,,R$ / litro,ALESAT,2023-11-21
SE,MG,ARAGUARI,LEAO AUTO POSTO LTDA,02.442.520/0001-80,RUA JOAQUIM BARBOSA,1480,,MILENIUM,38446-146,GASOLINA,02/01/2023,4.89,,R$ / litro,ALESAT,2023-11-21
SE,MG,ARAXA,ALBANO DE AZEVEDO E SOUZA & CIA LTDA,03.572.854/0002-11,AVENIDA PEDRO DE PAULA LEMOS,3,,DOMINGOS ZEMA,38181-179,ETANOL,05/01/2023,4.07,,R$ / litro,IPIRANGA,2023-11-21
SE,MG,ARAXA,ALBANO DE AZEVEDO E SOUZA & CIA LTDA,03.572.854/0002-11,AVENIDA PEDRO DE PAULA LEMOS,3,,DOMINGOS ZEMA,38181-179,DIESEL S10,05/01/2023,6.25,,R$ / litro,IPIRANGA,2023-11-21
SE,MG,ARAXA,ALBANO DE AZEVEDO E SOUZA & CIA LTDA,03.572.854/0002-11,AVENIDA PEDRO DE PAULA LEMOS,3,,DOMINGOS ZEMA,38181-179,DIESEL,05/01/2023,6.19,,R$ / litro,IPIRANGA,2023-11-21
SE,MG,ARAXA,ALBANO DE AZEVEDO E SOUZA & CIA LTDA,03.572.854/0002-11,AVENIDA PEDRO DE PAULA LEMOS,3,,DOMINGOS ZEMA,38181-179,GASOLINA,05/01/2023,5.19,,R$ / litro,IPIRANGA,2023-11-21
SE,MG,ARAXA,ALBANO DE AZEVEDO E SOUZA,07.267.256/0001-09,RUA BELO HORIZONTE,674,,CENTRO,38183-146,ETANOL,05/01/2023,4.07,,R$ / litro,VIBRA ENERGIA,2023-11-21
SE,MG,ARAXA,ALBANO DE AZEVEDO E SOUZA,07.267.256/0001-09,RUA BELO HORIZONTE,674,,CENTRO,38183-146,GASOLINA ADITIVADA,05/01/2023,5.25,,R$ / litro,VIBRA ENERGIA,2023-11-21
SE,MG,ARAXA,ALBANO DE AZEVEDO E SOUZA,07.267.256/0001-09,RUA BELO HORIZONTE,674,,CENTRO,38183-146,GASOLINA,05/01/2023,5.15,,R$ / litro,VIBRA ENERGIA,2023-11-21
SE,MG,ARAXA,ALBANO DE AZEVEDO E SOUZA & CIA LTDA,03.572.854/0001-30,AVENIDA DAMASO DRUMOND,975,,VILA SAO PEDRO,38183-063,ETANOL,05/01/2023,3.94,,R$ / litro,IPIRANGA,2023-11-21
SE,MG,ARAXA,ALBANO DE AZEVEDO E SOUZA & CIA LTDA,03.572.854/0001-30,AVENIDA DAMASO DRUMOND,975,,VILA SAO PEDRO,38183-063,DIESEL S10,05/01/2023,6.27,,R$ / litro,IPIRANGA,2023-11-21
SE,MG,ARAXA,ALBANO DE AZEVEDO E SOUZA & CIA LTDA,03.572.854/0001-30,AVENIDA DAMASO DRUMOND,975,,VILA SAO PEDRO,38183-063,DIESEL,05/01/2023,5.99,,R$ / litro,IPIRANGA,2023-11-21
SE,MG,ARAXA,ALBANO DE AZEVEDO E SOUZA & CIA LTDA,03.572.854/0001-30,AVENIDA DAMASO DRUMOND,975,,VILA SAO PEDRO,38183-063,GASOLINA ADITIVADA,05/01/2023,5.19,,R$ / litro,IPIRANGA,2023-11-21
SE,MG,ARAXA,ALBANO DE AZEVEDO E SOUZA & CIA LTDA,03.572.854/0001-30,AVENIDA DAMASO DRUMOND,975,,VILA SAO PEDRO,38183-063,GASOLINA,05/01/2023,5.09,,R$ / litro,IPIRANGA,2023-11-21
SE,MG,ARAXA,MAXDIESEL VEICULOS E PECAS - EIRELI,17.997.479/0009-32,AVENIDA IMBIARA,603,,CENTRO,38180-000,GASOLINA,05/01/2023,5.32,,R$ / litro,RAIZEN,2023-11-21
SE,MG,ARAXA,MAXDIESEL VEICULOS E PECAS - EIRELI,17.997.479/0009-32,AVENIDA IMBIARA,603,,CENTRO,38180-000,ETANOL,05/01/2023,4.24,,R$ / litro,RAIZEN,2023-11-21
SE,MG,ARAXA,MAXDIESEL VEICULOS E PECAS - EIRELI,17.997.479/0009-32,AVENIDA IMBIARA,603,,CENTRO,38180-000,DIESEL,05/01/2023,6.69,,R$ / litro,RAIZEN,2023-11-21
SE,MG,ARAXA,MAXDIESEL VEICULOS E PECAS - EIRELI,17.997.479/0009-32,AVENIDA IMBIARA,603,,CENTRO,38180-000,GASOLINA ADITIVADA,05/01/2023,5.77,,R$ / litro,RAIZEN,2023-11-21
SE,MG,ARAXA,POSTOS ALPA LTDA,02.234.943/0005-38,AVENIDA MINISTRO OLAVO DRUMMOND,500,,AEROPORTO,38180-400,ETANOL,05/01/2023,4.09,,R$ / litro,RAIZEN,2023-11-21
SE,MG,ARAXA,POSTOS ALPA LTDA,02.234.943/0005-38,AVENIDA MINISTRO OLAVO DRUMMOND,500,,AEROPORTO,38180-400,DIESEL S10,05/01/2023,6.19,,R$ / litro,RAIZEN,2023-11-21
SE,MG,ARAXA,POSTOS ALPA LTDA,02.234.943/0005-38,AVENIDA MINISTRO OLAVO DRUMMOND,500,,AEROPORTO,38180-400,DIESEL,05/01/2023,5.99,,R$ / litro,RAIZEN,2023-11-21
SE,MG,ARAXA,POSTOS ALPA LTDA,02.234.943/0005-38,AVENIDA MINISTRO OLAVO DRUMMOND,500,,AEROPORTO,38180-400,GASOLINA ADITIVADA,05/01/2023,5.59,,R$ / litro,RAIZEN,2023-11-21
SE,MG,ARAXA,POSTOS ALPA LTDA,02.234.943/0005-38,AVENIDA MINISTRO OLAVO DRUMMOND,500,,AEROPORTO,38180-400,GASOLINA,05/01/2023,5.29,,R$ / litro,RAIZEN,2023-11-21
SE,MG,BELO HORIZONTE,AGUIA IV COMERCIO DE COMBUSTIVEIS LTDA,07.946.419/0001-80,RUA PARA DE MINAS,320,,PADRE EUSTAQUIO,30730-440,ETANOL,03/01/2023,3.99,,R$ / litro,ALESAT,2023-11-21
SE,MG,BELO HORIZONTE,AGUIA IV COMERCIO DE COMBUSTIVEIS LTDA,07.946.419/0001-80,RUA PARA DE MINAS,320,,PADRE EUSTAQUIO,30730-440,GASOLINA,03/01/2023,4.99,,R$ / litro,ALESAT,2023-11-21
SE,MG,BELO HORIZONTE,AUTO POSTO VALE LTDA,02.369.525/0001-24,AVENIDA VILARINHO,1146,,VENDA NOVA,31615-250,ETANOL,02/01/2023,3.89,,R$ / litro,RAIZEN,2023-11-21
SE,MG,BELO HORIZONTE,AUTO POSTO VALE LTDA,02.369.525/0001-24,AVENIDA VILARINHO,1146,,VENDA NOVA,31615-250,GASOLINA ADITIVADA,02/01/2023,5.19,,R$ / litro,RAIZEN,2023-11-21
SE,MG,BELO HORIZONTE,AUTO POSTO VALE LTDA,02.369.525/0001-24,AVENIDA VILARINHO,1146,,VENDA NOVA,31615-250,GASOLINA,02/01/2023,4.89,,R$ / litro,RAIZEN,2023-11-21
SE,MG,BELO HORIZONTE,POSTO POETA LTDA,05.577.012/0001-05,AVENIDA DOM PEDRO I,2355,,SAO JOAO BATISTA,31515-300,ETANOL,02/01/2023,4.09,,R$ / litro,VIBRA ENERGIA,2023-11-21
SE,MG,BELO HORIZONTE,POSTO POETA LTDA,05.577.012/0001-05,AVENIDA DOM PEDRO I,2355,,SAO JOAO BATISTA,31515-300,GASOLINA,02/01/2023,5.07,,R$ / litro,VIBRA ENERGIA,2023-11-21
SE,MG,BELO HORIZONTE,POSTO WAP AMAZONAS LTDA.,06.041.725/0001-04,AVENIDA AMAZONAS,5234,,NOVA SUISSA,30421-056,ETANOL,04/01/2023,3.99,,R$ / litro,RAIZEN,2023-11-21
SE,MG,BELO HORIZONTE,POSTO WAP AMAZONAS LTDA.,06.041.725/0001-04,AVENIDA AMAZONAS,5234,,NOVA SUISSA,30421-056,GASOLINA ADITIVADA,04/01/2023,5.35,,R$ / litro,RAIZEN,2023-11-21
SE,MG,BELO HORIZONTE,POSTO WAP AMAZONAS LTDA.,06.041.725/0001-04,AVENIDA AMAZONAS,5234,,NOVA SUISSA,30421-056,GASOLINA,04/01/2023,4.95,,R$ / litro,RAIZEN,2023-11-21
SE,MG,BELO HORIZONTE,POSTO VILA NOSSA SENHORA DE FATIMA LTDA,05.462.748/0001-20,AVENIDA NOSSA SENHORA DE FATIMA,"2,401",,CARLOS PRATES,30710-020,ETANOL,02/01/2023,4.39,,R$ / litro,IPIRANGA,2023-11-21
SE,MG,BELO HORIZONTE,POSTO VILA NOSSA SENHORA DE FATIMA LTDA,05.462.748/0001-20,AVENIDA NOSSA SENHORA DE FATIMA,"2,401",,CARLOS PRATES,30710-020,DIESEL S10,02/01/2023,6.69,,R$ / litro,IPIRANGA,2023-11-21
SE,MG,BELO HORIZONTE,POSTO VILA NOSSA SENHORA DE FATIMA LTDA,05.462.748/0001-20,AVENIDA NOSSA SENHORA DE FATIMA,"2,401",,CARLOS PRATES,30710-020,GASOLINA ADITIVADA,02/01/2023,5.99,,R$ / litro,IPIRANGA,2023-11-21
SE,MG,BELO HORIZONTE,POSTO VILA NOSSA SENHORA DE FATIMA LTDA,05.462.748/0001-20,AVENIDA NOSSA SENHORA DE FATIMA,"2,401",,CARLOS PRATES,30710-020,GASOLINA,02/01/2023,5.79,,R$ / litro,IPIRANGA,2023-11-21
SE,MG,BELO HORIZONTE,POSTO ALLGAS LTDA,05.351.360/0001-51,AVENIDA SARAMENHA,1632,,GUARANI,31840-220,ETANOL,03/01/2023,4.09,,R$ / litro,RAIZEN,2023-11-21
SE,MG,BELO HORIZONTE,POSTO ALLGAS LTDA,05.351.360/0001-51,AVENIDA SARAMENHA,1632,,GUARANI,31840-220,GASOLINA ADITIVADA,03/01/2023,5.39,,R$ / litro,RAIZEN,2023-11-21
SE,MG,BELO HORIZONTE,POSTO ALLGAS LTDA,05.351.360/0001-51,AVENIDA SARAMENHA,1632,,GUARANI,31840-220,GASOLINA,03/01/2023,4.99,,R$ / litro,RAIZEN,2023-11-21
SE,MG,BELO HORIZONTE,POSTO PALHA VERDE LTDA,05.009.866/0001-87,RODOVIA ANEL RODOVIARIO CELSO MELLO AZEVEDO,28500,KM    10,JARDIM VITORIA,31975-275,ETANOL,03/01/2023,4.09,,R$ / litro,IPIRANGA,2023-11-21
SE,MG,BELO HORIZONTE,POSTO PALHA VERDE LTDA,05.009.866/0001-87,RODOVIA ANEL RODOVIARIO CELSO MELLO AZEVEDO,28500,KM    10,JARDIM VITORIA,31975-275,DIESEL S10,03/01/2023,6.26,,R$ / litro,IPIRANGA,2023-11-21
SE,MG,BELO HORIZONTE,POSTO PALHA VERDE LTDA,05.009.866/0001-87,RODOVIA ANEL RODOVIARIO CELSO MELLO AZEVEDO,28500,KM    10,JARDIM VITORIA,31975-275,DIESEL,03/01/2023,6.16,,R$ / litro,IPIRANGA,2023-11-21
SE,MG,BELO HORIZONTE,POSTO PALHA VERDE LTDA,05.009.866/0001-87,RODOVIA ANEL RODOVIARIO CELSO MELLO AZEVEDO,28500,KM    10,JARDIM VITORIA,31975-275,GASOLINA ADITIVADA,03/01/2023,5.29,,R$ / litro,IPIRANGA,2023-11-21
SE,MG,BELO HORIZONTE,POSTO PALHA VERDE LTDA,05.009.866/0001-87,RODOVIA ANEL RODOVIARIO CELSO MELLO AZEVEDO,28500,KM    10,JARDIM VITORIA,31975-275,GASOLINA,03/01/2023,5.09,,R$ / litro,IPIRANGA,2023-11-21
SE,MG,BELO HORIZONTE,POSTO BRUNA LTDA.,00.247.861/0001-79,RODOVIA ANEL RODOVIARIO CELSO MELLO AZEVEDO,11333,,DOM BOSCO,30850-453,ETANOL,03/01/2023,3.99,,R$ / litro,IPIRANGA,2023-11-21
SE,MG,BELO HORIZONTE,POSTO BRUNA LTDA.,00.247.861/0001-79,RODOVIA ANEL RODOVIARIO CELSO MELLO AZEVEDO,11333,,DOM BOSCO,30850-453,DIESEL,03/01/2023,6.17,,R$ / litro,IPIRANGA,2023-11-21
SE,MG,BELO HORIZONTE,POSTO BRUNA LTDA.,00.247.861/0001-79,RODOVIA ANEL RODOVIARIO CELSO MELLO AZEVEDO,11333,,DOM BOSCO,30850-453,GASOLINA,03/01/2023,4.89,,R$ / litro,IPIRANGA,2023-11-21
SE,MG,BELO HORIZONTE,MARLIN EMPREENDIMENTOS LTDA,02.685.478/0001-28,AVENIDA AMERICO VESPUCIO,501,,APARECIDA,31230-240,ETANOL,03/01/2023,3.99,,R$ / litro,VIBRA ENERGIA,2023-11-21
SE,MG,BELO HORIZONTE,MARLIN EMPREENDIMENTOS LTDA,02.685.478/0001-28,AVENIDA AMERICO VESPUCIO,501,,APARECIDA,31230-240,DIESEL S10,03/01/2023,6.49,,R$ / litro,VIBRA ENERGIA,2023-11-21
SE,MG,BELO HORIZONTE,MARLIN EMPREENDIMENTOS LTDA,02.685.478/0001-28,AVENIDA AMERICO VESPUCIO,501,,APARECIDA,31230-240,GASOLINA ADITIVADA,03/01/2023,5.14,,R$ / litro,VIBRA ENERGIA,2023-11-21
SE,MG,BELO HORIZONTE,MARLIN EMPREENDIMENTOS LTDA,02.685.478/0001-28,AVENIDA AMERICO VESPUCIO,501,,APARECIDA,31230-240,GASOLINA,03/01/2023,4.99,,R$ / litro,VIBRA ENERGIA,2023-11-21
SE,MG,BELO HORIZONTE,POSTO BALUARTE LTDA,02.911.786/0001-24,RODOVIA ANEL RODOVIARIO CELSO MELLO AZEVEDO,23750,,EYMARD,31910-585,ETANOL,03/01/2023,4.09,,R$ / litro,RAIZEN,2023-11-21
SE,MG,BELO HORIZONTE,POSTO BALUARTE LTDA,02.911.786/0001-24,RODOVIA ANEL RODOVIARIO CELSO MELLO AZEVEDO,23750,,EYMARD,31910-585,GASOLINA ADITIVADA,03/01/2023,5.49,,R$ / litro,RAIZEN,2023-11-21
SE,MG,BELO HORIZONTE,POSTO BALUARTE LTDA,02.911.786/0001-24,RODOVIA ANEL RODOVIARIO CELSO MELLO AZEVEDO,23750,,EYMARD,31910-585,GASOLINA,03/01/2023,5.09,,R$ / litro,RAIZEN,2023-11-21
SE,MG,BELO HORIZONTE,POSTO AGUIA COMERCIO DE COMBUSTIVEIS LTDA,00.722.792/0001-08,AVENIDA SARAMENHA,1062,,TUPI,31840-220,ETANOL,03/01/2023,4.09,,R$ / litro,RAIZEN,2023-11-21
SE,MG,BELO HORIZONTE,POSTO AGUIA COMERCIO DE COMBUSTIVEIS LTDA,00.722.792/0001-08,AVENIDA SARAMENHA,1062,,TUPI,31840-220,GASOLINA ADITIVADA,03/01/2023,5.39,,R$ / litro,RAIZEN,2023-11-21
SE,MG,BELO HORIZONTE,POSTO AGUIA COMERCIO DE COMBUSTIVEIS LTDA,00.722.792/0001-08,AVENIDA SARAMENHA,1062,,TUPI,31840-220,GASOLINA,03/01/2023,4.99,,R$ / litro,RAIZEN,2023-11-21
SE,MG,BELO HORIZONTE,L. C. EMPREENDIMENTOS LTDA,00.415.374/0001-78,AVENIDA DIS ENGENHEIROS,1620,,CASTELO,30840-300,ETANOL,04/01/2023,4.09,,R$ / litro,VIBRA ENERGIA,2023-11-21
SE,MG,BELO HORIZONTE,L. C. EMPREENDIMENTOS LTDA,00.415.374/0001-78,AVENIDA DIS ENGENHEIROS,1620,,CASTELO,30840-300,DIESEL S10,04/01/2023,6.49,,R$ / litro,VIBRA ENERGIA,2023-11-21
SE,MG,BELO HORIZONTE,L. C. EMPREENDIMENTOS LTDA,00.415.374/0001-78,AVENIDA DIS ENGENHEIROS,1620,,CASTELO,30840-300,DIESEL,04/01/2023,6.39,,R$ / litro,VIBRA ENERGIA,2023-11-21
SE,MG,BELO HORIZONTE,L. C. EMPREENDIMENTOS LTDA,00.415.374/0001-78,AVENIDA DIS ENGENHEIROS,1620,,CASTELO,30840-300,GASOLINA ADITIVADA,04/01/2023,5.19,,R$ / litro,VIBRA ENERGIA,2023-11-21
SE,MG,BELO HORIZONTE,L. C. EMPREENDIMENTOS LTDA,00.415.374/0001-78,AVENIDA DIS ENGENHEIROS,1620,,CASTELO,30840-300,GASOLINA,04/01/2023,4.99,,R$ / litro,VIBRA ENERGIA,2023-11-21
SE,MG,BELO HORIZONTE,POSTO JAVARI EIRELI,16.679.276/0001-88,RUA DESCALVADO,661,,RENASCENCA,31130-610,ETANOL,03/01/2023,3.75,,R$ / litro,BRANCA,2023-11-21
SE,MG,BELO HORIZONTE,POSTO JAVARI EIRELI,16.679.276/0001-88,RUA DESCALVADO,661,,RENASCENCA,31130-610,GASOLINA,03/01/2023,4.75,,R$ / litro,BRANCA,2023-11-21
SE,MG,BELO HORIZONTE,POSTO BARBOSA LTDA,17.160.094/0001-69,AVENIDA PRES CARLOS LUZ,2263,,SAO FRANCISCO ASSIS,31250-010,ETANOL,02/01/2023,3.89,,R$ / litro,ALESAT,2023-11-21
SE,MG,BELO HORIZONTE,POSTO BARBOSA LTDA,17.160.094/0001-69,AVENIDA PRES CARLOS LUZ,2263,,SAO FRANCISCO ASSIS,31250-010,DIESEL S10,02/01/2023,6.19,,R$ / litro,ALESAT,2023-11-21
SE,MG,BELO HORIZONTE,POSTO BARBOSA LTDA,17.160.094/0001-69,AVENIDA PRES CARLOS LUZ,2263,,SAO FRANCISCO ASSIS,31250-010,GASOLINA,02/01/2023,4.89,,R$ / litro,ALESAT,2023-11-21
SE,MG,BELO HORIZONTE,POSTO ANTUNES LTDA,01.553.073/0001-73,AVENIDA PORTUGAL,2603,,SANTA AMELIA,31555-000,ETANOL,02/01/2023,3.89,,R$ / litro,VIBRA ENERGIA,2023-11-21
SE,MG,BELO HORIZONTE,POSTO ANTUNES LTDA,01.553.073/0001-73,AVENIDA PORTUGAL,2603,,SANTA AMELIA,31555-000,GASOLINA ADITIVADA,02/01/2023,4.99,,R$ / litro,VIBRA ENERGIA,2023-11-21
SE,MG,BELO HORIZONTE,POSTO ANTUNES LTDA,01.553.073/0001-73,AVENIDA PORTUGAL,2603,,SANTA AMELIA,31555-000,GASOLINA,02/01/2023,4.89,,R$ / litro,VIBRA ENERGIA,2023-11-21
SE,MG,BELO HORIZONTE,POSTO GERAES LTDA,02.289.325/0001-61,AVENIDA GASTAO DEMETRIO MAIA,140,,FLORAMAR,31742-096,ETANOL,02/01/2023,3.98,,R$ / litro,VIBRA ENERGIA,2023-11-21
SE,MG,BELO HORIZONTE,POSTO GERAES LTDA,02.289.325/0001-61,AVENIDA GASTAO DEMETRIO MAIA,140,,FLORAMAR,31742-096,DIESEL S10,02/01/2023,6.29,,R$ / litro,VIBRA ENERGIA,2023-11-21
SE,MG,BELO HORIZONTE,POSTO GERAES LTDA,02.289.325/0001-61,AVENIDA GASTAO DEMETRIO MAIA,140,,FLORAMAR,31742-096,GASOLINA ADITIVADA,02/01/2023,5.14,,R$ / litro,VIBRA ENERGIA,2023-11-21
SE,MG,BELO HORIZONTE,POSTO GERAES LTDA,02.289.325/0001-61,AVENIDA GASTAO DEMETRIO MAIA,140,,FLORAMAR,31742-096,GASOLINA,02/01/2023,4.98,,R$ / litro,VIBRA ENERGIA,2023-11-21
SE,MG,BELO HORIZONTE,CELT -COMERCIO DE COMBUSTIVEIS E LUBRIFICANTES LTDA,01.830.179/0001-77,AVENIDA DOM PEDRO I,2177,LETRA A,SAO JOAO BATISTA,31515-300,ETANOL,02/01/2023,4.09,,R$ / litro,VIBRA ENERGIA,2023-11-21
SE,MG,BELO HORIZONTE,CELT -COMERCIO DE COMBUSTIVEIS E LUBRIFICANTES LTDA,01.830.179/0001-77,AVENIDA DOM PEDRO I,2177,LETRA A,SAO JOAO BATISTA,31515-300,DIESEL S10,02/01/2023,6.46,,R$ / litro,VIBRA ENERGIA,2023-11-21
SE,MG,BELO HORIZONTE,CELT -COMERCIO DE COMBUSTIVEIS E LUBRIFICANTES LTDA,01.830.179/0001-77,AVENIDA DOM PEDRO I,2177,LETRA A,SAO JOAO BATISTA,31515-300,GASOLINA ADITIVADA,02/01/2023,5.24,,R$ / litro,VIBRA ENERGIA,2023-11-21
SE,MG,BELO HORIZONTE,CELT -COMERCIO DE COMBUSTIVEIS E LUBRIFICANTES LTDA,01.830.179/0001-77,AVENIDA DOM PEDRO I,2177,LETRA A,SAO JOAO BATISTA,31515-300,GASOLINA,02/01/2023,5.09,,R$ / litro,VIBRA ENERGIA,2023-11-21
SE,MG,BELO HORIZONTE,CELT -COMERCIO DE COMBUSTIVEIS E LUBRIFICANTES LTDA,01.830.179/0001-77,AVENIDA DOM PEDRO I,2177,LETRA A,SAO JOAO BATISTA,31515-300,GNV,02/01/2023,4.99,,R$ / m³,VIBRA ENERGIA,2023-11-21
SE,MG,BELO HORIZONTE,ECO EMPREENDIMENTOS COMERCIAIS LTDA,00.194.032/0001-75,RUA TUPIS,1774,,BARRO PRETO,30190-062,ETANOL,03/01/2023,3.99,,R$ / litro,RAIZEN,2023-11-21
SE,MG,BELO HORIZONTE,ECO EMPREENDIMENTOS COMERCIAIS LTDA,00.194.032/0001-75,RUA TUPIS,1774,,BARRO PRETO,30190-062,GASOLINA ADITIVADA,03/01/2023,5.29,,R$ / litro,RAIZEN,2023-11-21
SE,MG,BELO HORIZONTE,ECO EMPREENDIMENTOS COMERCIAIS LTDA,00.194.032/0001-75,RUA TUPIS,1774,,BARRO PRETO,30190-062,GASOLINA,03/01/2023,4.99,,R$ / litro,RAIZEN,2023-11-21
SE,MG,BELO HORIZONTE,POSTO TRANCOSO LTDA,03.911.603/0001-33,RUA JOSE CLETO,1232,,SANTA CRUZ,31155-290,ETANOL,03/01/2023,3.74,,R$ / litro,VIBRA ENERGIA,2023-11-21
SE,MG,BELO HORIZONTE,POSTO TRANCOSO LTDA,03.911.603/0001-33,RUA JOSE CLETO,1232,,SANTA CRUZ,31155-290,DIESEL S10,03/01/2023,6.09,,R$ / litro,VIBRA ENERGIA,2023-11-21
SE,MG,BELO HORIZONTE,POSTO TRANCOSO LTDA,03.911.603/0001-33,RUA JOSE CLETO,1232,,SANTA CRUZ,31155-290,GASOLINA,03/01/2023,4.77,,R$ / litro,VIBRA ENERGIA,2023-11-21
SE,MG,BELO HORIZONTE,POSTO COELHO LTDA,17.162.629/0001-30,AVENIDA ANTONIO CARLOS,3550,,CACHOEIRINHA,31210-800,ETANOL,03/01/2023,3.99,,R$ / litro,ALESAT,2023-11-21
SE,MG,BELO HORIZONTE,POSTO COELHO LTDA,17.162.629/0001-30,AVENIDA ANTONIO CARLOS,3550,,CACHOEIRINHA,31210-800,GASOLINA ADITIVADA,03/01/2023,5.09,,R$ / litro,ALESAT,2023-11-21
SE,MG,BELO HORIZONTE,POSTO COELHO LTDA,17.162.629/0001-30,AVENIDA ANTONIO CARLOS,3550,,CACHOEIRINHA,31210-800,GASOLINA,03/01/2023,4.89,,R$ / litro,ALESAT,2023-11-21
SE,MG,BELO HORIZONTE,POSTO COELHO LTDA,17.162.629/0001-30,AVENIDA ANTONIO CARLOS,3550,,CACHOEIRINHA,31210-800,GNV,03/01/2023,4.99,,R$ / m³,ALESAT,2023-11-21
SE,MG,BELO HORIZONTE,POSTO GLORIA LIMITADA,16.682.296/0001-08,RUA DEP CLAUDIO P DE LIMA,957,,N S GLORIA,30870-020,ETANOL,04/01/2023,3.88,,R$ / litro,IPIRANGA,2023-11-21
SE,MG,BELO HORIZONTE,POSTO GLORIA LIMITADA,16.682.296/0001-08,RUA DEP CLAUDIO P DE LIMA,957,,N S GLORIA,30870-020,DIESEL S10,04/01/2023,6.19,,R$ / litro,IPIRANGA,2023-11-21
SE,MG,BELO HORIZONTE,POSTO GLORIA LIMITADA,16.682.296/0001-08,RUA DEP CLAUDIO P DE LIMA,957,,N S GLORIA,30870-020,GASOLINA,04/01/2023,4.88,,R$ / litro,IPIRANGA,2023-11-21
SE,MG,BELO HORIZONTE,POSTO AEROPORTO LTDA,16.665.259/0001-91,RUA PROFESSOR MAGALHAES PENIDO,540,,SAO LUIZ (PAMPULHA),31270-700,ETANOL,03/01/2023,4.09,,R$ / litro,VIBRA ENERGIA,2023-11-21
SE,MG,BELO HORIZONTE,POSTO AEROPORTO LTDA,16.665.259/0001-91,RUA PROFESSOR MAGALHAES PENIDO,540,,SAO LUIZ (PAMPULHA),31270-700,DIESEL S10,03/01/2023,6.59,,R$ / litro,VIBRA ENERGIA,2023-11-21
SE,MG,BELO HORIZONTE,POSTO AEROPORTO LTDA,16.665.259/0001-91,RUA PROFESSOR MAGALHAES PENIDO,540,,SAO LUIZ (PAMPULHA),31270-700,GASOLINA ADITIVADA,03/01/2023,5.24,,R$ / litro,VIBRA ENERGIA,2023-11-21
SE,MG,BELO HORIZONTE,POSTO AEROPORTO LTDA,16.665.259/0001-91,RUA PROFESSOR MAGALHAES PENIDO,540,,SAO LUIZ (PAMPULHA),31270-700,GASOLINA,03/01/2023,5.09,,R$ / litro,VIBRA ENERGIA,2023-11-21
SE,MG,BELO HORIZONTE,ALMADA & CIA LIMITADA,16.626.814/0001-76,RUA JACUI,4040,,IPIRANGA,31160-190,ETANOL,03/01/2023,3.85,,R$ / litro,BRANCA,2023-11-21
SE,MG,BELO HORIZONTE,ALMADA & CIA LIMITADA,16.626.814/0001-76,RUA JACUI,4040,,IPIRANGA,31160-190,DIESEL,03/01/2023,5.97,,R$ / litro,BRANCA,2023-11-21
SE,MG,BELO HORIZONTE,ALMADA & CIA LIMITADA,16.626.814/0001-76,RUA JACUI,4040,,IPIRANGA,31160-190,GASOLINA,03/01/2023,4.95,,R$ / litro,BRANCA,2023-11-21
SE,MG,BELO HORIZONTE,MINEIRAO POSTO DE SERVICOS LTDA,16.599.607/0001-70,AVENIDA PRESIDENTE ANTONIO CARLOS,2710,,CACHOEIRINHA,31130-194,ETANOL,03/01/2023,3.99,,R$ / litro,VIBRA ENERGIA,2023-11-21
SE,MG,BELO HORIZONTE,MINEIRAO POSTO DE SERVICOS LTDA,16.599.607/0001-70,AVENIDA PRESIDENTE ANTONIO CARLOS,2710,,CACHOEIRINHA,31130-194,GASOLINA,03/01/2023,4.89,,R$ / litro,VIBRA ENERGIA,2023-11-21
SE,MG,BELO HORIZONTE,MINEIRAO POSTO DE SERVICOS LTDA,16.599.607/0001-70,AVENIDA PRESIDENTE ANTONIO CARLOS,2710,,CACHOEIRINHA,31130-194,GNV,03/01/2023,4.99,,R$ / m³,VIBRA ENERGIA,2023-11-21
SE,MG,BELO HORIZONTE,POSTO PIO XII LTDA.,05.020.360/0001-79,AVENIDA DO CONTORNO,9008,,SANTO AGOSTINHO,30110-067,ETANOL,03/01/2023,4.05,,R$ / litro,RAIZEN,2023-11-21
SE,MG,BELO HORIZONTE,POSTO PIO XII LTDA.,05.020.360/0001-79,AVENIDA DO CONTORNO,9008,,SANTO AGOSTINHO,30110-067,GASOLINA ADITIVADA,03/01/2023,5.35,,R$ / litro,RAIZEN,2023-11-21
SE,MG,BELO HORIZONTE,POSTO PIO XII LTDA.,05.020.360/0001-79,AVENIDA DO CONTORNO,9008,,SANTO AGOSTINHO,30110-067,GASOLINA,03/01/2023,4.95,,R$ / litro,RAIZEN,2023-11-21
SE,MG,BELO HORIZONTE,COMERCIAL RACOL LTDA,04.755.071/0001-55,AVENIDA BRIGADEIRO EDUARDO GOMES,1980,,GLORIA,30870-100,ETANOL,04/01/2023,3.89,,R$ / litro,BRANCA,2023-11-21
SE,MG,BELO HORIZONTE,COMERCIAL RACOL LTDA,04.755.071/0001-55,AVENIDA BRIGADEIRO EDUARDO GOMES,1980,,GLORIA,30870-100,GASOLINA,04/01/2023,4.89,,R$ / litro,BRANCA,2023-11-21
SE,MG,BELO HORIZONTE,GNV SETE BELO LTDA,04.399.544/0001-29,AVENIDA CRISTIANO MACHADO,8898,,MINASLANDIA,31812-112,ETANOL,03/01/2023,4.09,,R$ / litro,VIBRA ENERGIA,2023-11-21
SE,MG,BELO HORIZONTE,GNV SETE BELO LTDA,04.399.544/0001-29,AVENIDA CRISTIANO MACHADO,8898,,MINASLANDIA,31812-112,DIESEL S10,03/01/2023,6.59,,R$ / litro,VIBRA ENERGIA,2023-11-21
SE,MG,BELO HORIZONTE,GNV SETE BELO LTDA,04.399.544/0001-29,AVENIDA CRISTIANO MACHADO,8898,,MINASLANDIA,31812-112,GASOLINA,03/01/2023,5.09,,R$ / litro,VIBRA ENERGIA,2023-11-21
SE,MG,BELO HORIZONTE,GNV SETE BELO LTDA,04.399.544/0001-29,AVENIDA CRISTIANO MACHADO,8898,,MINASLANDIA,31812-112,GNV,03/01/2023,4.99,,R$ / m³,VIBRA ENERGIA,2023-11-21
SE,MG,BELO HORIZONTE,POSTO MARTE LTDA,03.638.042/0001-40,RUA JACUI,1712,,GRACA,31110-050,ETANOL,03/01/2023,3.94,,R$ / litro,RAIZEN,2023-11-21
SE,MG,BELO HORIZONTE,POSTO MARTE LTDA,03.638.042/0001-40,RUA JACUI,1712,,GRACA,31110-050,GASOLINA ADITIVADA,03/01/2023,5.29,,R$ / litro,RAIZEN,2023-11-21
SE,MG,BELO HORIZONTE,POSTO MARTE LTDA,03.638.042/0001-40,RUA JACUI,1712,,GRACA,31110-050,GASOLINA,03/01/2023,4.94,,R$ / litro,RAIZEN,2023-11-21
SE,MG,BELO HORIZONTE,DUTRA E SILVA LTDA,02.104.426/0001-10,AVENIDA DOS ENGENHEIROS,465,,ALIPIO DE MELO,30840-300,ETANOL,04/01/2023,3.97,,R$ / litro,IPIRANGA,2023-11-21
SE,MG,BELO HORIZONTE,DUTRA E SILVA LTDA,02.104.426/0001-10,AVENIDA DOS ENGENHEIROS,465,,ALIPIO DE MELO,30840-300,DIESEL S10,04/01/2023,6.79,,R$ / litro,IPIRANGA,2023-11-21
SE,MG,BELO HORIZONTE,DUTRA E SILVA LTDA,02.104.426/0001-10,AVENIDA DOS ENGENHEIROS,465,,ALIPIO DE MELO,30840-300,GASOLINA ADITIVADA,04/01/2023,5.17,,R$ / litro,IPIRANGA,2023-11-21
SE,MG,BELO HORIZONTE,DUTRA E SILVA LTDA,02.104.426/0001-10,AVENIDA DOS ENGENHEIROS,465,,ALIPIO DE MELO,30840-300,GASOLINA,04/01/2023,4.97,,R$ / litro,IPIRANGA,2023-11-21
SE,MG,BELO HORIZONTE,POSTO BOA ESPERANCA LTDA.,00.911.117/0001-27,RODOVIA PAPA JOAO PAULO II,3031,,SERRA VERDE,31630-369,ETANOL,02/01/2023,3.89,,R$ / litro,ALESAT,2023-11-21
SE,MG,BELO HORIZONTE,POSTO BOA ESPERANCA LTDA.,00.911.117/0001-27,RODOVIA PAPA JOAO PAULO II,3031,,SERRA VERDE,31630-369,GASOLINA ADITIVADA,02/01/2023,5.09,,R$ / litro,ALESAT,2023-11-21
SE,MG,BELO HORIZONTE,POSTO BOA ESPERANCA LTDA.,00.911.117/0001-27,RODOVIA PAPA JOAO PAULO II,3031,,SERRA VERDE,31630-369,GASOLINA,02/01/2023,4.89,,R$ / litro,ALESAT,2023-11-21
SE,MG,BELO HORIZONTE,AUTO POSTO VERONA EIRELI,00.911.111/0001-50,RODOVIA ANEL RODOVIARIO CELSO MELLO AZEVEDO,23759,,DOM SILVERIO,31985-203,DIESEL,02/01/2023,6.26,,R$ / litro,IPIRANGA,2023-11-21
SE,MG,BELO HORIZONTE,AUTO POSTO VERONA EIRELI,00.911.111/0001-50,RODOVIA ANEL RODOVIARIO CELSO MELLO AZEVEDO,23759,,DOM SILVERIO,31985-203,GASOLINA ADITIVADA,02/01/2023,5.49,,R$ / litro,IPIRANGA,2023-11-21
SE,MG,BELO HORIZONTE,AUTO POSTO VERONA EIRELI,00.911.111/0001-50,RODOVIA ANEL RODOVIARIO CELSO MELLO AZEVEDO,23759,,DOM SILVERIO,31985-203,GASOLINA,02/01/2023,5.09,,R$ / litro,IPIRANGA,2023-11-21
SE,MG,BELO HORIZONTE,AUTO POSTO VERONA EIRELI,00.911.111/0001-50,RODOVIA ANEL RODOVIARIO CELSO MELLO AZEVEDO,23759,,DOM SILVERIO,31985-203,ETANOL,02/01/2023,4.09,,R$ / litro,IPIRANGA,2023-11-21
SE,MG,BELO HORIZONTE,AUTO POSTO VERONA EIRELI,00.911.111/0001-50,RODOVIA ANEL RODOVIARIO CELSO MELLO AZEVEDO,23759,,DOM SILVERIO,31985-203,DIESEL S10,02/01/2023,6.36,,R$ / litro,IPIRANGA,2023-11-21
SE,MG,BELO HORIZONTE,POSTO ASTRAL LTDA,00.524.333/0001-10,AVENIDA BRIG EDUARDO GOMES,1025,,GLORIA,30870-100,ETANOL,04/01/2023,3.88,,R$ / litro,VIBRA ENERGIA,2023-11-21
SE,MG,BELO HORIZONTE,POSTO ASTRAL LTDA,00.524.333/0001-10,AVENIDA BRIG EDUARDO GOMES,1025,,GLORIA,30870-100,DIESEL S10,04/01/2023,6.29,,R$ / litro,VIBRA ENERGIA,2023-11-21
SE,MG,BELO HORIZONTE,POSTO ASTRAL LTDA,00.524.333/0001-10,AVENIDA BRIG EDUARDO GOMES,1025,,GLORIA,30870-100,GASOLINA,04/01/2023,4.89,,R$ / litro,VIBRA ENERGIA,2023-11-21
SE,MG,BELO HORIZONTE,POSTO SARAMENHA LTDA,00.416.899/0001-28,AVENIDA SERRANA,750,,SERRANO,30882-370,ETANOL,04/01/2023,4.05,,R$ / litro,IPIRANGA,2023-11-21
SE,MG,BELO HORIZONTE,POSTO SARAMENHA LTDA,00.416.899/0001-28,AVENIDA SERRANA,750,,SERRANO,30882-370,DIESEL S10,04/01/2023,6.18,,R$ / litro,IPIRANGA,2023-11-21
SE,MG,BELO HORIZONTE,POSTO SARAMENHA LTDA,00.416.899/0001-28,AVENIDA SERRANA,750,,SERRANO,30882-370,GASOLINA ADITIVADA,04/01/2023,5.35,,R$ / litro,IPIRANGA,2023-11-21
SE,MG,BELO HORIZONTE,POSTO SARAMENHA LTDA,00.416.899/0001-28,AVENIDA SERRANA,750,,SERRANO,30882-370,GASOLINA,04/01/2023,4.95,,R$ / litro,IPIRANGA,2023-11-21
SE,MG,CAMPO BELO,PETROFILTROS LTDA,20.874.277/0004-01,RUA JOAO MARTINS DINIZ,786,,AEROPORTO,37270-000,DIESEL S10,04/01/2023,6.29,,R$ / litro,VIBRA ENERGIA,2023-11-21
SE,MG,CAMPO BELO,PETROFILTROS LTDA,20.874.277/0004-01,RUA JOAO MARTINS DINIZ,786,,AEROPORTO,37270-000,GASOLINA,04/01/2023,4.99,,R$ / litro,VIBRA ENERGIA,2023-11-21
SE,MG,CAMPO BELO,SOCIEDADE COSTA CAMPOS LTDA,18.182.667/0001-18,AVENIDA AFONSO PENA,640,,CENTRO,37270-000,ETANOL,04/01/2023,4.09,,R$ / litro,BRANCA,2023-11-21
SE,MG,CAMPO BELO,SOCIEDADE COSTA CAMPOS LTDA,18.182.667/0001-18,AVENIDA AFONSO PENA,640,,CENTRO,37270-000,DIESEL S10,04/01/2023,6.59,,R$ / litro,BRANCA,2023-11-21
SE,MG,CAMPO BELO,SOCIEDADE COSTA CAMPOS LTDA,18.182.667/0001-18,AVENIDA AFONSO PENA,640,,CENTRO,37270-000,GASOLINA,04/01/2023,5.19,,R$ / litro,BRANCA,2023-11-21
SE,MG,CORONEL FABRICIANO,AUTO POSTO REDE SOUZA LTDA,05.907.822/0020-37,RUA VINTE E UM,40,,SANTA TEREZINHA,35171-140,ETANOL,04/01/2023,4.25,,R$ / litro,VIBRA ENERGIA,2023-11-21
SE,MG,CORONEL FABRICIANO,AUTO POSTO REDE SOUZA LTDA,05.907.822/0020-37,RUA VINTE E UM,40,,SANTA TEREZINHA,35171-140,GASOLINA ADITIVADA,04/01/2023,5.19,,R$ / litro,VIBRA ENERGIA,2023-11-21
SE,MG,CORONEL FABRICIANO,AUTO POSTO REDE SOUZA LTDA,05.907.822/0020-37,RUA VINTE E UM,40,,SANTA TEREZINHA,35171-140,GASOLINA,04/01/2023,4.99,,R$ / litro,VIBRA ENERGIA,2023-11-21
SE,MG,CORONEL FABRICIANO,AUTO POSTO GENTIL ELOHIM LTDA,05.861.319/0001-25,RUA BELO HORIZONTE,150,LETRA A,CALADINHO,35171-167,ETANOL,04/01/2023,4.03,,R$ / litro,BRANCA,2023-11-21
SE,MG,CORONEL FABRICIANO,AUTO POSTO GENTIL ELOHIM LTDA,05.861.319/0001-25,RUA BELO HORIZONTE,150,LETRA A,CALADINHO,35171-167,GASOLINA,04/01/2023,4.9,,R$ / litro,BRANCA,2023-11-21
SE,MG,CORONEL FABRICIANO,COMERCIAL DE COMBUSTIVEIS CRISTAL LTDA,04.900.773/0001-85,AVENIDA TANCREDO DE ALMEIDA NEVES,5417,,CALADINHO DE CIMA,35171-302,ETANOL,04/01/2023,4.17,,R$ / litro,ALESAT,2023-11-21
SE,MG,CORONEL FABRICIANO,COMERCIAL DE COMBUSTIVEIS CRISTAL LTDA,04.900.773/0001-85,AVENIDA TANCREDO DE ALMEIDA NEVES,5417,,CALADINHO DE CIMA,35171-302,DIESEL,04/01/2023,6.05,,R$ / litro,ALESAT,2023-11-21
SE,MG,CORONEL FABRICIANO,COMERCIAL DE COMBUSTIVEIS CRISTAL LTDA,04.900.773/0001-85,AVENIDA TANCREDO DE ALMEIDA NEVES,5417,,CALADINHO DE CIMA,35171-302,GASOLINA,04/01/2023,4.92,,R$ / litro,ALESAT,2023-11-21
SE,MG,CORONEL FABRICIANO,ORGANIZACOES MILLA LTDA,02.158.069/0001-73,AVENIDA MAGALHAES PINTO,868,,GIOVANNINI,35170-097,ETANOL,04/01/2023,4.39,,R$ / litro,VIBRA ENERGIA,2023-11-21
SE,MG,CORONEL FABRICIANO,ORGANIZACOES MILLA LTDA,02.158.069/0001-73,AVENIDA MAGALHAES PINTO,868,,GIOVANNINI,35170-097,DIESEL S10,04/01/2023,6.94,,R$ / litro,VIBRA ENERGIA,2023-11-21
SE,MG,CORONEL FABRICIANO,ORGANIZACOES MILLA LTDA,02.158.069/0001-73,AVENIDA MAGALHAES PINTO,868,,GIOVANNINI,35170-097,GASOLINA ADITIVADA,04/01/2023,5.24,,R$ / litro,VIBRA ENERGIA,2023-11-21
SE,MG,CORONEL FABRICIANO,ORGANIZACOES MILLA LTDA,02.158.069/0001-73,AVENIDA MAGALHAES PINTO,868,,GIOVANNINI,35170-097,GASOLINA,04/01/2023,5.19,,R$ / litro,VIBRA ENERGIA,2023-11-21
SE,MG,CORONEL FABRICIANO,AUTO POSTO IRMÃOS PORTILHO LTDA.,02.736.839/0001-18,AVENIDA TANCREDO DE ALMEIDA NEVES,3744,0,MORADA DO VALE,35171-302,ETANOL,04/01/2023,4.09,,R$ / litro,ALESAT,2023-11-21
SE,MG,CORONEL FABRICIANO,AUTO POSTO IRMÃOS PORTILHO LTDA.,02.736.839/0001-18,AVENIDA TANCREDO DE ALMEIDA NEVES,3744,0,MORADA DO VALE,35171-302,DIESEL S10,04/01/2023,6.19,,R$ / litro,ALESAT,2023-11-21
SE,MG,CORONEL FABRICIANO,AUTO POSTO IRMÃOS PORTILHO LTDA.,02.736.839/0001-18,AVENIDA TANCREDO DE ALMEIDA NEVES,3744,0,MORADA DO VALE,35171-302,DIESEL,04/01/2023,6.09,,R$ / litro,ALESAT,2023-11-21
SE,MG,CORONEL FABRICIANO,AUTO POSTO IRMÃOS PORTILHO LTDA.,02.736.839/0001-18,AVENIDA TANCREDO DE ALMEIDA NEVES,3744,0,MORADA DO VALE,35171-302,GASOLINA,04/01/2023,4.99,,R$ / litro,ALESAT,2023-11-21
SE,MG,ITAUNA,AUTO POSTO EXCALIBUR LTDA.,05.749.673/0001-62,AVENIDA SAO JOAO,4434,,CENTRO,35680-065,ETANOL,03/01/2023,3.84,,R$ / litro,BRANCA,2023-11-21
SE,MG,ITAUNA,AUTO POSTO EXCALIBUR LTDA.,05.749.673/0001-62,AVENIDA SAO JOAO,4434,,CENTRO,35680-065,DIESEL S10,03/01/2023,6.38,,R$ / litro,BRANCA,2023-11-21
SE,MG,ITAUNA,AUTO POSTO EXCALIBUR LTDA.,05.749.673/0001-62,AVENIDA SAO JOAO,4434,,CENTRO,35680-065,GASOLINA,03/01/2023,4.89,,R$ / litro,BRANCA,2023-11-21
SE,MG,MANHUACU,TURBO COMERCIO DE COMBUSTIVEIS LTDA,04.746.508/0001-94,RODOVIA MG 111,S/N,KM 78,CORREGO DO FEIJOAL,36900-000,ETANOL,04/01/2023,4.28,,R$ / litro,BRANCA,2023-11-21
SE,MG,MANHUACU,TURBO COMERCIO DE COMBUSTIVEIS LTDA,04.746.508/0001-94,RODOVIA MG 111,S/N,KM 78,CORREGO DO FEIJOAL,36900-000,DIESEL S10,04/01/2023,6.78,,R$ / litro,BRANCA,2023-11-21
SE,MG,MANHUACU,TURBO COMERCIO DE COMBUSTIVEIS LTDA,04.746.508/0001-94,RODOVIA MG 111,S/N,KM 78,CORREGO DO FEIJOAL,36900-000,DIESEL,04/01/2023,6.68,,R$ / litro,BRANCA,2023-11-21
SE,MG,MANHUACU,TURBO COMERCIO DE COMBUSTIVEIS LTDA,04.746.508/0001-94,RODOVIA MG 111,S/N,KM 78,CORREGO DO FEIJOAL,36900-000,GASOLINA,04/01/2023,5.58,,R$ / litro,BRANCA,2023-11-21
SE,MG,MANHUACU,AUTO POSTO STAR LTDA,21.659.370/0001-05,RODOVIA BR 262 - KM 39,3000,,VISTA ALEGRE,36900-000,ETANOL,02/01/2023,4.08,,R$ / litro,RAIZEN,2023-11-21
SE,MG,MANHUACU,AUTO POSTO STAR LTDA,21.659.370/0001-05,RODOVIA BR 262 - KM 39,3000,,VISTA ALEGRE,36900-000,DIESEL S10,02/01/2023,6.34,,R$ / litro,RAIZEN,2023-11-21
SE,MG,MANHUACU,AUTO POSTO STAR LTDA,21.659.370/0001-05,RODOVIA BR 262 - KM 39,3000,,VISTA ALEGRE,36900-000,DIESEL,02/01/2023,6.24,,R$ / litro,RAIZEN,2023-11-21
SE,MG,MANHUACU,AUTO POSTO STAR LTDA,21.659.370/0001-05,RODOVIA BR 262 - KM 39,3000,,VISTA ALEGRE,36900-000,GASOLINA ADITIVADA,02/01/2023,5.45,,R$ / litro,RAIZEN,2023-11-21
SE,MG,MANHUACU,AUTO POSTO STAR LTDA,21.659.370/0001-05,RODOVIA BR 262 - KM 39,3000,,VISTA ALEGRE,36900-000,GASOLINA,02/01/2023,5.25,,R$ / litro,RAIZEN,2023-11-21
SE,MG,MANHUACU,POSTO MARILIA LTDA,21.657.069/0001-62,RUA ANTONIO WELERSON,526,,SANTO ANTONIO,36900-000,ETANOL,02/01/2023,4.29,,R$ / litro,BRANCA,2023-11-21
SE,MG,MANHUACU,POSTO MARILIA LTDA,21.657.069/0001-62,RUA ANTONIO WELERSON,526,,SANTO ANTONIO,36900-000,GASOLINA ADITIVADA,02/01/2023,5.42,,R$ / litro,BRANCA,2023-11-21
SE,MG,MANHUACU,POSTO MARILIA LTDA,21.657.069/0001-62,RUA ANTONIO WELERSON,526,,SANTO ANTONIO,36900-000,GASOLINA,02/01/2023,5.29,,R$ / litro,BRANCA,2023-11-21
SE,MG,MONTE CARMELO,POSTO KRILL DE MONTE CARMELO LTDA,09.227.080/0001-97,AVENIDA JOAO PINHEIRO,1187,,BOA VISTA,38500-000,ETANOL,03/01/2023,3.74,,R$ / litro,BRANCA,2023-11-21
SE,MG,MONTE CARMELO,POSTO KRILL DE MONTE CARMELO LTDA,09.227.080/0001-97,AVENIDA JOAO PINHEIRO,1187,,BOA VISTA,38500-000,DIESEL S10,03/01/2023,6.12,,R$ / litro,BRANCA,2023-11-21
SE,MG,MONTE CARMELO,POSTO KRILL DE MONTE CARMELO LTDA,09.227.080/0001-97,AVENIDA JOAO PINHEIRO,1187,,BOA VISTA,38500-000,DIESEL,03/01/2023,5.98,,R$ / litro,BRANCA,2023-11-21
SE,MG,MONTE CARMELO,POSTO KRILL DE MONTE CARMELO LTDA,09.227.080/0001-97,AVENIDA JOAO PINHEIRO,1187,,BOA VISTA,38500-000,GASOLINA,03/01/2023,4.89,,R$ / litro,BRANCA,2023-11-21
SE,MG,MONTE CARMELO,POSTO CARMELITANO LTDA,71.304.497/0001-80,RUA ROMUALDO RESENDE,1000,,TAMBORIL,38500-000,ETANOL,04/01/2023,3.95,,R$ / litro,BRANCA,2023-11-21
SE,MG,MONTE CARMELO,POSTO CARMELITANO LTDA,71.304.497/0001-80,RUA ROMUALDO RESENDE,1000,,TAMBORIL,38500-000,DIESEL S10,04/01/2023,6.63,,R$ / litro,BRANCA,2023-11-21
SE,MG,MONTE CARMELO,POSTO CARMELITANO LTDA,71.304.497/0001-80,RUA ROMUALDO RESENDE,1000,,TAMBORIL,38500-000,DIESEL,04/01/2023,6.59,,R$ / litro,BRANCA,2023-11-21
SE,MG,MONTE CARMELO,POSTO CARMELITANO LTDA,71.304.497/0001-80,RUA ROMUALDO RESENDE,1000,,TAMBORIL,38500-000,GASOLINA,04/01/2023,4.98,,R$ / litro,BRANCA,2023-11-21
SE,MG,MONTE CARMELO,POSTO ALTO PARANAIBA EIRELI,22.604.607/0001-13,RUA RAUL SOARES,115,,CENTRO,38500-000,ETANOL,05/01/2023,3.99,,R$ / litro,IPIRANGA,2023-11-21
SE,MG,MONTE CARMELO,POSTO ALTO PARANAIBA EIRELI,22.604.607/0001-13,RUA RAUL SOARES,115,,CENTRO,38500-000,GASOLINA,05/01/2023,4.99,,R$ / litro,IPIRANGA,2023-11-21
SE,MG,MURIAE,MOTA & MELLO COMBUSTIVEL LTDA,07.137.610/0001-80,RUA GIL MOREIRA,9,,BARRA,36884-112,ETANOL,02/01/2023,4.29,,R$ / litro,IPIRANGA,2023-11-21
SE,MG,MURIAE,MOTA & MELLO COMBUSTIVEL LTDA,07.137.610/0001-80,RUA GIL MOREIRA,9,,BARRA,36884-112,DIESEL S10,02/01/2023,6.44,,R$ / litro,IPIRANGA,2023-11-21
SE,MG,MURIAE,MOTA & MELLO COMBUSTIVEL LTDA,07.137.610/0001-80,RUA GIL MOREIRA,9,,BARRA,36884-112,DIESEL,02/01/2023,6.34,,R$ / litro,IPIRANGA,2023-11-21
SE,MG,MURIAE,MOTA & MELLO COMBUSTIVEL LTDA,07.137.610/0001-80,RUA GIL MOREIRA,9,,BARRA,36884-112,GASOLINA ADITIVADA,02/01/2023,5.59,,R$ / litro,IPIRANGA,2023-11-21
SE,MG,MURIAE,MOTA & MELLO COMBUSTIVEL LTDA,07.137.610/0001-80,RUA GIL MOREIRA,9,,BARRA,36884-112,GASOLINA,02/01/2023,5.44,,R$ / litro,IPIRANGA,2023-11-21
SE,MG,MURIAE,POSTO AMIGAO DE MURIAE LTDA,05.585.305/0001-26,AVENIDA RIO BAHIA,5450,X,BARRA,36880-000,ETANOL,02/01/2023,4.09,,R$ / litro,VIBRA ENERGIA,2023-11-21
SE,MG,MURIAE,POSTO AMIGAO DE MURIAE LTDA,05.585.305/0001-26,AVENIDA RIO BAHIA,5450,X,BARRA,36880-000,DIESEL S10,02/01/2023,6.38,,R$ / litro,VIBRA ENERGIA,2023-11-21
SE,MG,MURIAE,POSTO AMIGAO DE MURIAE LTDA,05.585.305/0001-26,AVENIDA RIO BAHIA,5450,X,BARRA,36880-000,DIESEL,02/01/2023,6.28,,R$ / litro,VIBRA ENERGIA,2023-11-21
SE,MG,MURIAE,POSTO AMIGAO DE MURIAE LTDA,05.585.305/0001-26,AVENIDA RIO BAHIA,5450,X,BARRA,36880-000,GASOLINA ADITIVADA,02/01/2023,5.49,,R$ / litro,VIBRA ENERGIA,2023-11-21
SE,MG,MURIAE,POSTO AMIGAO DE MURIAE LTDA,05.585.305/0001-26,AVENIDA RIO BAHIA,5450,X,BARRA,36880-000,GASOLINA,02/01/2023,5.44,,R$ / litro,VIBRA ENERGIA,2023-11-21
SE,MG,MURIAE,POSTO JOIA DE MURIAE LTDA,19.661.701/0001-08,AVENIDA MONTEIRO DE CASTRO,444,,BARRA,36884-013,ETANOL,02/01/2023,4.23,,R$ / litro,ALESAT,2023-11-21
SE,MG,MURIAE,POSTO JOIA DE MURIAE LTDA,19.661.701/0001-08,AVENIDA MONTEIRO DE CASTRO,444,,BARRA,36884-013,DIESEL S10,02/01/2023,6.79,,R$ / litro,ALESAT,2023-11-21
SE,MG,MURIAE,POSTO JOIA DE MURIAE LTDA,19.661.701/0001-08,AVENIDA MONTEIRO DE CASTRO,444,,BARRA,36884-013,GASOLINA ADITIVADA,02/01/2023,5.48,,R$ / litro,ALESAT,2023-11-21
SE,MG,MURIAE,POSTO JOIA DE MURIAE LTDA,19.661.701/0001-08,AVENIDA MONTEIRO DE CASTRO,444,,BARRA,36884-013,GASOLINA,02/01/2023,5.43,,R$ / litro,ALESAT,2023-11-21
SE,MG,MURIAE,AUTO POSTO TRADICAO LTDA,03.815.352/0001-93,AVENIDA RIO BAHIA,5415,,BARRA,36880-000,ETANOL,02/01/2023,4.29,,R$ / litro,IPIRANGA,2023-11-21
SE,MG,MURIAE,AUTO POSTO TRADICAO LTDA,03.815.352/0001-93,AVENIDA RIO BAHIA,5415,,BARRA,36880-000,DIESEL S10,02/01/2023,6.28,,R$ / litro,IPIRANGA,2023-11-21
SE,MG,MURIAE,AUTO POSTO TRADICAO LTDA,03.815.352/0001-93,AVENIDA RIO BAHIA,5415,,BARRA,36880-000,DIESEL,02/01/2023,6.18,,R$ / litro,IPIRANGA,2023-11-21
SE,MG,MURIAE,AUTO POSTO TRADICAO LTDA,03.815.352/0001-93,AVENIDA RIO BAHIA,5415,,BARRA,36880-000,GASOLINA ADITIVADA,02/01/2023,5.49,,R$ / litro,IPIRANGA,2023-11-21
SE,MG,MURIAE,AUTO POSTO TRADICAO LTDA,03.815.352/0001-93,AVENIDA RIO BAHIA,5415,,BARRA,36880-000,GASOLINA,02/01/2023,5.44,,R$ / litro,IPIRANGA,2023-11-21
SE,MG,MURIAE,AUTO POSTO DORNELAS LTDA,03.285.009/0001-84,PRACA DORNELAS,85,,DORNELAS,36884-183,ETANOL,02/01/2023,4.29,,R$ / litro,IPIRANGA,2023-11-21
SE,MG,MURIAE,AUTO POSTO DORNELAS LTDA,03.285.009/0001-84,PRACA DORNELAS,85,,DORNELAS,36884-183,DIESEL S10,02/01/2023,6.39,,R$ / litro,IPIRANGA,2023-11-21
SE,MG,MURIAE,AUTO POSTO DORNELAS LTDA,03.285.009/0001-84,PRACA DORNELAS,85,,DORNELAS,36884-183,DIESEL,02/01/2023,6.29,,R$ / litro,IPIRANGA,2023-11-21
SE,MG,MURIAE,AUTO POSTO DORNELAS LTDA,03.285.009/0001-84,PRACA DORNELAS,85,,DORNELAS,36884-183,GASOLINA ADITIVADA,02/01/2023,5.59,,R$ / litro,IPIRANGA,2023-11-21
SE,MG,MURIAE,AUTO POSTO DORNELAS LTDA,03.285.009/0001-84,PRACA DORNELAS,85,,DORNELAS,36884-183,GASOLINA,02/01/2023,5.44,,R$ / litro,IPIRANGA,2023-11-21
SE,MG,NOVA LIMA,POSTO CURVA DO RETIRO LTDA,04.437.401/0001-64,RODOVIA BR 040 - KM 548,2000,LOTES 01 A 12,JARDIM CANADA,34000-001,ETANOL,05/01/2023,3.75,,R$ / litro,VIBRA ENERGIA,2023-11-21
SE,MG,NOVA LIMA,POSTO CURVA DO RETIRO LTDA,04.437.401/0001-64,RODOVIA BR 040 - KM 548,2000,LOTES 01 A 12,JARDIM CANADA,34000-001,GASOLINA ADITIVADA,05/01/2023,5.09,,R$ / litro,VIBRA ENERGIA,2023-11-21
SE,MG,NOVA LIMA,POSTO CURVA DO RETIRO LTDA,04.437.401/0001-64,RODOVIA BR 040 - KM 548,2000,LOTES 01 A 12,JARDIM CANADA,34000-001,GASOLINA,05/01/2023,4.79,,R$ / litro,VIBRA ENERGIA,2023-11-21
SE,MG,NOVA LIMA,PETROLIM LTDA,17.236.977/0001-05,PRACA EXPEDICIONARIO ASSUNCAO,12,,CENTRO,34000-001,ETANOL,05/01/2023,3.99,,R$ / litro,RAIZEN,2023-11-21
SE,MG,NOVA LIMA,PETROLIM LTDA,17.236.977/0001-05,PRACA EXPEDICIONARIO ASSUNCAO,12,,CENTRO,34000-001,DIESEL S10,05/01/2023,6.79,,R$ / litro,RAIZEN,2023-11-21
SE,MG,NOVA LIMA,PETROLIM LTDA,17.236.977/0001-05,PRACA EXPEDICIONARIO ASSUNCAO,12,,CENTRO,34000-001,GASOLINA ADITIVADA,05/01/2023,5.39,,R$ / litro,RAIZEN,2023-11-21
SE,MG,NOVA LIMA,PETROLIM LTDA,17.236.977/0001-05,PRACA EXPEDICIONARIO ASSUNCAO,12,,CENTRO,34000-001,GASOLINA,05/01/2023,4.99,,R$ / litro,RAIZEN,2023-11-21
SE,MG,NOVA LIMA,POSTO SERRA DAS MANSOES LTDA - ME,03.658.823/0001-05,RODOVIA MG-030,"1,709",,B OURO VELHO MANSOES,34000-000,ETANOL,05/01/2023,3.95,,R$ / litro,RAIZEN,2023-11-21
SE,MG,NOVA LIMA,POSTO SERRA DAS MANSOES LTDA - ME,03.658.823/0001-05,RODOVIA MG-030,"1,709",,B OURO VELHO MANSOES,34000-000,GASOLINA ADITIVADA,05/01/2023,5.37,,R$ / litro,RAIZEN,2023-11-21
SE,MG,NOVA LIMA,POSTO SERRA DAS MANSOES LTDA - ME,03.658.823/0001-05,RODOVIA MG-030,"1,709",,B OURO VELHO MANSOES,34000-000,GASOLINA,05/01/2023,4.97,,R$ / litro,RAIZEN,2023-11-21
SE,MG,NOVA LIMA,PHILADELPHIA DERIVADOS DE PETROLEO LTDA,01.629.489/0001-28,PRACA DR. ERNANI RIB. SILVA,22,,CENTRO,34000-000,ETANOL,05/01/2023,4.09,,R$ / litro,ALESAT,2023-11-21
SE,MG,NOVA LIMA,PHILADELPHIA DERIVADOS DE PETROLEO LTDA,01.629.489/0001-28,PRACA DR. ERNANI RIB. SILVA,22,,CENTRO,34000-000,DIESEL S10,05/01/2023,6.99,,R$ / litro,ALESAT,2023-11-21
SE,MG,NOVA LIMA,PHILADELPHIA DERIVADOS DE PETROLEO LTDA,01.629.489/0001-28,PRACA DR. ERNANI RIB. SILVA,22,,CENTRO,34000-000,GASOLINA,05/01/2023,5.19,,R$ / litro,ALESAT,2023-11-21
SE,MG,NOVA LIMA,POSTO DE COMBUSTIVEIS VILA FERNANDA LTDA,00.969.242/0001-98,RUA DA PAISAGEM,45,,VILA DA SERRA,34006-059,ETANOL,05/01/2023,4.19,,R$ / litro,IPIRANGA,2023-11-21
SE,MG,NOVA LIMA,POSTO DE COMBUSTIVEIS VILA FERNANDA LTDA,00.969.242/0001-98,RUA DA PAISAGEM,45,,VILA DA SERRA,34006-059,DIESEL S10,05/01/2023,6.59,,R$ / litro,IPIRANGA,2023-11-21
SE,MG,NOVA LIMA,POSTO DE COMBUSTIVEIS VILA FERNANDA LTDA,00.969.242/0001-98,RUA DA PAISAGEM,45,,VILA DA SERRA,34006-059,GASOLINA ADITIVADA,05/01/2023,5.49,,R$ / litro,IPIRANGA,2023-11-21
SE,MG,NOVA LIMA,POSTO DE COMBUSTIVEIS VILA FERNANDA LTDA,00.969.242/0001-98,RUA DA PAISAGEM,45,,VILA DA SERRA,34006-059,GASOLINA,05/01/2023,5.19,,R$ / litro,IPIRANGA,2023-11-21
SE,MG,UBERABA,COSTA & LOURENCO COMERCIO DE COMBUSTIVEIS LTDA,09.301.515/0001-04,RUA MARQUES DO PARANA,1123,,ESTADOS UNIDOS,38015-170,ETANOL,05/01/2023,3.79,,R$ / litro,ALESAT,2023-11-21
SE,MG,UBERABA,COSTA & LOURENCO COMERCIO DE COMBUSTIVEIS LTDA,09.301.515/0001-04,RUA MARQUES DO PARANA,1123,,ESTADOS UNIDOS,38015-170,DIESEL S10,05/01/2023,6.79,,R$ / litro,ALESAT,2023-11-21
SE,MG,UBERABA,COSTA & LOURENCO COMERCIO DE COMBUSTIVEIS LTDA,09.301.515/0001-04,RUA MARQUES DO PARANA,1123,,ESTADOS UNIDOS,38015-170,DIESEL,05/01/2023,6.59,,R$ / litro,ALESAT,2023-11-21
SE,MG,UBERABA,PARIS AUTO POSTO LTDA,01.744.290/0002-21,AVENIDA SANTA BEATRIZ DA SILVA,1080,,SANTA MARIA,38050-000,ETANOL,05/01/2023,3.89,,R$ / litro,RAIZEN,2023-11-21
SE,MG,UBERABA,PARIS AUTO POSTO LTDA,01.744.290/0002-21,AVENIDA SANTA BEATRIZ DA SILVA,1080,,SANTA MARIA,38050-000,DIESEL S10,05/01/2023,6.19,,R$ / litro,RAIZEN,2023-11-21
SE,MG,UBERABA,PARIS AUTO POSTO LTDA,01.744.290/0002-21,AVENIDA SANTA BEATRIZ DA SILVA,1080,,SANTA MARIA,38050-000,GASOLINA ADITIVADA,05/01/2023,5.09,,R$ / litro,RAIZEN,2023-11-21
SE,MG,UBERABA,PARIS AUTO POSTO LTDA,01.744.290/0002-21,AVENIDA SANTA BEATRIZ DA SILVA,1080,,SANTA MARIA,38050-000,GASOLINA,05/01/2023,4.89,,R$ / litro,RAIZEN,2023-11-21
SE,MG,UBERABA,CARLOS HUMBERTO ENES ANDRADE & CIA LTDA.,06.183.358/0001-83,AVENIDA NOSSA SENHORA DO DESTERRO,638,,JARDIM ESPLANADA,38082-025,ETANOL,05/01/2023,3.81,,R$ / litro,BRANCA,2023-11-21
SE,MG,UBERABA,CARLOS HUMBERTO ENES ANDRADE & CIA LTDA.,06.183.358/0001-83,AVENIDA NOSSA SENHORA DO DESTERRO,638,,JARDIM ESPLANADA,38082-025,DIESEL S10,05/01/2023,6.47,,R$ / litro,BRANCA,2023-11-21
SE,MG,UBERABA,CARLOS HUMBERTO ENES ANDRADE & CIA LTDA.,06.183.358/0001-83,AVENIDA NOSSA SENHORA DO DESTERRO,638,,JARDIM ESPLANADA,38082-025,DIESEL,05/01/2023,6.37,,R$ / litro,BRANCA,2023-11-21
SE,MG,UBERABA,CARLOS HUMBERTO ENES ANDRADE & CIA LTDA.,06.183.358/0001-83,AVENIDA NOSSA SENHORA DO DESTERRO,638,,JARDIM ESPLANADA,38082-025,GASOLINA ADITIVADA,05/01/2023,4.81,,R$ / litro,BRANCA,2023-11-21
SE,MG,UBERABA,CARLOS HUMBERTO ENES ANDRADE & CIA LTDA.,06.183.358/0001-83,AVENIDA NOSSA SENHORA DO DESTERRO,638,,JARDIM ESPLANADA,38082-025,GASOLINA,05/01/2023,4.81,,R$ / litro,BRANCA,2023-11-21
SE,MG,UBERABA,POSTO ANTARES LTDA,00.361.145/0001-18,RODOVIA BR 050,S/N,"KM 173,4 EST INDUBE",PARQUE HILEA,38055-010,ETANOL,05/01/2023,3.59,,R$ / litro,IPIRANGA,2023-11-21
SE,MG,UBERABA,POSTO ANTARES LTDA,00.361.145/0001-18,RODOVIA BR 050,S/N,"KM 173,4 EST INDUBE",PARQUE HILEA,38055-010,DIESEL S10,05/01/2023,6.24,,R$ / litro,IPIRANGA,2023-11-21
SE,MG,UBERABA,POSTO ANTARES LTDA,00.361.145/0001-18,RODOVIA BR 050,S/N,"KM 173,4 EST INDUBE",PARQUE HILEA,38055-010,DIESEL,05/01/2023,6.14,,R$ / litro,IPIRANGA,2023-11-21
SE,MG,UBERABA,POSTO ANTARES LTDA,00.361.145/0001-18,RODOVIA BR 050,S/N,"KM 173,4 EST INDUBE",PARQUE HILEA,38055-010,GASOLINA ADITIVADA,05/01/2023,4.98,,R$ / litro,IPIRANGA,2023-11-21
SE,MG,UBERABA,POSTO ANTARES LTDA,00.361.145/0001-18,RODOVIA BR 050,S/N,"KM 173,4 EST INDUBE",PARQUE HILEA,38055-010,GASOLINA,05/01/2023,4.89,,R$ / litro,IPIRANGA,2023-11-21
SE,MG,UBERABA,POSTO DA SAUDADE LTDA,02.498.326/0001-16,AVENIDA DA SAUDADE,914,,MERCES,38061-000,ETANOL,05/01/2023,3.64,,R$ / litro,BRANCA,2023-11-21
SE,MG,UBERABA,POSTO DA SAUDADE LTDA,02.498.326/0001-16,AVENIDA DA SAUDADE,914,,MERCES,38061-000,DIESEL S10,05/01/2023,6.19,,R$ / litro,BRANCA,2023-11-21
SE,MG,UBERABA,POSTO DA SAUDADE LTDA,02.498.326/0001-16,AVENIDA DA SAUDADE,914,,MERCES,38061-000,GASOLINA ADITIVADA,05/01/2023,4.89,,R$ / litro,BRANCA,2023-11-21
SE,MG,UBERABA,POSTO DA SAUDADE LTDA,02.498.326/0001-16,AVENIDA DA SAUDADE,914,,MERCES,38061-000,GASOLINA,05/01/2023,4.89,,R$ / litro,BRANCA,2023-11-21
SE,MG,UBERABA,AUTO POSTO OSCAR LTDA,04.662.373/0001-89,AVENIDA GUILHERME FERREIRA,1330,,SÃO BENEDITO,38020-200,ETANOL,05/01/2023,3.95,,R$ / litro,VIBRA ENERGIA,2023-11-21
SE,MG,UBERABA,AUTO POSTO OSCAR LTDA,04.662.373/0001-89,AVENIDA GUILHERME FERREIRA,1330,,SÃO BENEDITO,38020-200,DIESEL S10,05/01/2023,6.99,,R$ / litro,VIBRA ENERGIA,2023-11-21
SE,MG,UBERABA,AUTO POSTO OSCAR LTDA,04.662.373/0001-89,AVENIDA GUILHERME FERREIRA,1330,,SÃO BENEDITO,38020-200,DIESEL,05/01/2023,6.59,,R$ / litro,VIBRA ENERGIA,2023-11-21
SE,MG,UBERABA,AUTO POSTO OSCAR LTDA,04.662.373/0001-89,AVENIDA GUILHERME FERREIRA,1330,,SÃO BENEDITO,38020-200,GASOLINA ADITIVADA,05/01/2023,5.09,,R$ / litro,VIBRA ENERGIA,2023-11-21
SE,MG,UBERABA,AUTO POSTO OSCAR LTDA,04.662.373/0001-89,AVENIDA GUILHERME FERREIRA,1330,,SÃO BENEDITO,38020-200,GASOLINA,05/01/2023,4.99,,R$ / litro,VIBRA ENERGIA,2023-11-21
SE,MG,UBERABA,EVALDO DOS SANTOS BATISTA & CIA LTDA,04.918.822/0001-07,AVENIDA DOUTOR ABEL REIS,1000,,RESIDENCIAL DOUTOR ABEL REIS,38017-600,ETANOL,05/01/2023,3.78,,R$ / litro,BRANCA,2023-11-21
SE,MG,UBERABA,EVALDO DOS SANTOS BATISTA & CIA LTDA,04.918.822/0001-07,AVENIDA DOUTOR ABEL REIS,1000,,RESIDENCIAL DOUTOR ABEL REIS,38017-600,DIESEL S10,05/01/2023,6.19,,R$ / litro,BRANCA,2023-11-21
SE,MG,UBERABA,EVALDO DOS SANTOS BATISTA & CIA LTDA,04.918.822/0001-07,AVENIDA DOUTOR ABEL REIS,1000,,RESIDENCIAL DOUTOR ABEL REIS,38017-600,DIESEL,05/01/2023,5.99,,R$ / litro,BRANCA,2023-11-21
SE,MG,UBERABA,EVALDO DOS SANTOS BATISTA & CIA LTDA,04.918.822/0001-07,AVENIDA DOUTOR ABEL REIS,1000,,RESIDENCIAL DOUTOR ABEL REIS,38017-600,GASOLINA ADITIVADA,05/01/2023,4.94,,R$ / litro,BRANCA,2023-11-21
SE,MG,UBERABA,EVALDO DOS SANTOS BATISTA & CIA LTDA,04.918.822/0001-07,AVENIDA DOUTOR ABEL REIS,1000,,RESIDENCIAL DOUTOR ABEL REIS,38017-600,GASOLINA,05/01/2023,4.94,,R$ / litro,BRANCA,2023-11-21
SE,MG,UBERABA,AUTO POSTO NOSSA SENHORA DE LOURDES LTDA,03.278.390/0001-54,AVENIDA NIZA MARQUEZ GUARITA,88,,LOURDES,38055-026,ETANOL,05/01/2023,3.98,,R$ / litro,IPIRANGA,2023-11-21
SE,MG,UBERABA,AUTO POSTO NOSSA SENHORA DE LOURDES LTDA,03.278.390/0001-54,AVENIDA NIZA MARQUEZ GUARITA,88,,LOURDES,38055-026,DIESEL S10,05/01/2023,6.96,,R$ / litro,IPIRANGA,2023-11-21
SE,MG,UBERABA,AUTO POSTO NOSSA SENHORA DE LOURDES LTDA,03.278.390/0001-54,AVENIDA NIZA MARQUEZ GUARITA,88,,LOURDES,38055-026,DIESEL,05/01/2023,6.49,,R$ / litro,IPIRANGA,2023-11-21
SE,MG,UBERABA,AUTO POSTO NOSSA SENHORA DE LOURDES LTDA,03.278.390/0001-54,AVENIDA NIZA MARQUEZ GUARITA,88,,LOURDES,38055-026,GASOLINA,05/01/2023,4.89,,R$ / litro,IPIRANGA,2023-11-21
SE,MG,UBERABA,AUTO SERVICE JOIA COMERCIO DE COMBUSTIVEIS EIRELI,01.426.589/0001-57,AVENIDA ORLANDO R DA CUNHA,880,,LEBLON,38030-100,DIESEL S10,05/01/2023,6.59,,R$ / litro,ALESAT,2023-11-21
SE,MG,UBERABA,AUTO SERVICE JOIA COMERCIO DE COMBUSTIVEIS EIRELI,01.426.589/0001-57,AVENIDA ORLANDO R DA CUNHA,880,,LEBLON,38030-100,DIESEL,05/01/2023,6.49,,R$ / litro,ALESAT,2023-11-21
SE,MG,BELO HORIZONTE,ECO EMPREENDIMENTOS COMERCIAIS LTDA,00.194.032/0002-56,RUA CONCEICAO DO MATO DENTRO,335,,OURO PRETO,31310-240,ETANOL,04/01/2023,3.99,,R$ / litro,VIBRA ENERGIA,2023-11-21
SE,MG,BELO HORIZONTE,ECO EMPREENDIMENTOS COMERCIAIS LTDA,00.194.032/0002-56,RUA CONCEICAO DO MATO DENTRO,335,,OURO PRETO,31310-240,GASOLINA ADITIVADA,04/01/2023,5.19,,R$ / litro,VIBRA ENERGIA,2023-11-21
SE,MG,BELO HORIZONTE,ECO EMPREENDIMENTOS COMERCIAIS LTDA,00.194.032/0002-56,RUA CONCEICAO DO MATO DENTRO,335,,OURO PRETO,31310-240,GASOLINA,04/01/2023,4.99,,R$ / litro,VIBRA ENERGIA,2023-11-21
SE,MG,ARAGUARI,COOPDIESEL-COOPERATIVA DE PESSOAS FISICAS E JURIDICAS NO SEGMENTO DE TRANSPORTES EM GERAL,08.562.870/0001-66,"RUA, SAO SALVADOR",671, ,SAO LUIZ,38446-130,ETANOL,02/01/2023,3.85,,R$ / litro,BRANCA,2023-11-21
SE,MG,ARAGUARI,COOPDIESEL-COOPERATIVA DE PESSOAS FISICAS E JURIDICAS NO SEGMENTO DE TRANSPORTES EM GERAL,08.562.870/0001-66,"RUA, SAO SALVADOR",671, ,SAO LUIZ,38446-130,GASOLINA,02/01/2023,5.01,,R$ / litro,BRANCA,2023-11-21
SE,MG,UBERABA,AUTO POSTO RIBEIRO LTDA,04.173.913/0001-60,RUA JOAO DALLACQUA,540,,BEIJA FLOR,38051-331,ETANOL,05/01/2023,3.59,,R$ / litro,BRANCA,2023-11-21
SE,MG,UBERABA,AUTO POSTO RIBEIRO LTDA,04.173.913/0001-60,RUA JOAO DALLACQUA,540,,BEIJA FLOR,38051-331,DIESEL S10,05/01/2023,6.49,,R$ / litro,BRANCA,2023-11-21
SE,MG,UBERABA,AUTO POSTO RIBEIRO LTDA,04.173.913/0001-60,RUA JOAO DALLACQUA,540,,BEIJA FLOR,38051-331,DIESEL,05/01/2023,6.37,,R$ / litro,BRANCA,2023-11-21
SE,MG,UBERABA,AUTO POSTO RIBEIRO LTDA,04.173.913/0001-60,RUA JOAO DALLACQUA,540,,BEIJA FLOR,38051-331,GASOLINA,05/01/2023,4.79,,R$ / litro,BRANCA,2023-11-21
SE,MG,LAVRAS,AUTO POSTO PILOTO LTDA,10.257.882/0001-29,RUA CHAGAS DORIA,538,,BELIZANDRA,37200-000,ETANOL,04/01/2023,3.97,,R$ / litro,RAIZEN,2023-11-21
SE,MG,LAVRAS,AUTO POSTO PILOTO LTDA,10.257.882/0001-29,RUA CHAGAS DORIA,538,,BELIZANDRA,37200-000,GASOLINA,04/01/2023,4.89,,R$ / litro,RAIZEN,2023-11-21
SE,MG,IPATINGA,AUTO POSTO REDE SOUZA LTDA,05.907.822/0024-60,RUA FELIPE DOS SANTOS,685,,CIDADE NOBRE,35162-369,ETANOL,02/01/2023,4.09,,R$ / litro,VIBRA ENERGIA,2023-11-21
SE,MG,IPATINGA,AUTO POSTO REDE SOUZA LTDA,05.907.822/0024-60,RUA FELIPE DOS SANTOS,685,,CIDADE NOBRE,35162-369,GASOLINA ADITIVADA,02/01/2023,5.19,,R$ / litro,VIBRA ENERGIA,2023-11-21
SE,MG,IPATINGA,AUTO POSTO REDE SOUZA LTDA,05.907.822/0024-60,RUA FELIPE DOS SANTOS,685,,CIDADE NOBRE,35162-369,GASOLINA,02/01/2023,4.99,,R$ / litro,VIBRA ENERGIA,2023-11-21
SE,MG,ARAGUARI,NETO COMERCIO DE COMBUSTIVEIS LTDA,08.369.237/0001-56,RODOVIA BR 050,S/N,KM 39,SUBURBIO,38442-239,ETANOL,02/01/2023,3.77,,R$ / litro,BRANCA,2023-11-21
SE,MG,ARAGUARI,NETO COMERCIO DE COMBUSTIVEIS LTDA,08.369.237/0001-56,RODOVIA BR 050,S/N,KM 39,SUBURBIO,38442-239,DIESEL S10,02/01/2023,6.05,,R$ / litro,BRANCA,2023-11-21
SE,MG,ARAGUARI,NETO COMERCIO DE COMBUSTIVEIS LTDA,08.369.237/0001-56,RODOVIA BR 050,S/N,KM 39,SUBURBIO,38442-239,DIESEL,02/01/2023,5.91,,R$ / litro,BRANCA,2023-11-21
SE,MG,ARAGUARI,NETO COMERCIO DE COMBUSTIVEIS LTDA,08.369.237/0001-56,RODOVIA BR 050,S/N,KM 39,SUBURBIO,38442-239,GASOLINA ADITIVADA,02/01/2023,4.89,,R$ / litro,BRANCA,2023-11-21
SE,MG,ARAGUARI,NETO COMERCIO DE COMBUSTIVEIS LTDA,08.369.237/0001-56,RODOVIA BR 050,S/N,KM 39,SUBURBIO,38442-239,GASOLINA,02/01/2023,4.87,,R$ / litro,BRANCA,2023-11-21
SE,MG,DIVINOPOLIS,DP AUTO POSTO LTDA,09.688.747/0001-59,AVENIDA GOVERNADOR MAGALHAES PINTO,338,,NITEROI,35500-220,ETANOL,03/01/2023,3.89,,R$ / litro,IPIRANGA,2023-11-21
SE,MG,DIVINOPOLIS,DP AUTO POSTO LTDA,09.688.747/0001-59,AVENIDA GOVERNADOR MAGALHAES PINTO,338,,NITEROI,35500-220,DIESEL,03/01/2023,6.08,,R$ / litro,IPIRANGA,2023-11-21
SE,MG,DIVINOPOLIS,DP AUTO POSTO LTDA,09.688.747/0001-59,AVENIDA GOVERNADOR MAGALHAES PINTO,338,,NITEROI,35500-220,GASOLINA,03/01/2023,4.89,,R$ / litro,IPIRANGA,2023-11-21
SE,MG,NOVA LIMA,POSTO DE COMBUSTIVEL RETIRO EIRELI,10.334.577/0001-93,RUA MIGUEL WARDI,14,,OLARIA,34000-019,ETANOL,05/01/2023,4.09,,R$ / litro,ALESAT,2023-11-21
SE,MG,NOVA LIMA,POSTO DE COMBUSTIVEL RETIRO EIRELI,10.334.577/0001-93,RUA MIGUEL WARDI,14,,OLARIA,34000-019,DIESEL S10,05/01/2023,6.99,,R$ / litro,ALESAT,2023-11-21
SE,MG,NOVA LIMA,POSTO DE COMBUSTIVEL RETIRO EIRELI,10.334.577/0001-93,RUA MIGUEL WARDI,14,,OLARIA,34000-019,GASOLINA,05/01/2023,5.19,,R$ / litro,ALESAT,2023-11-21
SE,MG,GOVERNADOR VALADARES,AUTO POSTO BARROS MIRANDA LTDA,08.767.699/0001-21,AVENIDA DOUTOR RAIMUNDO MONTEIRO REZENDE,4585,,ALTINOPOLIS,35053-680,ETANOL,03/01/2023,4.05,,R$ / litro,VIBRA ENERGIA,2023-11-21
SE,MG,GOVERNADOR VALADARES,AUTO POSTO BARROS MIRANDA LTDA,08.767.699/0001-21,AVENIDA DOUTOR RAIMUNDO MONTEIRO REZENDE,4585,,ALTINOPOLIS,35053-680,DIESEL,03/01/2023,6.39,,R$ / litro,VIBRA ENERGIA,2023-11-21
SE,MG,GOVERNADOR VALADARES,AUTO POSTO BARROS MIRANDA LTDA,08.767.699/0001-21,AVENIDA DOUTOR RAIMUNDO MONTEIRO REZENDE,4585,,ALTINOPOLIS,35053-680,GASOLINA,03/01/2023,5.25,,R$ / litro,VIBRA ENERGIA,2023-11-21
SE,MG,MURIAE,AUTO POSTO DORNELAS LTDA,03.285.009/0002-65,RUA JOSE BORGES ABRANTES,33,,CENTRO,36880-063,ETANOL,02/01/2023,4.29,,R$ / litro,IPIRANGA,2023-11-21
SE,MG,MURIAE,AUTO POSTO DORNELAS LTDA,03.285.009/0002-65,RUA JOSE BORGES ABRANTES,33,,CENTRO,36880-063,DIESEL S10,02/01/2023,6.39,,R$ / litro,IPIRANGA,2023-11-21
SE,MG,MURIAE,AUTO POSTO DORNELAS LTDA,03.285.009/0002-65,RUA JOSE BORGES ABRANTES,33,,CENTRO,36880-063,GASOLINA ADITIVADA,02/01/2023,5.59,,R$ / litro,IPIRANGA,2023-11-21
SE,MG,MURIAE,AUTO POSTO DORNELAS LTDA,03.285.009/0002-65,RUA JOSE BORGES ABRANTES,33,,CENTRO,36880-063,GASOLINA,02/01/2023,5.44,,R$ / litro,IPIRANGA,2023-11-21
SE,MG,MONTES CLAROS,AUTO POSTO AMIL LTDA,08.574.321/0001-01,AVENIDA JOAO XXIII,470,,EDGAR PEREIRA,39400-162,ETANOL,05/01/2023,3.97,,R$ / litro,IPIRANGA,2023-11-21
SE,MG,MONTES CLAROS,AUTO POSTO AMIL LTDA,08.574.321/0001-01,AVENIDA JOAO XXIII,470,,EDGAR PEREIRA,39400-162,DIESEL S10,05/01/2023,6.28,,R$ / litro,IPIRANGA,2023-11-21
SE,MG,MONTES CLAROS,AUTO POSTO AMIL LTDA,08.574.321/0001-01,AVENIDA JOAO XXIII,470,,EDGAR PEREIRA,39400-162,GASOLINA,05/01/2023,4.99,,R$ / litro,IPIRANGA,2023-11-21
SE,MG,UBERABA,POSTO ARW LTDA,10.531.378/0003-37,AVENIDA DEPUTADO JOSE MARCUS CHEREM,1376,,VILA SAO CRISTOVAO,38040-500,DIESEL S10,05/01/2023,6.99,,R$ / litro,BRANCA,2023-11-21
SE,MG,UBERABA,POSTO ARW LTDA,10.531.378/0003-37,AVENIDA DEPUTADO JOSE MARCUS CHEREM,1376,,VILA SAO CRISTOVAO,38040-500,GASOLINA ADITIVADA,05/01/2023,4.89,,R$ / litro,BRANCA,2023-11-21
SE,MG,UBERABA,POSTO ARW LTDA,10.531.378/0003-37,AVENIDA DEPUTADO JOSE MARCUS CHEREM,1376,,VILA SAO CRISTOVAO,38040-500,GASOLINA,05/01/2023,4.89,,R$ / litro,BRANCA,2023-11-21
SE,MG,UBERABA,POSTO ARW LTDA,10.531.378/0003-37,AVENIDA DEPUTADO JOSE MARCUS CHEREM,1376,,VILA SAO CRISTOVAO,38040-500,ETANOL,05/01/2023,3.89,,R$ / litro,BRANCA,2023-11-21
SE,MG,FORMIGA,POSTO SAO RAFAEL LTDA,10.173.379/0001-95,AVENIDA PAULO LINS,133,,CENTRO,35570-000,ETANOL,05/01/2023,4.27,,R$ / litro,TOTALENERGIES,2023-11-21
SE,MG,FORMIGA,POSTO SAO RAFAEL LTDA,10.173.379/0001-95,AVENIDA PAULO LINS,133,,CENTRO,35570-000,DIESEL S10,05/01/2023,6.57,,R$ / litro,TOTALENERGIES,2023-11-21
SE,MG,FORMIGA,POSTO SAO RAFAEL LTDA,10.173.379/0001-95,AVENIDA PAULO LINS,133,,CENTRO,35570-000,GASOLINA,05/01/2023,5.17,,R$ / litro,TOTALENERGIES,2023-11-21
SE,MG,POCOS DE CALDAS,POSTO ACACIAS LTDA,09.128.405/0001-84,AVENIDA SANTO ANTONIO,310,,JARDIM CASCATINHA,37701-036,ETANOL,04/01/2023,3.99,,R$ / litro,VIBRA ENERGIA,2023-11-21
SE,MG,POCOS DE CALDAS,POSTO ACACIAS LTDA,09.128.405/0001-84,AVENIDA SANTO ANTONIO,310,,JARDIM CASCATINHA,37701-036,GASOLINA ADITIVADA,04/01/2023,5.09,,R$ / litro,VIBRA ENERGIA,2023-11-21
SE,MG,POCOS DE CALDAS,POSTO ACACIAS LTDA,09.128.405/0001-84,AVENIDA SANTO ANTONIO,310,,JARDIM CASCATINHA,37701-036,GASOLINA,04/01/2023,4.99,,R$ / litro,VIBRA ENERGIA,2023-11-21
SE,MG,POCOS DE CALDAS,POSTO ACACIAS LTDA,09.128.405/0001-84,AVENIDA SANTO ANTONIO,310,,JARDIM CASCATINHA,37701-036,GNV,04/01/2023,5.15,,R$ / m³,VIBRA ENERGIA,2023-11-21
SE,MG,IPATINGA,POSTO ML 300 LTDA EPP,10.418.777/0001-24,AVENIDA MONTEIRO LOBATO,300,,CIDADE NOBRE,35162-394,ETANOL,02/01/2023,3.95,,R$ / litro,VIBRA ENERGIA,2023-11-21
SE,MG,IPATINGA,POSTO ML 300 LTDA EPP,10.418.777/0001-24,AVENIDA MONTEIRO LOBATO,300,,CIDADE NOBRE,35162-394,DIESEL S10,02/01/2023,6.19,,R$ / litro,VIBRA ENERGIA,2023-11-21
SE,MG,IPATINGA,POSTO ML 300 LTDA EPP,10.418.777/0001-24,AVENIDA MONTEIRO LOBATO,300,,CIDADE NOBRE,35162-394,DIESEL,02/01/2023,6.09,,R$ / litro,VIBRA ENERGIA,2023-11-21
SE,MG,IPATINGA,POSTO ML 300 LTDA EPP,10.418.777/0001-24,AVENIDA MONTEIRO LOBATO,300,,CIDADE NOBRE,35162-394,GASOLINA,02/01/2023,4.95,,R$ / litro,VIBRA ENERGIA,2023-11-21
SE,MG,SAO JOAO DEL REI,BERGAO COMERCIO DE COMBUSTIVEIS LTDA,10.705.968/0001-77,AVENIDA JOSUE DE QUEIROZ,1437,,MATOZINHOS,36305-146,ETANOL,03/01/2023,4.09,,R$ / litro,VIBRA ENERGIA,2023-11-21
SE,MG,SAO JOAO DEL REI,BERGAO COMERCIO DE COMBUSTIVEIS LTDA,10.705.968/0001-77,AVENIDA JOSUE DE QUEIROZ,1437,,MATOZINHOS,36305-146,DIESEL S10,03/01/2023,6.55,,R$ / litro,VIBRA ENERGIA,2023-11-21
SE,MG,SAO JOAO DEL REI,BERGAO COMERCIO DE COMBUSTIVEIS LTDA,10.705.968/0001-77,AVENIDA JOSUE DE QUEIROZ,1437,,MATOZINHOS,36305-146,GASOLINA,03/01/2023,4.98,,R$ / litro,VIBRA ENERGIA,2023-11-21
SE,MG,CONTAGEM,AUTO POSTO SANTOS RIOS S.R. LTDA,10.218.152/0001-19,VIA EXPRESSA DE CONTAGEM,2835,,PEROBAS,32040-025,ETANOL,02/01/2023,4.39,,R$ / litro,IPIRANGA,2023-11-21
SE,MG,CONTAGEM,AUTO POSTO SANTOS RIOS S.R. LTDA,10.218.152/0001-19,VIA EXPRESSA DE CONTAGEM,2835,,PEROBAS,32040-025,GASOLINA ADITIVADA,02/01/2023,5.99,,R$ / litro,IPIRANGA,2023-11-21
SE,MG,CONTAGEM,AUTO POSTO SANTOS RIOS S.R. LTDA,10.218.152/0001-19,VIA EXPRESSA DE CONTAGEM,2835,,PEROBAS,32040-025,GASOLINA,02/01/2023,5.79,,R$ / litro,IPIRANGA,2023-11-21
SE,MG,BARBACENA,APEC VEICULOS S/A,17.078.536/0008-07,RUA JOSE BONIFACIO,180,,CENTRO,36200-000,ETANOL,04/01/2023,3.98,,R$ / litro,RAIZEN,2023-11-21
SE,MG,BARBACENA,APEC VEICULOS S/A,17.078.536/0008-07,RUA JOSE BONIFACIO,180,,CENTRO,36200-000,DIESEL S10,04/01/2023,6.05,,R$ / litro,RAIZEN,2023-11-21
SE,MG,BARBACENA,APEC VEICULOS S/A,17.078.536/0008-07,RUA JOSE BONIFACIO,180,,CENTRO,36200-000,GASOLINA ADITIVADA,04/01/2023,5.58,,R$ / litro,RAIZEN,2023-11-21
SE,MG,BARBACENA,APEC VEICULOS S/A,17.078.536/0008-07,RUA JOSE BONIFACIO,180,,CENTRO,36200-000,GASOLINA,04/01/2023,5.18,,R$ / litro,RAIZEN,2023-11-21
SE,MG,BELO HORIZONTE,POSTO SAO BERNARDO LTDA,10.673.246/0001-88,AVENIDA CRISTIANO MACHADO,9505,,DONA CLARA,31260-333,GASOLINA ADITIVADA,03/01/2023,5.29,,R$ / litro,IPIRANGA,2023-11-21
SE,MG,ARAGUARI,STAMPALLE COMERCIO DE COMBUSTIVEIS LTDA,04.020.339/0001-00,RUA SEIS,80,,DISTRITO INDUSTRIAL,38446-392,ETANOL,02/01/2023,3.65,,R$ / litro,RAIZEN,2023-11-21
SE,MG,ARAGUARI,STAMPALLE COMERCIO DE COMBUSTIVEIS LTDA,04.020.339/0001-00,RUA SEIS,80,,DISTRITO INDUSTRIAL,38446-392,DIESEL S10,02/01/2023,6.09,,R$ / litro,RAIZEN,2023-11-21
SE,MG,ARAGUARI,STAMPALLE COMERCIO DE COMBUSTIVEIS LTDA,04.020.339/0001-00,RUA SEIS,80,,DISTRITO INDUSTRIAL,38446-392,DIESEL,02/01/2023,5.94,,R$ / litro,RAIZEN,2023-11-21
SE,MG,ARAGUARI,STAMPALLE COMERCIO DE COMBUSTIVEIS LTDA,04.020.339/0001-00,RUA SEIS,80,,DISTRITO INDUSTRIAL,38446-392,GASOLINA,02/01/2023,4.96,,R$ / litro,RAIZEN,2023-11-21
SE,MG,FORMIGA,FORMIGUENSE COMERCIO DE COMBUSTIVEIS E DERIVADOS DE PETROLEO LTDA,11.026.352/0001-32,AVENIDA BRASIL,1286,,MANGABEIRAS,35570-000,ETANOL,05/01/2023,3.83,,R$ / litro,BRANCA,2023-11-21
SE,MG,FORMIGA,FORMIGUENSE COMERCIO DE COMBUSTIVEIS E DERIVADOS DE PETROLEO LTDA,11.026.352/0001-32,AVENIDA BRASIL,1286,,MANGABEIRAS,35570-000,DIESEL,05/01/2023,5.87,,R$ / litro,BRANCA,2023-11-21
SE,MG,FORMIGA,FORMIGUENSE COMERCIO DE COMBUSTIVEIS E DERIVADOS DE PETROLEO LTDA,11.026.352/0001-32,AVENIDA BRASIL,1286,,MANGABEIRAS,35570-000,GASOLINA,05/01/2023,4.92,,R$ / litro,BRANCA,2023-11-21
SE,MG,ARAXA,REDE DE POSTOS OLIVEIRA LTDA,11.165.625/0001-20,RUA UBERABA,990,,ALVORADA,38180-001,ETANOL,05/01/2023,4.1,,R$ / litro,TOTALENERGIES,2023-11-21
SE,MG,ARAXA,REDE DE POSTOS OLIVEIRA LTDA,11.165.625/0001-20,RUA UBERABA,990,,ALVORADA,38180-001,DIESEL S10,05/01/2023,6.3,,R$ / litro,TOTALENERGIES,2023-11-21
SE,MG,ARAXA,REDE DE POSTOS OLIVEIRA LTDA,11.165.625/0001-20,RUA UBERABA,990,,ALVORADA,38180-001,DIESEL,05/01/2023,6.25,,R$ / litro,TOTALENERGIES,2023-11-21
SE,MG,ARAXA,REDE DE POSTOS OLIVEIRA LTDA,11.165.625/0001-20,RUA UBERABA,990,,ALVORADA,38180-001,GASOLINA,05/01/2023,5.15,,R$ / litro,TOTALENERGIES,2023-11-21
SE,MG,MURIAE,MACEDO & ANDRADE COMBUSTIVEIS LTDA,05.070.160/0001-20,RUA MAESTRO SANSAO,375,,CENTRO,36880-000,ETANOL,02/01/2023,4.24,,R$ / litro,ALESAT,2023-11-21
SE,MG,MURIAE,MACEDO & ANDRADE COMBUSTIVEIS LTDA,05.070.160/0001-20,RUA MAESTRO SANSAO,375,,CENTRO,36880-000,GASOLINA ADITIVADA,02/01/2023,5.44,,R$ / litro,ALESAT,2023-11-21
SE,MG,IPATINGA,COMERCIAL DE COMBUSTIVEIS BOM RETIRO LTDA,10.864.329/0001-54,RUA MARTIM AFONSO DE SOUZA,33,,BOM RETIRO,35160-235,ETANOL,02/01/2023,4.39,,R$ / litro,ALESAT,2023-11-21
SE,MG,IPATINGA,COMERCIAL DE COMBUSTIVEIS BOM RETIRO LTDA,10.864.329/0001-54,RUA MARTIM AFONSO DE SOUZA,33,,BOM RETIRO,35160-235,DIESEL S10,02/01/2023,6.62,,R$ / litro,ALESAT,2023-11-21
SE,MG,IPATINGA,COMERCIAL DE COMBUSTIVEIS BOM RETIRO LTDA,10.864.329/0001-54,RUA MARTIM AFONSO DE SOUZA,33,,BOM RETIRO,35160-235,DIESEL,02/01/2023,6.52,,R$ / litro,ALESAT,2023-11-21
SE,MG,IPATINGA,COMERCIAL DE COMBUSTIVEIS BOM RETIRO LTDA,10.864.329/0001-54,RUA MARTIM AFONSO DE SOUZA,33,,BOM RETIRO,35160-235,GASOLINA,02/01/2023,5.59,,R$ / litro,ALESAT,2023-11-21
SE,MG,IPATINGA,COMERCIAL DE COMBUSTIVEIS CARAVELAS LTDA,10.865.072/0001-55,RUA JUNDIAI,95,,CARAVELAS,35164-281,ETANOL,02/01/2023,3.9,,R$ / litro,ALESAT,2023-11-21
SE,MG,UBERABA,CENTRAL AUTO POSTO LTDA,07.511.410/0001-46,RUA SEGISMUNDO MENDES,306,,CENTRO,38010-140,ETANOL,05/01/2023,3.69,,R$ / litro,BRANCA,2023-11-21
SE,MG,UBERABA,CENTRAL AUTO POSTO LTDA,07.511.410/0001-46,RUA SEGISMUNDO MENDES,306,,CENTRO,38010-140,DIESEL S10,05/01/2023,6.49,,R$ / litro,BRANCA,2023-11-21
SE,MG,UBERABA,CENTRAL AUTO POSTO LTDA,07.511.410/0001-46,RUA SEGISMUNDO MENDES,306,,CENTRO,38010-140,GASOLINA,05/01/2023,4.89,,R$ / litro,BRANCA,2023-11-21
SE,MG,ITUIUTABA,POSTO EXPOPEC EIRELI,11.211.101/0001-28,AVENIDA NIVALDO INACIO MOREIRA,2500,,LAGOA AZUL I,38307-178,ETANOL,03/01/2023,3.69,,R$ / litro,BRANCA,2023-11-21
SE,MG,ITUIUTABA,POSTO EXPOPEC EIRELI,11.211.101/0001-28,AVENIDA NIVALDO INACIO MOREIRA,2500,,LAGOA AZUL I,38307-178,DIESEL S10,03/01/2023,6.19,,R$ / litro,BRANCA,2023-11-21
SE,MG,ITUIUTABA,POSTO EXPOPEC EIRELI,11.211.101/0001-28,AVENIDA NIVALDO INACIO MOREIRA,2500,,LAGOA AZUL I,38307-178,DIESEL,03/01/2023,6.09,,R$ / litro,BRANCA,2023-11-21
SE,MG,ITUIUTABA,POSTO EXPOPEC EIRELI,11.211.101/0001-28,AVENIDA NIVALDO INACIO MOREIRA,2500,,LAGOA AZUL I,38307-178,GASOLINA,03/01/2023,4.98,,R$ / litro,BRANCA,2023-11-21
SE,MG,LAVRAS,PETROLEO ELDORADO LTDA.,11.294.193/0001-57,AVENIDA SILVIO MENICUCCI,555,: AREA 1;,NOVA LAVRAS,37200-000,ETANOL,04/01/2023,4.2,,R$ / litro,IPIRANGA,2023-11-21
SE,MG,LAVRAS,PETROLEO ELDORADO LTDA.,11.294.193/0001-57,AVENIDA SILVIO MENICUCCI,555,: AREA 1;,NOVA LAVRAS,37200-000,GASOLINA,04/01/2023,5.05,,R$ / litro,IPIRANGA,2023-11-21
SE,MG,CARATINGA,POSTO DE COMBUSTIVEIS TEIXEIRA LTDA,11.533.358/0001-04,AVENIDA DARIO DE ANUNCIACAO GROSSI,139,,SALATIEL,35304-210,ETANOL,02/01/2023,4.19,,R$ / litro,ALESAT,2023-11-21
SE,MG,CARATINGA,POSTO DE COMBUSTIVEIS TEIXEIRA LTDA,11.533.358/0001-04,AVENIDA DARIO DE ANUNCIACAO GROSSI,139,,SALATIEL,35304-210,DIESEL S10,02/01/2023,6.59,,R$ / litro,ALESAT,2023-11-21
SE,MG,CARATINGA,POSTO DE COMBUSTIVEIS TEIXEIRA LTDA,11.533.358/0001-04,AVENIDA DARIO DE ANUNCIACAO GROSSI,139,,SALATIEL,35304-210,DIESEL,02/01/2023,6.49,,R$ / litro,ALESAT,2023-11-21
SE,MG,CARATINGA,POSTO DE COMBUSTIVEIS TEIXEIRA LTDA,11.533.358/0001-04,AVENIDA DARIO DE ANUNCIACAO GROSSI,139,,SALATIEL,35304-210,GASOLINA ADITIVADA,02/01/2023,5.49,,R$ / litro,ALESAT,2023-11-21
SE,MG,CARATINGA,POSTO DE COMBUSTIVEIS TEIXEIRA LTDA,11.533.358/0001-04,AVENIDA DARIO DE ANUNCIACAO GROSSI,139,,SALATIEL,35304-210,GASOLINA,02/01/2023,5.29,,R$ / litro,ALESAT,2023-11-21
SE,MG,PARA DE MINAS,AVANT PARA DE MINAS COMBUSTIVEIS LTDA,11.449.228/0001-80,AVENIDA PROFESSOR  MELLO CANÇADO,1020,,VILA SINHO,35660-084,ETANOL,04/01/2023,3.82,,R$ / litro,BRANCA,2023-11-21
SE,MG,PARA DE MINAS,AVANT PARA DE MINAS COMBUSTIVEIS LTDA,11.449.228/0001-80,AVENIDA PROFESSOR  MELLO CANÇADO,1020,,VILA SINHO,35660-084,GASOLINA,04/01/2023,4.92,,R$ / litro,BRANCA,2023-11-21
SE,MG,BELO HORIZONTE,GAS BRAS LTDA,04.274.096/0001-37,RODOVIA PAPA JOAO PAULO II,400,,SATELITE,31748-002,GASOLINA,02/01/2023,4.89,,R$ / litro,ALESAT,2023-11-21
SE,MG,BELO HORIZONTE,GAS BRAS LTDA,04.274.096/0001-37,RODOVIA PAPA JOAO PAULO II,400,,SATELITE,31748-002,ETANOL,02/01/2023,3.89,,R$ / litro,ALESAT,2023-11-21
SE,MG,BELO HORIZONTE,GAS BRAS LTDA,04.274.096/0001-37,RODOVIA PAPA JOAO PAULO II,400,,SATELITE,31748-002,DIESEL S10,02/01/2023,6.29,,R$ / litro,ALESAT,2023-11-21
SE,MG,BELO HORIZONTE,GAS BRAS LTDA,04.274.096/0001-37,RODOVIA PAPA JOAO PAULO II,400,,SATELITE,31748-002,GASOLINA ADITIVADA,02/01/2023,5.09,,R$ / litro,ALESAT,2023-11-21
SE,MG,ARAGUARI,POSTO NASCIMENTO LTDA,07.453.243/0002-05,PRAÇA JUVENIL ALVES DE MELO,131,,JARDIM REGINA,38440-140,ETANOL,02/01/2023,3.77,,R$ / litro,BRANCA,2023-11-21
SE,MG,ARAGUARI,POSTO NASCIMENTO LTDA,07.453.243/0002-05,PRAÇA JUVENIL ALVES DE MELO,131,,JARDIM REGINA,38440-140,DIESEL S10,02/01/2023,6.05,,R$ / litro,BRANCA,2023-11-21
SE,MG,ARAGUARI,POSTO NASCIMENTO LTDA,07.453.243/0002-05,PRAÇA JUVENIL ALVES DE MELO,131,,JARDIM REGINA,38440-140,DIESEL,02/01/2023,5.91,,R$ / litro,BRANCA,2023-11-21
SE,MG,ARAGUARI,POSTO NASCIMENTO LTDA,07.453.243/0002-05,PRAÇA JUVENIL ALVES DE MELO,131,,JARDIM REGINA,38440-140,GASOLINA,02/01/2023,4.86,,R$ / litro,BRANCA,2023-11-21
SE,MG,UBERABA,MILANI GASPAROTO COMERCIO DE COMBUSTIVEIS E LOJA DE CONVENIENCIA LTDA.,11.718.183/0001-00,AVENIDA TONICO DOS SANTOS,738,,JARDIM INDUBERABA,38040-000,GASOLINA ADITIVADA,05/01/2023,5.02,,R$ / litro,BRANCA,2023-11-21
SE,MG,UBERABA,MILANI GASPAROTO COMERCIO DE COMBUSTIVEIS E LOJA DE CONVENIENCIA LTDA.,11.718.183/0001-00,AVENIDA TONICO DOS SANTOS,738,,JARDIM INDUBERABA,38040-000,GASOLINA,05/01/2023,4.79,,R$ / litro,BRANCA,2023-11-21
SE,MG,UBERABA,MILANI GASPAROTO COMERCIO DE COMBUSTIVEIS E LOJA DE CONVENIENCIA LTDA.,11.718.183/0001-00,AVENIDA TONICO DOS SANTOS,738,,JARDIM INDUBERABA,38040-000,ETANOL,05/01/2023,3.69,,R$ / litro,BRANCA,2023-11-21
SE,MG,UBERABA,MILANI GASPAROTO COMERCIO DE COMBUSTIVEIS E LOJA DE CONVENIENCIA LTDA.,11.718.183/0001-00,AVENIDA TONICO DOS SANTOS,738,,JARDIM INDUBERABA,38040-000,DIESEL S10,05/01/2023,5.99,,R$ / litro,BRANCA,2023-11-21
SE,MG,UBERABA,MILANI GASPAROTO COMERCIO DE COMBUSTIVEIS E LOJA DE CONVENIENCIA LTDA.,11.718.183/0001-00,AVENIDA TONICO DOS SANTOS,738,,JARDIM INDUBERABA,38040-000,DIESEL,05/01/2023,5.93,,R$ / litro,BRANCA,2023-11-21
SE,MG,MONTE CARMELO,AUTO POSTO JFA CORDEIRO LTDA,11.438.288/0001-05,RUA CEL. VIRGILIO ROSA,734,LETRA: A;,N S DE FATIMA,38500-000,ETANOL,04/01/2023,3.68,,R$ / litro,BRANCA,2023-11-21
SE,MG,MONTE CARMELO,AUTO POSTO JFA CORDEIRO LTDA,11.438.288/0001-05,RUA CEL. VIRGILIO ROSA,734,LETRA: A;,N S DE FATIMA,38500-000,GASOLINA,04/01/2023,4.79,,R$ / litro,BRANCA,2023-11-21
SE,MG,UBERLANDIA,ALTO UMUARAMA COMBUSTIVEIS LTDA,04.748.235/0001-17,AVENIDA DOM PEDRO II,1670,,CUSTODIO PEREIRA,38405-280,ETANOL,04/01/2023,3.87,,R$ / litro,BRANCA,2023-11-21
SE,MG,UBERLANDIA,ALTO UMUARAMA COMBUSTIVEIS LTDA,04.748.235/0001-17,AVENIDA DOM PEDRO II,1670,,CUSTODIO PEREIRA,38405-280,DIESEL S10,04/01/2023,6.57,,R$ / litro,BRANCA,2023-11-21
SE,MG,UBERLANDIA,ALTO UMUARAMA COMBUSTIVEIS LTDA,04.748.235/0001-17,AVENIDA DOM PEDRO II,1670,,CUSTODIO PEREIRA,38405-280,DIESEL,04/01/2023,6.52,,R$ / litro,BRANCA,2023-11-21
SE,MG,UBERLANDIA,ALTO UMUARAMA COMBUSTIVEIS LTDA,04.748.235/0001-17,AVENIDA DOM PEDRO II,1670,,CUSTODIO PEREIRA,38405-280,GASOLINA ADITIVADA,04/01/2023,4.97,,R$ / litro,BRANCA,2023-11-21
SE,MG,MANHUACU,POSTO DE COMBUSTIVEIS MARTINS LTDA,11.171.201/0001-78,RODOVIA BR 262,S/N,"KM: 37,1;",BOM JARDIM,36900-000,ETANOL,02/01/2023,4.27,,R$ / litro,BRANCA,2023-11-21
SE,MG,MANHUACU,POSTO DE COMBUSTIVEIS MARTINS LTDA,11.171.201/0001-78,RODOVIA BR 262,S/N,"KM: 37,1;",BOM JARDIM,36900-000,DIESEL S10,02/01/2023,6.26,,R$ / litro,BRANCA,2023-11-21
SE,MG,MANHUACU,POSTO DE COMBUSTIVEIS MARTINS LTDA,11.171.201/0001-78,RODOVIA BR 262,S/N,"KM: 37,1;",BOM JARDIM,36900-000,DIESEL,02/01/2023,6.16,,R$ / litro,BRANCA,2023-11-21
SE,MG,MANHUACU,POSTO DE COMBUSTIVEIS MARTINS LTDA,11.171.201/0001-78,RODOVIA BR 262,S/N,"KM: 37,1;",BOM JARDIM,36900-000,GASOLINA ADITIVADA,02/01/2023,5.37,,R$ / litro,BRANCA,2023-11-21
SE,MG,MANHUACU,POSTO DE COMBUSTIVEIS MARTINS LTDA,11.171.201/0001-78,RODOVIA BR 262,S/N,"KM: 37,1;",BOM JARDIM,36900-000,GASOLINA,02/01/2023,5.27,,R$ / litro,BRANCA,2023-11-21
SE,MG,POCOS DE CALDAS,AUTO POSTO PAMPA LTDA.,11.836.930/0001-04,AVENIDA JOSE REMIGIO PREZIA,609,,JARDIM DOS ESTADOS,37701-102,ETANOL,04/01/2023,3.99,,R$ / litro,BRANCA,2023-11-21
SE,MG,POCOS DE CALDAS,AUTO POSTO PAMPA LTDA.,11.836.930/0001-04,AVENIDA JOSE REMIGIO PREZIA,609,,JARDIM DOS ESTADOS,37701-102,DIESEL S10,04/01/2023,6.99,,R$ / litro,BRANCA,2023-11-21
SE,MG,POCOS DE CALDAS,AUTO POSTO PAMPA LTDA.,11.836.930/0001-04,AVENIDA JOSE REMIGIO PREZIA,609,,JARDIM DOS ESTADOS,37701-102,GASOLINA ADITIVADA,04/01/2023,5.09,,R$ / litro,BRANCA,2023-11-21
SE,MG,POCOS DE CALDAS,AUTO POSTO PAMPA LTDA.,11.836.930/0001-04,AVENIDA JOSE REMIGIO PREZIA,609,,JARDIM DOS ESTADOS,37701-102,GASOLINA,04/01/2023,4.99,,R$ / litro,BRANCA,2023-11-21
SE,MG,BELO HORIZONTE,POSTO CENTER NORTE LTDA,10.684.461/0001-84,AVENIDA VILARINHO,5360,,VENDA NOVA,31615-250,ETANOL,02/01/2023,4.19,,R$ / litro,VIBRA ENERGIA,2023-11-21
SE,MG,BELO HORIZONTE,POSTO CENTER NORTE LTDA,10.684.461/0001-84,AVENIDA VILARINHO,5360,,VENDA NOVA,31615-250,DIESEL S10,02/01/2023,6.49,,R$ / litro,VIBRA ENERGIA,2023-11-21
SE,MG,BELO HORIZONTE,POSTO CENTER NORTE LTDA,10.684.461/0001-84,AVENIDA VILARINHO,5360,,VENDA NOVA,31615-250,GASOLINA,02/01/2023,5.09,,R$ / litro,VIBRA ENERGIA,2023-11-21
SE,MG,BELO HORIZONTE,POSTO MONTE SANTO LTDA,08.223.834/0001-78,AVENIDA DOM PEDRO II,3038,,CAICARA,30720-460,ETANOL,03/01/2023,3.99,,R$ / litro,VIBRA ENERGIA,2023-11-21
SE,MG,BELO HORIZONTE,POSTO MONTE SANTO LTDA,08.223.834/0001-78,AVENIDA DOM PEDRO II,3038,,CAICARA,30720-460,GASOLINA ADITIVADA,03/01/2023,5.19,,R$ / litro,VIBRA ENERGIA,2023-11-21
SE,MG,BELO HORIZONTE,POSTO MONTE SANTO LTDA,08.223.834/0001-78,AVENIDA DOM PEDRO II,3038,,CAICARA,30720-460,GASOLINA,03/01/2023,4.99,,R$ / litro,VIBRA ENERGIA,2023-11-21
SE,MG,ITUIUTABA,POSTO 5.5. LIMITADA,02.211.749/0006-18,AVENIDA DEPUTADO DANIEL DE FREITAS BARROS,2996,,IPIRANGA,38302-132,ETANOL,02/01/2023,3.79,,R$ / litro,VIBRA ENERGIA,2023-11-21
SE,MG,ITUIUTABA,POSTO 5.5. LIMITADA,02.211.749/0006-18,AVENIDA DEPUTADO DANIEL DE FREITAS BARROS,2996,,IPIRANGA,38302-132,DIESEL S10,02/01/2023,6.09,,R$ / litro,VIBRA ENERGIA,2023-11-21
SE,MG,ITUIUTABA,POSTO 5.5. LIMITADA,02.211.749/0006-18,AVENIDA DEPUTADO DANIEL DE FREITAS BARROS,2996,,IPIRANGA,38302-132,DIESEL,02/01/2023,5.94,,R$ / litro,VIBRA ENERGIA,2023-11-21
SE,MG,ITUIUTABA,POSTO 5.5. LIMITADA,02.211.749/0006-18,AVENIDA DEPUTADO DANIEL DE FREITAS BARROS,2996,,IPIRANGA,38302-132,GASOLINA,02/01/2023,4.89,,R$ / litro,VIBRA ENERGIA,2023-11-21
SE,MG,CORONEL FABRICIANO,AUTO POSTO ANDRADE LTDA,13.029.955/0001-13,AVENIDA PRESIDENTE TANCREDO DE ALMEIDA NEVES,3513,,CALADINHO,35171-302,ETANOL,04/01/2023,4.05,,R$ / litro,BRANCA,2023-11-21
SE,MG,CORONEL FABRICIANO,AUTO POSTO ANDRADE LTDA,13.029.955/0001-13,AVENIDA PRESIDENTE TANCREDO DE ALMEIDA NEVES,3513,,CALADINHO,35171-302,DIESEL S10,04/01/2023,6.1,,R$ / litro,BRANCA,2023-11-21
SE,MG,CORONEL FABRICIANO,AUTO POSTO ANDRADE LTDA,13.029.955/0001-13,AVENIDA PRESIDENTE TANCREDO DE ALMEIDA NEVES,3513,,CALADINHO,35171-302,GASOLINA ADITIVADA,04/01/2023,4.97,,R$ / litro,BRANCA,2023-11-21
SE,MG,CORONEL FABRICIANO,AUTO POSTO ANDRADE LTDA,13.029.955/0001-13,AVENIDA PRESIDENTE TANCREDO DE ALMEIDA NEVES,3513,,CALADINHO,35171-302,GASOLINA,04/01/2023,4.92,,R$ / litro,BRANCA,2023-11-21
SE,MG,DIVINOPOLIS,SG COMERCIO DE COMBUSTIVEIS LTDA,13.594.690/0001-04,RUA ITAPECERICA,45,,CENTRO,35500-018,ETANOL,03/01/2023,4.19,,R$ / litro,VIBRA ENERGIA,2023-11-21
SE,MG,DIVINOPOLIS,SG COMERCIO DE COMBUSTIVEIS LTDA,13.594.690/0001-04,RUA ITAPECERICA,45,,CENTRO,35500-018,DIESEL S10,03/01/2023,6.99,,R$ / litro,VIBRA ENERGIA,2023-11-21
SE,MG,DIVINOPOLIS,SG COMERCIO DE COMBUSTIVEIS LTDA,13.594.690/0001-04,RUA ITAPECERICA,45,,CENTRO,35500-018,GASOLINA ADITIVADA,03/01/2023,5.19,,R$ / litro,VIBRA ENERGIA,2023-11-21
SE,MG,DIVINOPOLIS,SG COMERCIO DE COMBUSTIVEIS LTDA,13.594.690/0001-04,RUA ITAPECERICA,45,,CENTRO,35500-018,GASOLINA,03/01/2023,5.09,,R$ / litro,VIBRA ENERGIA,2023-11-21
SE,MG,GOVERNADOR VALADARES,AUTO POSTO ANDRAMAGA LTDA,13.693.566/0001-98,AVENIDA JK,2961,,VILA RICA,35045-250,ETANOL,03/01/2023,4.05,,R$ / litro,BRANCA,2023-11-21
SE,MG,GOVERNADOR VALADARES,AUTO POSTO ANDRAMAGA LTDA,13.693.566/0001-98,AVENIDA JK,2961,,VILA RICA,35045-250,DIESEL S10,03/01/2023,6.38,,R$ / litro,BRANCA,2023-11-21
SE,MG,GOVERNADOR VALADARES,AUTO POSTO ANDRAMAGA LTDA,13.693.566/0001-98,AVENIDA JK,2961,,VILA RICA,35045-250,GASOLINA ADITIVADA,03/01/2023,5.55,,R$ / litro,BRANCA,2023-11-21
SE,MG,GOVERNADOR VALADARES,AUTO POSTO ANDRAMAGA LTDA,13.693.566/0001-98,AVENIDA JK,2961,,VILA RICA,35045-250,GASOLINA,03/01/2023,5.25,,R$ / litro,BRANCA,2023-11-21
SE,MG,LAVRAS,GENTIL COMERCIO DE COMBUSTIVEIS LAVRAS LTDA,13.570.786/0001-24,RUA DOUTOR EVARISTO VILELA DE CARVALHO,5,,CONJ HABITACIONAL AGUA LIMPA,37200-000,ETANOL,04/01/2023,3.84,,R$ / litro,BRANCA,2023-11-21
SE,MG,LAVRAS,GENTIL COMERCIO DE COMBUSTIVEIS LAVRAS LTDA,13.570.786/0001-24,RUA DOUTOR EVARISTO VILELA DE CARVALHO,5,,CONJ HABITACIONAL AGUA LIMPA,37200-000,DIESEL S10,04/01/2023,5.95,,R$ / litro,BRANCA,2023-11-21
SE,MG,LAVRAS,GENTIL COMERCIO DE COMBUSTIVEIS LAVRAS LTDA,13.570.786/0001-24,RUA DOUTOR EVARISTO VILELA DE CARVALHO,5,,CONJ HABITACIONAL AGUA LIMPA,37200-000,GASOLINA,04/01/2023,4.89,,R$ / litro,BRANCA,2023-11-21
SE,MG,FRUTAL,AUTO POSTO V8 LTDA,13.802.890/0001-05,AVENIDA MARECHAL DEODORO,305,,PRINCESA ISABEL,38200-000,ETANOL,03/01/2023,3.85,,R$ / litro,BRANCA,2023-11-21
SE,MG,FRUTAL,AUTO POSTO V8 LTDA,13.802.890/0001-05,AVENIDA MARECHAL DEODORO,305,,PRINCESA ISABEL,38200-000,GASOLINA,03/01/2023,4.99,,R$ / litro,BRANCA,2023-11-21
SE,MG,POCOS DE CALDAS,AUTO POSTO JLP LTDA,13.438.991/0001-30,AVENIDA JOSE REMIGIO PREZIA,13,,JARDIM DOS ESTADOS,37701-102,ETANOL,04/01/2023,3.79,,R$ / litro,BRANCA,2023-11-21
SE,MG,POCOS DE CALDAS,AUTO POSTO JLP LTDA,13.438.991/0001-30,AVENIDA JOSE REMIGIO PREZIA,13,,JARDIM DOS ESTADOS,37701-102,DIESEL S10,04/01/2023,6.49,,R$ / litro,BRANCA,2023-11-21
SE,MG,POCOS DE CALDAS,AUTO POSTO JLP LTDA,13.438.991/0001-30,AVENIDA JOSE REMIGIO PREZIA,13,,JARDIM DOS ESTADOS,37701-102,GASOLINA,04/01/2023,4.79,,R$ / litro,BRANCA,2023-11-21
SE,MG,BELO HORIZONTE,POSTO OLIMAR COMERCIO DE COMBUSTIVEIS LTDA,14.135.978/0001-75,AVENIDA TEREZA CRISTINA,2350,,PADRE EUSTAQUIO,30720-230,ETANOL,03/01/2023,4.19,,R$ / litro,IPIRANGA,2023-11-21
SE,MG,BELO HORIZONTE,POSTO OLIMAR COMERCIO DE COMBUSTIVEIS LTDA,14.135.978/0001-75,AVENIDA TEREZA CRISTINA,2350,,PADRE EUSTAQUIO,30720-230,GASOLINA ADITIVADA,03/01/2023,5.29,,R$ / litro,IPIRANGA,2023-11-21
SE,MG,BELO HORIZONTE,POSTO OLIMAR COMERCIO DE COMBUSTIVEIS LTDA,14.135.978/0001-75,AVENIDA TEREZA CRISTINA,2350,,PADRE EUSTAQUIO,30720-230,GASOLINA,03/01/2023,5.09,,R$ / litro,IPIRANGA,2023-11-21
SE,MG,LAVRAS,AUTO POSTO MARCAL LTDA,07.702.845/0002-59,RUA PEDRO GOMIDE DO NASCIMENTO,48,,JARDIM FABIANA,37200-000,ETANOL,04/01/2023,3.99,,R$ / litro,ALESAT,2023-11-21
SE,MG,LAVRAS,AUTO POSTO MARCAL LTDA,07.702.845/0002-59,RUA PEDRO GOMIDE DO NASCIMENTO,48,,JARDIM FABIANA,37200-000,DIESEL S10,04/01/2023,6.09,,R$ / litro,ALESAT,2023-11-21
SE,MG,LAVRAS,AUTO POSTO MARCAL LTDA,07.702.845/0002-59,RUA PEDRO GOMIDE DO NASCIMENTO,48,,JARDIM FABIANA,37200-000,GASOLINA ADITIVADA,04/01/2023,4.94,,R$ / litro,ALESAT,2023-11-21
SE,MG,LAVRAS,AUTO POSTO MARCAL LTDA,07.702.845/0002-59,RUA PEDRO GOMIDE DO NASCIMENTO,48,,JARDIM FABIANA,37200-000,GASOLINA,04/01/2023,4.89,,R$ / litro,ALESAT,2023-11-21
SE,MG,ARAXA,REDE DE POSTOS OLIVEIRA LTDA,11.165.625/0003-91,PRACA CORONEL ADOLFO,27,,VILA SAO PEDRO,38183-085,ETANOL,05/01/2023,4.15,,R$ / litro,TOTALENERGIES,2023-11-21
SE,MG,ARAXA,REDE DE POSTOS OLIVEIRA LTDA,11.165.625/0003-91,PRACA CORONEL ADOLFO,27,,VILA SAO PEDRO,38183-085,GASOLINA,05/01/2023,5.18,,R$ / litro,TOTALENERGIES,2023-11-21
SE,MG,CORONEL FABRICIANO,POSTO AUTO GIRO 1 LTDA,13.993.125/0001-01,AVENIDA PRESIDENTE TANCREDO DE ALMEIDA NEVES,128,,TODOS OS SANTOS,35170-054,ETANOL,04/01/2023,4.05,,R$ / litro,BRANCA,2023-11-21
SE,MG,CORONEL FABRICIANO,POSTO AUTO GIRO 1 LTDA,13.993.125/0001-01,AVENIDA PRESIDENTE TANCREDO DE ALMEIDA NEVES,128,,TODOS OS SANTOS,35170-054,DIESEL,04/01/2023,6.05,,R$ / litro,BRANCA,2023-11-21
SE,MG,CORONEL FABRICIANO,POSTO AUTO GIRO 1 LTDA,13.993.125/0001-01,AVENIDA PRESIDENTE TANCREDO DE ALMEIDA NEVES,128,,TODOS OS SANTOS,35170-054,GASOLINA ADITIVADA,04/01/2023,4.97,,R$ / litro,BRANCA,2023-11-21
SE,MG,CORONEL FABRICIANO,POSTO AUTO GIRO 1 LTDA,13.993.125/0001-01,AVENIDA PRESIDENTE TANCREDO DE ALMEIDA NEVES,128,,TODOS OS SANTOS,35170-054,GASOLINA,04/01/2023,4.92,,R$ / litro,BRANCA,2023-11-21
SE,MG,ARAXA,PETRO BULL COMBUSTIVEIS LTDA,15.746.091/0001-86,AVENIDA   AMAZONAS,308,,SAO GERALDO,38180-084,ETANOL,05/01/2023,4.09,,R$ / litro,BRANCA,2023-11-21
SE,MG,ARAXA,PETRO BULL COMBUSTIVEIS LTDA,15.746.091/0001-86,AVENIDA   AMAZONAS,308,,SAO GERALDO,38180-084,DIESEL S10,05/01/2023,6.29,,R$ / litro,BRANCA,2023-11-21
SE,MG,ARAXA,PETRO BULL COMBUSTIVEIS LTDA,15.746.091/0001-86,AVENIDA   AMAZONAS,308,,SAO GERALDO,38180-084,GASOLINA ADITIVADA,05/01/2023,5.19,,R$ / litro,BRANCA,2023-11-21
SE,MG,ARAXA,PETRO BULL COMBUSTIVEIS LTDA,15.746.091/0001-86,AVENIDA   AMAZONAS,308,,SAO GERALDO,38180-084,GASOLINA,05/01/2023,5.19,,R$ / litro,BRANCA,2023-11-21
SE,MG,TIMOTEO,COMERCIAL DE COMBUSTIVEIS FUNCIONARIOS LTDA,15.300.290/0001-66,AVENIDA ALBERTO BATISTA GALLO,2,: F;,FUNCIONARIOS,35180-406,ETANOL,03/01/2023,3.97,,R$ / litro,ALESAT,2023-11-21
SE,MG,TIMOTEO,COMERCIAL DE COMBUSTIVEIS FUNCIONARIOS LTDA,15.300.290/0001-66,AVENIDA ALBERTO BATISTA GALLO,2,: F;,FUNCIONARIOS,35180-406,DIESEL S10,03/01/2023,6.09,,R$ / litro,ALESAT,2023-11-21
SE,MG,TIMOTEO,COMERCIAL DE COMBUSTIVEIS FUNCIONARIOS LTDA,15.300.290/0001-66,AVENIDA ALBERTO BATISTA GALLO,2,: F;,FUNCIONARIOS,35180-406,DIESEL,03/01/2023,5.99,,R$ / litro,ALESAT,2023-11-21
SE,MG,TIMOTEO,COMERCIAL DE COMBUSTIVEIS FUNCIONARIOS LTDA,15.300.290/0001-66,AVENIDA ALBERTO BATISTA GALLO,2,: F;,FUNCIONARIOS,35180-406,GASOLINA,03/01/2023,4.97,,R$ / litro,ALESAT,2023-11-21
SE,MG,BELO HORIZONTE,DGET COMBUSTIVEIS EIRELI,10.651.236/0001-41,RUA DOS ASTECAS,2930,,SANTA MONICA,31530-300,ETANOL,02/01/2023,4.27,,R$ / litro,BRANCA,2023-11-21
SE,MG,BELO HORIZONTE,DGET COMBUSTIVEIS EIRELI,10.651.236/0001-41,RUA DOS ASTECAS,2930,,SANTA MONICA,31530-300,DIESEL S10,02/01/2023,7.19,,R$ / litro,BRANCA,2023-11-21
SE,MG,BELO HORIZONTE,DGET COMBUSTIVEIS EIRELI,10.651.236/0001-41,RUA DOS ASTECAS,2930,,SANTA MONICA,31530-300,GASOLINA,02/01/2023,5.87,,R$ / litro,BRANCA,2023-11-21
SE,MG,UBERABA,POSTO SHOPPING EIRELI,15.748.729/0001-18,AVENIDA APOLONIO SALES,540,,SAO BENEDITO,38020-430,ETANOL,05/01/2023,3.99,,R$ / litro,RAIZEN,2023-11-21
SE,MG,UBERABA,POSTO SHOPPING EIRELI,15.748.729/0001-18,AVENIDA APOLONIO SALES,540,,SAO BENEDITO,38020-430,DIESEL S10,05/01/2023,6.34,,R$ / litro,RAIZEN,2023-11-21
SE,MG,UBERABA,POSTO SHOPPING EIRELI,15.748.729/0001-18,AVENIDA APOLONIO SALES,540,,SAO BENEDITO,38020-430,GASOLINA,05/01/2023,4.94,,R$ / litro,RAIZEN,2023-11-21
SE,MG,FORMIGA,AUTO POSTO AREIAS BRANCAS LTDA - ME,15.732.512/0001-10,R: RAMIRO CORREA,349,,AREIAS BRANCAS,35570-000,ETANOL,05/01/2023,4.28,,R$ / litro,IPIRANGA,2023-11-21
SE,MG,FORMIGA,AUTO POSTO AREIAS BRANCAS LTDA - ME,15.732.512/0001-10,R: RAMIRO CORREA,349,,AREIAS BRANCAS,35570-000,DIESEL S10,05/01/2023,6.48,,R$ / litro,IPIRANGA,2023-11-21
SE,MG,FORMIGA,AUTO POSTO AREIAS BRANCAS LTDA - ME,15.732.512/0001-10,R: RAMIRO CORREA,349,,AREIAS BRANCAS,35570-000,GASOLINA ADITIVADA,05/01/2023,5.38,,R$ / litro,IPIRANGA,2023-11-21
SE,MG,FORMIGA,AUTO POSTO AREIAS BRANCAS LTDA - ME,15.732.512/0001-10,R: RAMIRO CORREA,349,,AREIAS BRANCAS,35570-000,GASOLINA,05/01/2023,5.18,,R$ / litro,IPIRANGA,2023-11-21
SE,MG,BETIM,POSTO BARRA SETE LTDA.,14.719.755/0001-55,RODOVIA BR-381 FERNAO DIAS,0,"KM: 485,2;",SANTO ANTONIO,32684-298,ETANOL,03/01/2023,3.99,,R$ / litro,VIBRA ENERGIA,2023-11-21
SE,MG,BETIM,POSTO BARRA SETE LTDA.,14.719.755/0001-55,RODOVIA BR-381 FERNAO DIAS,0,"KM: 485,2;",SANTO ANTONIO,32684-298,DIESEL S10,03/01/2023,6.39,,R$ / litro,VIBRA ENERGIA,2023-11-21
SE,MG,BETIM,POSTO BARRA SETE LTDA.,14.719.755/0001-55,RODOVIA BR-381 FERNAO DIAS,0,"KM: 485,2;",SANTO ANTONIO,32684-298,DIESEL,03/01/2023,6.29,,R$ / litro,VIBRA ENERGIA,2023-11-21
SE,MG,BETIM,POSTO BARRA SETE LTDA.,14.719.755/0001-55,RODOVIA BR-381 FERNAO DIAS,0,"KM: 485,2;",SANTO ANTONIO,32684-298,GASOLINA ADITIVADA,03/01/2023,4.89,,R$ / litro,VIBRA ENERGIA,2023-11-21
SE,MG,BETIM,POSTO BARRA SETE LTDA.,14.719.755/0001-55,RODOVIA BR-381 FERNAO DIAS,0,"KM: 485,2;",SANTO ANTONIO,32684-298,GASOLINA,03/01/2023,4.89,,R$ / litro,VIBRA ENERGIA,2023-11-21
SE,MG,CORONEL FABRICIANO,COMERCIAL DE COMBUSTIVEIS VAM LTDA,14.963.238/0001-27,AVENIDA PRESIDENTE TANCREDO DE ALMEIDA NEVES,792,,TODOS OS SANTOS,35170-054,ETANOL,04/01/2023,4.05,,R$ / litro,ALESAT,2023-11-21
SE,MG,CORONEL FABRICIANO,COMERCIAL DE COMBUSTIVEIS VAM LTDA,14.963.238/0001-27,AVENIDA PRESIDENTE TANCREDO DE ALMEIDA NEVES,792,,TODOS OS SANTOS,35170-054,DIESEL S10,04/01/2023,6.1,,R$ / litro,ALESAT,2023-11-21
SE,MG,CORONEL FABRICIANO,COMERCIAL DE COMBUSTIVEIS VAM LTDA,14.963.238/0001-27,AVENIDA PRESIDENTE TANCREDO DE ALMEIDA NEVES,792,,TODOS OS SANTOS,35170-054,DIESEL,04/01/2023,6.05,,R$ / litro,ALESAT,2023-11-21
SE,MG,CORONEL FABRICIANO,COMERCIAL DE COMBUSTIVEIS VAM LTDA,14.963.238/0001-27,AVENIDA PRESIDENTE TANCREDO DE ALMEIDA NEVES,792,,TODOS OS SANTOS,35170-054,GASOLINA,04/01/2023,4.92,,R$ / litro,ALESAT,2023-11-21
SE,MG,CURVELO,ORGANIZACOES L.T.M. LTDA,14.587.939/0001-09,AVENIDA BIAS FORTES,699,,VILA DE LOURDES,35790-000,ETANOL,04/01/2023,3.95,,R$ / litro,IPIRANGA,2023-11-21
SE,MG,CURVELO,ORGANIZACOES L.T.M. LTDA,14.587.939/0001-09,AVENIDA BIAS FORTES,699,,VILA DE LOURDES,35790-000,DIESEL S10,04/01/2023,6.09,,R$ / litro,IPIRANGA,2023-11-21
SE,MG,CURVELO,ORGANIZACOES L.T.M. LTDA,14.587.939/0001-09,AVENIDA BIAS FORTES,699,,VILA DE LOURDES,35790-000,DIESEL,04/01/2023,5.99,,R$ / litro,IPIRANGA,2023-11-21
SE,MG,CURVELO,ORGANIZACOES L.T.M. LTDA,14.587.939/0001-09,AVENIDA BIAS FORTES,699,,VILA DE LOURDES,35790-000,GASOLINA,04/01/2023,5.13,,R$ / litro,IPIRANGA,2023-11-21
SE,MG,DIVINOPOLIS,AUTO POSTO CENTER EIRELI - EPP,17.182.997/0001-40,AVENIDA GETULIO VARGAS,535,,CENTRO,35500-024,ETANOL,03/01/2023,3.94,,R$ / litro,BRANCA,2023-11-21
SE,MG,DIVINOPOLIS,AUTO POSTO CENTER EIRELI - EPP,17.182.997/0001-40,AVENIDA GETULIO VARGAS,535,,CENTRO,35500-024,GASOLINA,03/01/2023,4.99,,R$ / litro,BRANCA,2023-11-21
SE,MG,PATOS DE MINAS,AUTO POSTO V3 - EIRELI,15.500.817/0001-04,RUA TIRADENTES,80,,CENTRO,38700-134,ETANOL,03/01/2023,3.99,,R$ / litro,ALESAT,2023-11-21
SE,MG,PATOS DE MINAS,AUTO POSTO V3 - EIRELI,15.500.817/0001-04,RUA TIRADENTES,80,,CENTRO,38700-134,DIESEL S10,03/01/2023,6.69,,R$ / litro,ALESAT,2023-11-21
SE,MG,PATOS DE MINAS,AUTO POSTO V3 - EIRELI,15.500.817/0001-04,RUA TIRADENTES,80,,CENTRO,38700-134,GASOLINA ADITIVADA,03/01/2023,5.09,,R$ / litro,ALESAT,2023-11-21
SE,MG,PATOS DE MINAS,AUTO POSTO V3 - EIRELI,15.500.817/0001-04,RUA TIRADENTES,80,,CENTRO,38700-134,GASOLINA,03/01/2023,4.93,,R$ / litro,ALESAT,2023-11-21
SE,MG,GOVERNADOR VALADARES,POSTO GALEAO LTDA,17.352.921/0001-16,RUA MARECHAL DEODORO,489,LOTE: 0999; QUADRA: 0026; LOTE: PL1PL2 MATRIC 3.395;,CENTRO,35010-280,ETANOL,02/01/2023,3.94,,R$ / litro,BRANCA,2023-11-21
SE,MG,GOVERNADOR VALADARES,POSTO GALEAO LTDA,17.352.921/0001-16,RUA MARECHAL DEODORO,489,LOTE: 0999; QUADRA: 0026; LOTE: PL1PL2 MATRIC 3.395;,CENTRO,35010-280,GASOLINA,02/01/2023,5.01,,R$ / litro,BRANCA,2023-11-21
SE,MG,CARATINGA,REDE HG COMBUSTIVEIS LTDA.,13.569.064/0016-36,AVENIDA JOAO CAETANO NASCIMENTO,1200,,LIMOEIRO,35300-104,ETANOL,02/01/2023,4.15,,R$ / litro,IPIRANGA,2023-11-21
SE,MG,CARATINGA,REDE HG COMBUSTIVEIS LTDA.,13.569.064/0016-36,AVENIDA JOAO CAETANO NASCIMENTO,1200,,LIMOEIRO,35300-104,DIESEL S10,02/01/2023,6.39,,R$ / litro,IPIRANGA,2023-11-21
SE,MG,CARATINGA,REDE HG COMBUSTIVEIS LTDA.,13.569.064/0016-36,AVENIDA JOAO CAETANO NASCIMENTO,1200,,LIMOEIRO,35300-104,DIESEL,02/01/2023,6.29,,R$ / litro,IPIRANGA,2023-11-21
SE,MG,CARATINGA,REDE HG COMBUSTIVEIS LTDA.,13.569.064/0016-36,AVENIDA JOAO CAETANO NASCIMENTO,1200,,LIMOEIRO,35300-104,GASOLINA ADITIVADA,02/01/2023,5.38,,R$ / litro,IPIRANGA,2023-11-21
SE,MG,CARATINGA,REDE HG COMBUSTIVEIS LTDA.,13.569.064/0016-36,AVENIDA JOAO CAETANO NASCIMENTO,1200,,LIMOEIRO,35300-104,GASOLINA,02/01/2023,5.28,,R$ / litro,IPIRANGA,2023-11-21
SE,MG,NOVA LIMA,POSTO VILA DA SERRA LTDA,16.979.906/0001-30,RODOVIA MG 030,"1,346",,VALE DO SERENO,34000-001,ETANOL,05/01/2023,3.95,,R$ / litro,VIBRA ENERGIA,2023-11-21
SE,MG,NOVA LIMA,POSTO VILA DA SERRA LTDA,16.979.906/0001-30,RODOVIA MG 030,"1,346",,VALE DO SERENO,34000-001,DIESEL S10,05/01/2023,6.49,,R$ / litro,VIBRA ENERGIA,2023-11-21
SE,MG,NOVA LIMA,POSTO VILA DA SERRA LTDA,16.979.906/0001-30,RODOVIA MG 030,"1,346",,VALE DO SERENO,34000-001,GASOLINA,05/01/2023,4.97,,R$ / litro,VIBRA ENERGIA,2023-11-21
SE,MG,POCOS DE CALDAS,AUTO POSTO E CENTRO AUTOMOTIVO WENCESLAU BRAZ LTDA,17.212.958/0001-49,AVENIDA WENCESLAU BRAZ,2000,,ESTANCIA POCOS DE CALDAS,37706-055,ETANOL,04/01/2023,3.69,,R$ / litro,BRANCA,2023-11-21
SE,MG,POCOS DE CALDAS,AUTO POSTO E CENTRO AUTOMOTIVO WENCESLAU BRAZ LTDA,17.212.958/0001-49,AVENIDA WENCESLAU BRAZ,2000,,ESTANCIA POCOS DE CALDAS,37706-055,GASOLINA,04/01/2023,4.79,,R$ / litro,BRANCA,2023-11-21
SE,MG,ARAXA,PEREIRA COMERCIO DE COMBUSTIVEIS LTDA,17.428.198/0001-01,AVENIDA HITALO ROS,1300,,MORADA DO SOL,38181-419,ETANOL,05/01/2023,3.96,,R$ / litro,RIO BRANCO,2023-11-21
SE,MG,ARAXA,PEREIRA COMERCIO DE COMBUSTIVEIS LTDA,17.428.198/0001-01,AVENIDA HITALO ROS,1300,,MORADA DO SOL,38181-419,DIESEL S10,05/01/2023,6.26,,R$ / litro,RIO BRANCO,2023-11-21
SE,MG,ARAXA,PEREIRA COMERCIO DE COMBUSTIVEIS LTDA,17.428.198/0001-01,AVENIDA HITALO ROS,1300,,MORADA DO SOL,38181-419,DIESEL,05/01/2023,6.18,,R$ / litro,RIO BRANCO,2023-11-21
SE,MG,ARAXA,PEREIRA COMERCIO DE COMBUSTIVEIS LTDA,17.428.198/0001-01,AVENIDA HITALO ROS,1300,,MORADA DO SOL,38181-419,GASOLINA ADITIVADA,05/01/2023,5.15,,R$ / litro,RIO BRANCO,2023-11-21
SE,MG,ARAXA,PEREIRA COMERCIO DE COMBUSTIVEIS LTDA,17.428.198/0001-01,AVENIDA HITALO ROS,1300,,MORADA DO SOL,38181-419,GASOLINA,05/01/2023,5.15,,R$ / litro,RIO BRANCO,2023-11-21
SE,MG,CAMPO BELO,HMAX COMBUSTIVEIS E LUBRIFICANTES LTDA,17.756.002/0001-08,RUA JOAO PINHEIRO,377,,CENTRO,37270-000,ETANOL,05/01/2023,3.95,,R$ / litro,BRANCA,2023-11-21
SE,MG,CAMPO BELO,HMAX COMBUSTIVEIS E LUBRIFICANTES LTDA,17.756.002/0001-08,RUA JOAO PINHEIRO,377,,CENTRO,37270-000,GASOLINA,05/01/2023,5.15,,R$ / litro,BRANCA,2023-11-21
SE,MG,BETIM,POSTO PANAMERA LTDA,15.313.045/0001-93,AVENIDA BANDEIRANTES,1155,,CHACARA,32670-355,ETANOL,03/01/2023,4.09,,R$ / litro,VIBRA ENERGIA,2023-11-21
SE,MG,BETIM,POSTO PANAMERA LTDA,15.313.045/0001-93,AVENIDA BANDEIRANTES,1155,,CHACARA,32670-355,DIESEL S10,03/01/2023,6.49,,R$ / litro,VIBRA ENERGIA,2023-11-21
SE,MG,BETIM,POSTO PANAMERA LTDA,15.313.045/0001-93,AVENIDA BANDEIRANTES,1155,,CHACARA,32670-355,GASOLINA ADITIVADA,03/01/2023,5.24,,R$ / litro,VIBRA ENERGIA,2023-11-21
SE,MG,BETIM,POSTO PANAMERA LTDA,15.313.045/0001-93,AVENIDA BANDEIRANTES,1155,,CHACARA,32670-355,GASOLINA,03/01/2023,5.09,,R$ / litro,VIBRA ENERGIA,2023-11-21
SE,MG,CAMPO BELO,HMAX COMBUSTIVEIS E LUBRIFICANTES LTDA,17.756.002/0002-99,AVENIDA AFONSO PENA,1550,,CENTRO,37270-000,ETANOL,05/01/2023,3.95,,R$ / litro,BRANCA,2023-11-21
SE,MG,CAMPO BELO,HMAX COMBUSTIVEIS E LUBRIFICANTES LTDA,17.756.002/0002-99,AVENIDA AFONSO PENA,1550,,CENTRO,37270-000,DIESEL,05/01/2023,6.35,,R$ / litro,BRANCA,2023-11-21
SE,MG,CAMPO BELO,HMAX COMBUSTIVEIS E LUBRIFICANTES LTDA,17.756.002/0002-99,AVENIDA AFONSO PENA,1550,,CENTRO,37270-000,GASOLINA,05/01/2023,5.15,,R$ / litro,BRANCA,2023-11-21
SE,MG,GOVERNADOR VALADARES,SERRA & SENNA COMERCIO DE COMBUSTIVEIS LTDA,18.208.822/0001-28,RUA MARECHAL FLORIANO,1694,,CENTRO,35010-141,ETANOL,02/01/2023,4.05,,R$ / litro,RAIZEN,2023-11-21
SE,MG,GOVERNADOR VALADARES,SERRA & SENNA COMERCIO DE COMBUSTIVEIS LTDA,18.208.822/0001-28,RUA MARECHAL FLORIANO,1694,,CENTRO,35010-141,GASOLINA ADITIVADA,02/01/2023,5.55,,R$ / litro,RAIZEN,2023-11-21
SE,MG,GOVERNADOR VALADARES,SERRA & SENNA COMERCIO DE COMBUSTIVEIS LTDA,18.208.822/0001-28,RUA MARECHAL FLORIANO,1694,,CENTRO,35010-141,GASOLINA,02/01/2023,5.25,,R$ / litro,RAIZEN,2023-11-21
SE,MG,BELO HORIZONTE,POSTO ITATIAIA LTDA,12.927.274/0001-00,AVENIDA PROFESSOR CLOVIS SALGADO,1865,,ITATIAIA,31360-280,ETANOL,02/01/2023,3.98,,R$ / litro,BRANCA,2023-11-21
SE,MG,BELO HORIZONTE,POSTO ITATIAIA LTDA,12.927.274/0001-00,AVENIDA PROFESSOR CLOVIS SALGADO,1865,,ITATIAIA,31360-280,DIESEL S10,02/01/2023,6.19,,R$ / litro,BRANCA,2023-11-21
SE,MG,BELO HORIZONTE,POSTO ITATIAIA LTDA,12.927.274/0001-00,AVENIDA PROFESSOR CLOVIS SALGADO,1865,,ITATIAIA,31360-280,DIESEL,02/01/2023,6.09,,R$ / litro,BRANCA,2023-11-21
SE,MG,BELO HORIZONTE,POSTO ITATIAIA LTDA,12.927.274/0001-00,AVENIDA PROFESSOR CLOVIS SALGADO,1865,,ITATIAIA,31360-280,GASOLINA ADITIVADA,02/01/2023,5.08,,R$ / litro,BRANCA,2023-11-21
SE,MG,BELO HORIZONTE,POSTO ITATIAIA LTDA,12.927.274/0001-00,AVENIDA PROFESSOR CLOVIS SALGADO,1865,,ITATIAIA,31360-280,GASOLINA,02/01/2023,4.98,,R$ / litro,BRANCA,2023-11-21
SE,MG,ARAXA,ALBANO DE AZEVEDO E SOUZA & CIA LTDA,03.572.854/0007-26,AVENIDA JOAO PAULO II,170,,CENTRO,38183-000,ETANOL,05/01/2023,3.98,,R$ / litro,IPIRANGA,2023-11-21
SE,MG,ARAXA,ALBANO DE AZEVEDO E SOUZA & CIA LTDA,03.572.854/0007-26,AVENIDA JOAO PAULO II,170,,CENTRO,38183-000,DIESEL S10,05/01/2023,6.29,,R$ / litro,IPIRANGA,2023-11-21
SE,MG,ARAXA,ALBANO DE AZEVEDO E SOUZA & CIA LTDA,03.572.854/0007-26,AVENIDA JOAO PAULO II,170,,CENTRO,38183-000,DIESEL,05/01/2023,6.19,,R$ / litro,IPIRANGA,2023-11-21
SE,MG,ARAXA,ALBANO DE AZEVEDO E SOUZA & CIA LTDA,03.572.854/0007-26,AVENIDA JOAO PAULO II,170,,CENTRO,38183-000,GASOLINA ADITIVADA,05/01/2023,5.25,,R$ / litro,IPIRANGA,2023-11-21
SE,MG,ARAXA,ALBANO DE AZEVEDO E SOUZA & CIA LTDA,03.572.854/0007-26,AVENIDA JOAO PAULO II,170,,CENTRO,38183-000,GASOLINA,05/01/2023,5.15,,R$ / litro,IPIRANGA,2023-11-21
SE,MG,CONSELHEIRO LAFAIETE,AUTO POSTO GIGANTE LTDA,13.093.320/0001-85,RUA CRISTOVAO DE SENA,1201,,GIGANTE,36400-001,ETANOL,02/01/2023,3.95,,R$ / litro,BRANCA,2023-11-21
SE,MG,CONSELHEIRO LAFAIETE,AUTO POSTO GIGANTE LTDA,13.093.320/0001-85,RUA CRISTOVAO DE SENA,1201,,GIGANTE,36400-001,DIESEL S10,02/01/2023,6.15,,R$ / litro,BRANCA,2023-11-21
SE,MG,CONSELHEIRO LAFAIETE,AUTO POSTO GIGANTE LTDA,13.093.320/0001-85,RUA CRISTOVAO DE SENA,1201,,GIGANTE,36400-001,DIESEL,02/01/2023,6.07,,R$ / litro,BRANCA,2023-11-21
SE,MG,CONSELHEIRO LAFAIETE,AUTO POSTO GIGANTE LTDA,13.093.320/0001-85,RUA CRISTOVAO DE SENA,1201,,GIGANTE,36400-001,GASOLINA ADITIVADA,02/01/2023,5.19,,R$ / litro,BRANCA,2023-11-21
SE,MG,CONSELHEIRO LAFAIETE,AUTO POSTO GIGANTE LTDA,13.093.320/0001-85,RUA CRISTOVAO DE SENA,1201,,GIGANTE,36400-001,GASOLINA,02/01/2023,5.19,,R$ / litro,BRANCA,2023-11-21
SE,MG,GOVERNADOR VALADARES,REDE HG COMBUSTIVEIS LTDA.,13.569.064/0004-00,AVENIDA RIO/BAHIA,S/N,KM: 412 E 33 METROS;,PLANALTO,35054-060,ETANOL,02/01/2023,4.09,,R$ / litro,VIBRA ENERGIA,2023-11-21
SE,MG,GOVERNADOR VALADARES,REDE HG COMBUSTIVEIS LTDA.,13.569.064/0004-00,AVENIDA RIO/BAHIA,S/N,KM: 412 E 33 METROS;,PLANALTO,35054-060,DIESEL S10,02/01/2023,6.15,,R$ / litro,VIBRA ENERGIA,2023-11-21
SE,MG,GOVERNADOR VALADARES,REDE HG COMBUSTIVEIS LTDA.,13.569.064/0004-00,AVENIDA RIO/BAHIA,S/N,KM: 412 E 33 METROS;,PLANALTO,35054-060,DIESEL,02/01/2023,6.05,,R$ / litro,VIBRA ENERGIA,2023-11-21
SE,MG,GOVERNADOR VALADARES,REDE HG COMBUSTIVEIS LTDA.,13.569.064/0004-00,AVENIDA RIO/BAHIA,S/N,KM: 412 E 33 METROS;,PLANALTO,35054-060,GASOLINA ADITIVADA,02/01/2023,5.59,,R$ / litro,VIBRA ENERGIA,2023-11-21
SE,MG,GOVERNADOR VALADARES,REDE HG COMBUSTIVEIS LTDA.,13.569.064/0004-00,AVENIDA RIO/BAHIA,S/N,KM: 412 E 33 METROS;,PLANALTO,35054-060,GASOLINA,02/01/2023,5.29,,R$ / litro,VIBRA ENERGIA,2023-11-21
SE,MG,GOVERNADOR VALADARES,REDE HG COMBUSTIVEIS LTDA.,13.569.064/0004-00,AVENIDA RIO/BAHIA,S/N,KM: 412 E 33 METROS;,PLANALTO,35054-060,GNV,02/01/2023,5.19,,R$ / m³,VIBRA ENERGIA,2023-11-21
SE,MG,GOVERNADOR VALADARES,REDE HG COMBUSTIVEIS LTDA.,13.569.064/0008-26,AVENIDA RIO/BAHIA,S/N,KM: 420 E 56 METROS;,VILA ISA,35044-000,ETANOL,02/01/2023,3.99,,R$ / litro,RAIZEN,2023-11-21
SE,MG,GOVERNADOR VALADARES,REDE HG COMBUSTIVEIS LTDA.,13.569.064/0008-26,AVENIDA RIO/BAHIA,S/N,KM: 420 E 56 METROS;,VILA ISA,35044-000,DIESEL S10,02/01/2023,6.29,,R$ / litro,RAIZEN,2023-11-21
SE,MG,GOVERNADOR VALADARES,REDE HG COMBUSTIVEIS LTDA.,13.569.064/0008-26,AVENIDA RIO/BAHIA,S/N,KM: 420 E 56 METROS;,VILA ISA,35044-000,GASOLINA ADITIVADA,02/01/2023,5.55,,R$ / litro,RAIZEN,2023-11-21
SE,MG,GOVERNADOR VALADARES,REDE HG COMBUSTIVEIS LTDA.,13.569.064/0008-26,AVENIDA RIO/BAHIA,S/N,KM: 420 E 56 METROS;,VILA ISA,35044-000,GASOLINA,02/01/2023,5.25,,R$ / litro,RAIZEN,2023-11-21
SE,MG,MONTES CLAROS,POSTO SAO JUDAS DERIVADOS DE PETROLEO LTDA,04.233.411/0001-88,AVENIDA SAO JUDAS TADEU,334,,SAO JUDAS,39402-558,ETANOL,05/01/2023,3.68,,R$ / litro,IPIRANGA,2023-11-21
SE,MG,MONTES CLAROS,POSTO SAO JUDAS DERIVADOS DE PETROLEO LTDA,04.233.411/0001-88,AVENIDA SAO JUDAS TADEU,334,,SAO JUDAS,39402-558,GASOLINA ADITIVADA,05/01/2023,5.07,,R$ / litro,IPIRANGA,2023-11-21
SE,MG,MONTES CLAROS,POSTO SAO JUDAS DERIVADOS DE PETROLEO LTDA,04.233.411/0001-88,AVENIDA SAO JUDAS TADEU,334,,SAO JUDAS,39402-558,GASOLINA,05/01/2023,4.87,,R$ / litro,IPIRANGA,2023-11-21
SE,MG,BARBACENA,COMERCIO E DISTRIBUICAO SALES LTDA,05.418.619/0025-01,RUA BENJAMIN CONSTANT,200,,CENTRO,36200-056,ETANOL,04/01/2023,3.98,,R$ / litro,BRANCA,2023-11-21
SE,MG,BARBACENA,COMERCIO E DISTRIBUICAO SALES LTDA,05.418.619/0025-01,RUA BENJAMIN CONSTANT,200,,CENTRO,36200-056,DIESEL S10,04/01/2023,6.15,,R$ / litro,BRANCA,2023-11-21
SE,MG,BARBACENA,COMERCIO E DISTRIBUICAO SALES LTDA,05.418.619/0025-01,RUA BENJAMIN CONSTANT,200,,CENTRO,36200-056,GASOLINA ADITIVADA,04/01/2023,5.19,,R$ / litro,BRANCA,2023-11-21
SE,MG,BARBACENA,COMERCIO E DISTRIBUICAO SALES LTDA,05.418.619/0025-01,RUA BENJAMIN CONSTANT,200,,CENTRO,36200-056,GASOLINA,04/01/2023,5.09,,R$ / litro,BRANCA,2023-11-21
SE,MG,ITUIUTABA,POSTO 5.5. LIMITADA,02.211.749/0016-90,AVENIDA MINAS GERAIS,2955,,GERSON BADUY II,38304-285,ETANOL,02/01/2023,3.79,,R$ / litro,VIBRA ENERGIA,2023-11-21
SE,MG,ITUIUTABA,POSTO 5.5. LIMITADA,02.211.749/0016-90,AVENIDA MINAS GERAIS,2955,,GERSON BADUY II,38304-285,GASOLINA,02/01/2023,4.89,,R$ / litro,VIBRA ENERGIA,2023-11-21
SE,MG,IPATINGA,POSTO AUTO GIRO LTDA,09.140.879/0001-41,RUA CLAUDIO MOURA,777,: A;,NOVO CRUZEIRO,35164-840,ETANOL,02/01/2023,4.05,,R$ / litro,BRANCA,2023-11-21
SE,MG,IPATINGA,POSTO AUTO GIRO LTDA,09.140.879/0001-41,RUA CLAUDIO MOURA,777,: A;,NOVO CRUZEIRO,35164-840,GASOLINA ADITIVADA,02/01/2023,5.3,,R$ / litro,BRANCA,2023-11-21
SE,MG,IPATINGA,POSTO AUTO GIRO LTDA,09.140.879/0001-41,RUA CLAUDIO MOURA,777,: A;,NOVO CRUZEIRO,35164-840,GASOLINA,02/01/2023,5.25,,R$ / litro,BRANCA,2023-11-21
SE,MG,MURIAE,POSTO RADAR DE MURIAE LTDA,21.019.426/0001-67,"RUA ANTERO LOPES DE CARVALHO, RODOVIA BR 116",825,KM: 710;,SANTA HELENA,36884-124,DIESEL S10,02/01/2023,6.37,,R$ / litro,IPIRANGA,2023-11-21
SE,MG,MURIAE,POSTO RADAR DE MURIAE LTDA,21.019.426/0001-67,"RUA ANTERO LOPES DE CARVALHO, RODOVIA BR 116",825,KM: 710;,SANTA HELENA,36884-124,DIESEL,02/01/2023,6.27,,R$ / litro,IPIRANGA,2023-11-21
SE,MG,MONTE CARMELO,ADILSON BORGES DA SILVA - ME,20.673.794/0001-61,RUA BOLIVIA,220,,CENTRO,38500-000,ETANOL,03/01/2023,3.78,,R$ / litro,BRANCA,2023-11-21
SE,MG,MONTE CARMELO,ADILSON BORGES DA SILVA - ME,20.673.794/0001-61,RUA BOLIVIA,220,,CENTRO,38500-000,DIESEL,03/01/2023,6.09,,R$ / litro,BRANCA,2023-11-21
SE,MG,MONTE CARMELO,ADILSON BORGES DA SILVA - ME,20.673.794/0001-61,RUA BOLIVIA,220,,CENTRO,38500-000,GASOLINA,03/01/2023,4.84,,R$ / litro,BRANCA,2023-11-21
SE,MG,BARBACENA,POSTO BELVEDERE DE BARBACENA LTDA.,19.482.441/0001-03,RUA JOAO PINHEIRO,431,,SANTA TEREZA II,36201-128,ETANOL,04/01/2023,4.43,,R$ / litro,VIBRA ENERGIA,2023-11-21
SE,MG,BARBACENA,POSTO BELVEDERE DE BARBACENA LTDA.,19.482.441/0001-03,RUA JOAO PINHEIRO,431,,SANTA TEREZA II,36201-128,DIESEL S10,04/01/2023,6.64,,R$ / litro,VIBRA ENERGIA,2023-11-21
SE,MG,BARBACENA,POSTO BELVEDERE DE BARBACENA LTDA.,19.482.441/0001-03,RUA JOAO PINHEIRO,431,,SANTA TEREZA II,36201-128,DIESEL,04/01/2023,6.54,,R$ / litro,VIBRA ENERGIA,2023-11-21
SE,MG,BARBACENA,POSTO BELVEDERE DE BARBACENA LTDA.,19.482.441/0001-03,RUA JOAO PINHEIRO,431,,SANTA TEREZA II,36201-128,GASOLINA ADITIVADA,04/01/2023,5.39,,R$ / litro,VIBRA ENERGIA,2023-11-21
SE,MG,BARBACENA,POSTO BELVEDERE DE BARBACENA LTDA.,19.482.441/0001-03,RUA JOAO PINHEIRO,431,,SANTA TEREZA II,36201-128,GASOLINA,04/01/2023,5.29,,R$ / litro,VIBRA ENERGIA,2023-11-21
SE,MG,LAVRAS,AUTO POSTO PAIS DE GALE LTDA,20.922.136/0001-66,AVENIDA JUSCELINO KUBITSCHECK,358,,RETIRO,37200-000,ETANOL,04/01/2023,3.97,,R$ / litro,RAIZEN,2023-11-21
SE,MG,LAVRAS,AUTO POSTO PAIS DE GALE LTDA,20.922.136/0001-66,AVENIDA JUSCELINO KUBITSCHECK,358,,RETIRO,37200-000,GASOLINA,04/01/2023,4.89,,R$ / litro,RAIZEN,2023-11-21
SE,MG,NOVA LIMA,PORTOPETRO COMBUSTIVEIS LTDA,03.167.395/0001-00,RODOVIA JANUARIO CARNEIRO,3480,LOTE  7 E 8               QUADRA2,BOSQUE RESIDENCIAL DO JAMBREIRO,34004-842,ETANOL,05/01/2023,4.19,,R$ / litro,RAIZEN,2023-11-21
SE,MG,NOVA LIMA,PORTOPETRO COMBUSTIVEIS LTDA,03.167.395/0001-00,RODOVIA JANUARIO CARNEIRO,3480,LOTE  7 E 8               QUADRA2,BOSQUE RESIDENCIAL DO JAMBREIRO,34004-842,DIESEL S10,05/01/2023,6.59,,R$ / litro,RAIZEN,2023-11-21
SE,MG,NOVA LIMA,PORTOPETRO COMBUSTIVEIS LTDA,03.167.395/0001-00,RODOVIA JANUARIO CARNEIRO,3480,LOTE  7 E 8               QUADRA2,BOSQUE RESIDENCIAL DO JAMBREIRO,34004-842,GASOLINA ADITIVADA,05/01/2023,5.39,,R$ / litro,RAIZEN,2023-11-21
SE,MG,CAMPO BELO,AUTO POSTO AGLE LTDA,21.804.120/0003-83,AVENIDA BELO HORIZONTE,1090,,CENTENARIO,37270-000,ETANOL,04/01/2023,3.95,,R$ / litro,BRANCA,2023-11-21
SE,MG,CAMPO BELO,AUTO POSTO AGLE LTDA,21.804.120/0003-83,AVENIDA BELO HORIZONTE,1090,,CENTENARIO,37270-000,DIESEL,04/01/2023,6.29,,R$ / litro,BRANCA,2023-11-21
SE,MG,CAMPO BELO,AUTO POSTO AGLE LTDA,21.804.120/0003-83,AVENIDA BELO HORIZONTE,1090,,CENTENARIO,37270-000,GASOLINA,04/01/2023,4.97,,R$ / litro,BRANCA,2023-11-21
SE,MG,CAMPO BELO,AUTO POSTO JARDIM AEROPORTO LTDA,22.440.988/0001-42,RUA VEREADOR FRANCISCO ARAUJO RODARTE,1586,,PASSA TEMPO,37270-000,ETANOL,04/01/2023,3.99,,R$ / litro,VIBRA ENERGIA,2023-11-21
SE,MG,CAMPO BELO,AUTO POSTO JARDIM AEROPORTO LTDA,22.440.988/0001-42,RUA VEREADOR FRANCISCO ARAUJO RODARTE,1586,,PASSA TEMPO,37270-000,DIESEL S10,04/01/2023,6.37,,R$ / litro,VIBRA ENERGIA,2023-11-21
SE,MG,CAMPO BELO,AUTO POSTO JARDIM AEROPORTO LTDA,22.440.988/0001-42,RUA VEREADOR FRANCISCO ARAUJO RODARTE,1586,,PASSA TEMPO,37270-000,DIESEL,04/01/2023,6.27,,R$ / litro,VIBRA ENERGIA,2023-11-21
SE,MG,CAMPO BELO,AUTO POSTO JARDIM AEROPORTO LTDA,22.440.988/0001-42,RUA VEREADOR FRANCISCO ARAUJO RODARTE,1586,,PASSA TEMPO,37270-000,GASOLINA ADITIVADA,04/01/2023,5.09,,R$ / litro,VIBRA ENERGIA,2023-11-21
SE,MG,CAMPO BELO,AUTO POSTO JARDIM AEROPORTO LTDA,22.440.988/0001-42,RUA VEREADOR FRANCISCO ARAUJO RODARTE,1586,,PASSA TEMPO,37270-000,GASOLINA,04/01/2023,4.99,,R$ / litro,VIBRA ENERGIA,2023-11-21
SE,MG,CONSELHEIRO LAFAIETE,POSTO ELOHIM LTDA,01.708.132/0002-16,R BARAO DE POUSO ALEGRE,701,,SAO DIMAS,36400-000,ETANOL,03/01/2023,3.77,,R$ / litro,ALESAT,2023-11-21
SE,MG,CONSELHEIRO LAFAIETE,POSTO ELOHIM LTDA,01.708.132/0002-16,R BARAO DE POUSO ALEGRE,701,,SAO DIMAS,36400-000,DIESEL S10,03/01/2023,6.1,,R$ / litro,ALESAT,2023-11-21
SE,MG,CONSELHEIRO LAFAIETE,POSTO ELOHIM LTDA,01.708.132/0002-16,R BARAO DE POUSO ALEGRE,701,,SAO DIMAS,36400-000,DIESEL,03/01/2023,5.99,,R$ / litro,ALESAT,2023-11-21
SE,MG,CONSELHEIRO LAFAIETE,POSTO ELOHIM LTDA,01.708.132/0002-16,R BARAO DE POUSO ALEGRE,701,,SAO DIMAS,36400-000,GASOLINA ADITIVADA,03/01/2023,4.9,,R$ / litro,ALESAT,2023-11-21
SE,MG,CONSELHEIRO LAFAIETE,POSTO ELOHIM LTDA,01.708.132/0002-16,R BARAO DE POUSO ALEGRE,701,,SAO DIMAS,36400-000,GASOLINA,03/01/2023,4.85,,R$ / litro,ALESAT,2023-11-21
SE,MG,UBERABA,CINQUENTAO COMERCIO DE COMBUSTIVEIS LTDA,04.224.679/0004-04,RUA JOAO PINHEIRO,434,,CENTRO,38010-040,ETANOL,05/01/2023,3.64,,R$ / litro,BRANCA,2023-11-21
SE,MG,UBERABA,CINQUENTAO COMERCIO DE COMBUSTIVEIS LTDA,04.224.679/0004-04,RUA JOAO PINHEIRO,434,,CENTRO,38010-040,DIESEL S10,05/01/2023,6.19,,R$ / litro,BRANCA,2023-11-21
SE,MG,UBERABA,CINQUENTAO COMERCIO DE COMBUSTIVEIS LTDA,04.224.679/0004-04,RUA JOAO PINHEIRO,434,,CENTRO,38010-040,DIESEL,05/01/2023,6.09,,R$ / litro,BRANCA,2023-11-21
SE,MG,UBERABA,CINQUENTAO COMERCIO DE COMBUSTIVEIS LTDA,04.224.679/0004-04,RUA JOAO PINHEIRO,434,,CENTRO,38010-040,GASOLINA,05/01/2023,4.97,,R$ / litro,BRANCA,2023-11-21
SE,MG,ARAGUARI,CARILLI DIAS COMERCIO DE COMBUSTIVEIS LTDA,23.350.635/0001-14,AVENIDA MATO GROSSO,1740,,CENTRO,38440-046,ETANOL,02/01/2023,3.99,,R$ / litro,IPIRANGA,2023-11-21
SE,MG,ARAGUARI,CARILLI DIAS COMERCIO DE COMBUSTIVEIS LTDA,23.350.635/0001-14,AVENIDA MATO GROSSO,1740,,CENTRO,38440-046,DIESEL S10,02/01/2023,6.59,,R$ / litro,IPIRANGA,2023-11-21
SE,MG,ARAGUARI,CARILLI DIAS COMERCIO DE COMBUSTIVEIS LTDA,23.350.635/0001-14,AVENIDA MATO GROSSO,1740,,CENTRO,38440-046,DIESEL,02/01/2023,6.49,,R$ / litro,IPIRANGA,2023-11-21
SE,MG,ARAGUARI,CARILLI DIAS COMERCIO DE COMBUSTIVEIS LTDA,23.350.635/0001-14,AVENIDA MATO GROSSO,1740,,CENTRO,38440-046,GASOLINA,02/01/2023,5.69,,R$ / litro,IPIRANGA,2023-11-21
SE,MG,BETIM,AUTO POSTO EXPRESSA DE BETIM LTDA,21.872.370/0001-99,AVENIDA CAMPOS DE OURIQUE,473,,DOM BOSCO,32670-575,ETANOL,03/01/2023,3.89,,R$ / litro,TOTALENERGIES,2023-11-21
SE,MG,BETIM,AUTO POSTO EXPRESSA DE BETIM LTDA,21.872.370/0001-99,AVENIDA CAMPOS DE OURIQUE,473,,DOM BOSCO,32670-575,DIESEL S10,03/01/2023,5.99,,R$ / litro,TOTALENERGIES,2023-11-21
SE,MG,BETIM,AUTO POSTO EXPRESSA DE BETIM LTDA,21.872.370/0001-99,AVENIDA CAMPOS DE OURIQUE,473,,DOM BOSCO,32670-575,GASOLINA,03/01/2023,4.85,,R$ / litro,TOTALENERGIES,2023-11-21
SE,MG,CAMPO BELO,ABC DISTRIBUICAO DE PETROLEO LTDA,13.117.591/0003-95,AVENIDA SAO JOAO,825,,CENTRO,37270-000,ETANOL,05/01/2023,3.89,,R$ / litro,BRANCA,2023-11-21
SE,MG,CAMPO BELO,ABC DISTRIBUICAO DE PETROLEO LTDA,13.117.591/0003-95,AVENIDA SAO JOAO,825,,CENTRO,37270-000,DIESEL S10,05/01/2023,6.34,,R$ / litro,BRANCA,2023-11-21
SE,MG,CAMPO BELO,ABC DISTRIBUICAO DE PETROLEO LTDA,13.117.591/0003-95,AVENIDA SAO JOAO,825,,CENTRO,37270-000,DIESEL,05/01/2023,6.29,,R$ / litro,BRANCA,2023-11-21
SE,MG,CAMPO BELO,ABC DISTRIBUICAO DE PETROLEO LTDA,13.117.591/0003-95,AVENIDA SAO JOAO,825,,CENTRO,37270-000,GASOLINA ADITIVADA,05/01/2023,4.99,,R$ / litro,BRANCA,2023-11-21
SE,MG,CAMPO BELO,ABC DISTRIBUICAO DE PETROLEO LTDA,13.117.591/0003-95,AVENIDA SAO JOAO,825,,CENTRO,37270-000,GASOLINA,05/01/2023,4.99,,R$ / litro,BRANCA,2023-11-21
SE,MG,CONTAGEM,POSTO VILA PICA PAU LTDA,15.218.502/0001-60,VIA EXPRESSA DE CONTAGEM,6900,,BERNARDO MONTEIRO,32070-005,ETANOL,03/01/2023,3.99,,R$ / litro,IPIRANGA,2023-11-21
SE,MG,CONTAGEM,POSTO VILA PICA PAU LTDA,15.218.502/0001-60,VIA EXPRESSA DE CONTAGEM,6900,,BERNARDO MONTEIRO,32070-005,DIESEL,03/01/2023,5.99,,R$ / litro,IPIRANGA,2023-11-21
SE,MG,CONTAGEM,POSTO VILA PICA PAU LTDA,15.218.502/0001-60,VIA EXPRESSA DE CONTAGEM,6900,,BERNARDO MONTEIRO,32070-005,GASOLINA,03/01/2023,4.99,,R$ / litro,IPIRANGA,2023-11-21
SE,MG,TIMOTEO,POSTO RIMA LTDA- EPP,23.932.057/0001-24,ALAMEDA TRINTA E UM DE OUTUBRO,85,,CENTRO,35180-014,ETANOL,04/01/2023,3.97,,R$ / litro,ALESAT,2023-11-21
SE,MG,TIMOTEO,POSTO RIMA LTDA- EPP,23.932.057/0001-24,ALAMEDA TRINTA E UM DE OUTUBRO,85,,CENTRO,35180-014,DIESEL,04/01/2023,5.99,,R$ / litro,ALESAT,2023-11-21
SE,MG,TIMOTEO,POSTO RIMA LTDA- EPP,23.932.057/0001-24,ALAMEDA TRINTA E UM DE OUTUBRO,85,,CENTRO,35180-014,GASOLINA,04/01/2023,4.97,,R$ / litro,ALESAT,2023-11-21
SE,MG,TIMOTEO,POSTO REDE RIVA 6 LTDA - EPP,23.928.593/0001-56,AVENIDA ACESITA,91,,OLARIA,35180-207,ETANOL,05/01/2023,4.25,,R$ / litro,VIBRA ENERGIA,2023-11-21
SE,MG,TIMOTEO,POSTO REDE RIVA 6 LTDA - EPP,23.928.593/0001-56,AVENIDA ACESITA,91,,OLARIA,35180-207,DIESEL S10,05/01/2023,6.29,,R$ / litro,VIBRA ENERGIA,2023-11-21
SE,MG,TIMOTEO,POSTO REDE RIVA 6 LTDA - EPP,23.928.593/0001-56,AVENIDA ACESITA,91,,OLARIA,35180-207,DIESEL,05/01/2023,6.19,,R$ / litro,VIBRA ENERGIA,2023-11-21
SE,MG,TIMOTEO,POSTO REDE RIVA 6 LTDA - EPP,23.928.593/0001-56,AVENIDA ACESITA,91,,OLARIA,35180-207,GASOLINA ADITIVADA,05/01/2023,5.14,,R$ / litro,VIBRA ENERGIA,2023-11-21
SE,MG,TIMOTEO,POSTO REDE RIVA 6 LTDA - EPP,23.928.593/0001-56,AVENIDA ACESITA,91,,OLARIA,35180-207,GASOLINA,05/01/2023,4.99,,R$ / litro,VIBRA ENERGIA,2023-11-21
SE,MG,SETE LAGOAS,AUTO POSTO RAINHA DA PAZ LTDA,23.472.757/0001-83,AVENIDA MUCIO JOSE REIS,40,,CENTRO,35700-640,ETANOL,04/01/2023,3.89,,R$ / litro,BRANCA,2023-11-21
SE,MG,SETE LAGOAS,AUTO POSTO RAINHA DA PAZ LTDA,23.472.757/0001-83,AVENIDA MUCIO JOSE REIS,40,,CENTRO,35700-640,DIESEL S10,04/01/2023,6.04,,R$ / litro,BRANCA,2023-11-21
SE,MG,SETE LAGOAS,AUTO POSTO RAINHA DA PAZ LTDA,23.472.757/0001-83,AVENIDA MUCIO JOSE REIS,40,,CENTRO,35700-640,DIESEL,04/01/2023,5.95,,R$ / litro,BRANCA,2023-11-21
SE,MG,SETE LAGOAS,AUTO POSTO RAINHA DA PAZ LTDA,23.472.757/0001-83,AVENIDA MUCIO JOSE REIS,40,,CENTRO,35700-640,GASOLINA ADITIVADA,04/01/2023,5.04,,R$ / litro,BRANCA,2023-11-21
SE,MG,SETE LAGOAS,AUTO POSTO RAINHA DA PAZ LTDA,23.472.757/0001-83,AVENIDA MUCIO JOSE REIS,40,,CENTRO,35700-640,GASOLINA,04/01/2023,4.99,,R$ / litro,BRANCA,2023-11-21
SE,MG,DIVINOPOLIS,AEROPORTO POSTO DE SERVICO LTDA,25.180.534/0001-78,RUA ORIBES BATISTA LEITE,680,,SANTA TEREZA,35501-102,ETANOL,03/01/2023,3.99,,R$ / litro,IPIRANGA,2023-11-21
SE,MG,DIVINOPOLIS,AEROPORTO POSTO DE SERVICO LTDA,25.180.534/0001-78,RUA ORIBES BATISTA LEITE,680,,SANTA TEREZA,35501-102,DIESEL S10,03/01/2023,6.49,,R$ / litro,IPIRANGA,2023-11-21
SE,MG,DIVINOPOLIS,AEROPORTO POSTO DE SERVICO LTDA,25.180.534/0001-78,RUA ORIBES BATISTA LEITE,680,,SANTA TEREZA,35501-102,GASOLINA ADITIVADA,03/01/2023,5.19,,R$ / litro,IPIRANGA,2023-11-21
SE,MG,DIVINOPOLIS,AEROPORTO POSTO DE SERVICO LTDA,25.180.534/0001-78,RUA ORIBES BATISTA LEITE,680,,SANTA TEREZA,35501-102,GASOLINA,03/01/2023,4.99,,R$ / litro,IPIRANGA,2023-11-21
SE,MG,BARBACENA,AUTO POSTO SEGREDINHO LTDA,24.440.725/0001-69,AVENIDA GOVERNADOR BIAS FORTES,1605,B,PONTILHAO,36204-168,ETANOL,04/01/2023,3.98,,R$ / litro,IPIRANGA,2023-11-21
SE,MG,BARBACENA,AUTO POSTO SEGREDINHO LTDA,24.440.725/0001-69,AVENIDA GOVERNADOR BIAS FORTES,1605,B,PONTILHAO,36204-168,DIESEL S10,04/01/2023,6.29,,R$ / litro,IPIRANGA,2023-11-21
SE,MG,BARBACENA,AUTO POSTO SEGREDINHO LTDA,24.440.725/0001-69,AVENIDA GOVERNADOR BIAS FORTES,1605,B,PONTILHAO,36204-168,DIESEL,04/01/2023,6.19,,R$ / litro,IPIRANGA,2023-11-21
SE,MG,BARBACENA,AUTO POSTO SEGREDINHO LTDA,24.440.725/0001-69,AVENIDA GOVERNADOR BIAS FORTES,1605,B,PONTILHAO,36204-168,GASOLINA,04/01/2023,5.18,,R$ / litro,IPIRANGA,2023-11-21
SE,MG,CARATINGA,CIMINI PRAIS CIA LTDA - ME,04.637.870/0001-27,AVENIDA PRESIDENTE TANCREDO NEVES,1243,,SALATIEL,35300-543,ETANOL,02/01/2023,4.19,,R$ / litro,RAIZEN,2023-11-21
SE,MG,CARATINGA,CIMINI PRAIS CIA LTDA - ME,04.637.870/0001-27,AVENIDA PRESIDENTE TANCREDO NEVES,1243,,SALATIEL,35300-543,DIESEL S10,02/01/2023,6.29,,R$ / litro,RAIZEN,2023-11-21
SE,MG,CARATINGA,CIMINI PRAIS CIA LTDA - ME,04.637.870/0001-27,AVENIDA PRESIDENTE TANCREDO NEVES,1243,,SALATIEL,35300-543,DIESEL,02/01/2023,6.19,,R$ / litro,RAIZEN,2023-11-21
SE,MG,CARATINGA,CIMINI PRAIS CIA LTDA - ME,04.637.870/0001-27,AVENIDA PRESIDENTE TANCREDO NEVES,1243,,SALATIEL,35300-543,GASOLINA ADITIVADA,02/01/2023,5.49,,R$ / litro,RAIZEN,2023-11-21
SE,MG,CARATINGA,CIMINI PRAIS CIA LTDA - ME,04.637.870/0001-27,AVENIDA PRESIDENTE TANCREDO NEVES,1243,,SALATIEL,35300-543,GASOLINA,02/01/2023,5.29,,R$ / litro,RAIZEN,2023-11-21
SE,MG,UBERABA,CINQUENTAO COMERCIO DE COMBUSTIVEIS LTDA,04.224.679/0006-68,AVENIDA LEOPOLDINO DE OLIVEIRA,3040,,ESTADOS UNIDOS,38015-000,ETANOL,05/01/2023,3.64,,R$ / litro,BRANCA,2023-11-21
SE,MG,UBERABA,CINQUENTAO COMERCIO DE COMBUSTIVEIS LTDA,04.224.679/0006-68,AVENIDA LEOPOLDINO DE OLIVEIRA,3040,,ESTADOS UNIDOS,38015-000,DIESEL,05/01/2023,6.09,,R$ / litro,BRANCA,2023-11-21
SE,MG,UBERABA,CINQUENTAO COMERCIO DE COMBUSTIVEIS LTDA,04.224.679/0006-68,AVENIDA LEOPOLDINO DE OLIVEIRA,3040,,ESTADOS UNIDOS,38015-000,GASOLINA ADITIVADA,05/01/2023,4.97,,R$ / litro,BRANCA,2023-11-21
SE,MG,UBERABA,CINQUENTAO COMERCIO DE COMBUSTIVEIS LTDA,04.224.679/0006-68,AVENIDA LEOPOLDINO DE OLIVEIRA,3040,,ESTADOS UNIDOS,38015-000,GASOLINA,05/01/2023,4.97,,R$ / litro,BRANCA,2023-11-21
SE,MG,LAVRAS,POSTO TREVAO II COMERCIO DE COMBUSTIVEIS LTDA,19.796.948/0001-23,RODOVIA BR 265,1595,,JARDIM SAMAUMA,37200-000,ETANOL,04/01/2023,4.16,,R$ / litro,VIBRA ENERGIA,2023-11-21
SE,MG,LAVRAS,POSTO TREVAO II COMERCIO DE COMBUSTIVEIS LTDA,19.796.948/0001-23,RODOVIA BR 265,1595,,JARDIM SAMAUMA,37200-000,DIESEL S10,04/01/2023,6.39,,R$ / litro,VIBRA ENERGIA,2023-11-21
SE,MG,LAVRAS,POSTO TREVAO II COMERCIO DE COMBUSTIVEIS LTDA,19.796.948/0001-23,RODOVIA BR 265,1595,,JARDIM SAMAUMA,37200-000,DIESEL,04/01/2023,6.3,,R$ / litro,VIBRA ENERGIA,2023-11-21
SE,MG,LAVRAS,POSTO TREVAO II COMERCIO DE COMBUSTIVEIS LTDA,19.796.948/0001-23,RODOVIA BR 265,1595,,JARDIM SAMAUMA,37200-000,GASOLINA ADITIVADA,04/01/2023,5.12,,R$ / litro,VIBRA ENERGIA,2023-11-21
SE,MG,LAVRAS,POSTO TREVAO II COMERCIO DE COMBUSTIVEIS LTDA,19.796.948/0001-23,RODOVIA BR 265,1595,,JARDIM SAMAUMA,37200-000,GASOLINA,04/01/2023,5.09,,R$ / litro,VIBRA ENERGIA,2023-11-21
SE,MG,DIVINOPOLIS,COMERCIO DE COMBUSTIVEIS SANTA RITA LTDA,26.232.467/0001-50,RUA JK,850 C,,BOM PASTOR,35500-155,ETANOL,03/01/2023,4.05,,R$ / litro,IPIRANGA,2023-11-21
SE,MG,DIVINOPOLIS,COMERCIO DE COMBUSTIVEIS SANTA RITA LTDA,26.232.467/0001-50,RUA JK,850 C,,BOM PASTOR,35500-155,GASOLINA,03/01/2023,5.05,,R$ / litro,IPIRANGA,2023-11-21
SE,MG,BETIM,REDE DOM PEDRO DE POSTOS LTDA.,20.415.295/0015-70,RODOVIA BR-381 FERNAO DIAS,S/N,KM    496,BRASILEIA,32600-260,ETANOL,03/01/2023,4.19,,R$ / litro,IPIRANGA,2023-11-21
SE,MG,BETIM,REDE DOM PEDRO DE POSTOS LTDA.,20.415.295/0015-70,RODOVIA BR-381 FERNAO DIAS,S/N,KM    496,BRASILEIA,32600-260,DIESEL S10,03/01/2023,6.39,,R$ / litro,IPIRANGA,2023-11-21
SE,MG,BETIM,REDE DOM PEDRO DE POSTOS LTDA.,20.415.295/0015-70,RODOVIA BR-381 FERNAO DIAS,S/N,KM    496,BRASILEIA,32600-260,DIESEL,03/01/2023,6.29,,R$ / litro,IPIRANGA,2023-11-21
SE,MG,BETIM,REDE DOM PEDRO DE POSTOS LTDA.,20.415.295/0015-70,RODOVIA BR-381 FERNAO DIAS,S/N,KM    496,BRASILEIA,32600-260,GASOLINA,03/01/2023,5.09,,R$ / litro,IPIRANGA,2023-11-21
SE,MG,FORMIGA,AUTO POSTO LAVAJATO LTDA,29.467.161/0001-71,PRACA BERNARDINO NOGUEIRA,2,,CENTRO,35570-144,DIESEL S10,05/01/2023,6.29,,R$ / litro,VIBRA ENERGIA,2023-11-21
SE,MG,FORMIGA,AUTO POSTO LAVAJATO LTDA,29.467.161/0001-71,PRACA BERNARDINO NOGUEIRA,2,,CENTRO,35570-144,GASOLINA ADITIVADA,05/01/2023,5.29,,R$ / litro,VIBRA ENERGIA,2023-11-21
SE,MG,FORMIGA,AUTO POSTO LAVAJATO LTDA,29.467.161/0001-71,PRACA BERNARDINO NOGUEIRA,2,,CENTRO,35570-144,GASOLINA,05/01/2023,5.19,,R$ / litro,VIBRA ENERGIA,2023-11-21
SE,MG,BARBACENA,POSTO AVENIDA BQ LTDA,28.202.027/0001-86,AVENIDA GOVERNADOR BIAS FORTES,908,,PONTILHAO,36204-168,DIESEL S10,04/01/2023,6.42,,R$ / litro,VIBRA ENERGIA,2023-11-21
SE,MG,BARBACENA,POSTO AVENIDA BQ LTDA,28.202.027/0001-86,AVENIDA GOVERNADOR BIAS FORTES,908,,PONTILHAO,36204-168,GASOLINA ADITIVADA,04/01/2023,5.19,,R$ / litro,VIBRA ENERGIA,2023-11-21
SE,MG,BARBACENA,POSTO AVENIDA BQ LTDA,28.202.027/0001-86,AVENIDA GOVERNADOR BIAS FORTES,908,,PONTILHAO,36204-168,GASOLINA,04/01/2023,5.19,,R$ / litro,VIBRA ENERGIA,2023-11-21
SE,MG,CURVELO,DISTRIBUIDORA DE PETROLEO MENDES LTDA,14.484.066/0001-09,RUA JOAQUIM FELICIO,402,,CENTRO,35790-000,ETANOL,04/01/2023,4.19,,R$ / litro,RAIZEN,2023-11-21
SE,MG,CURVELO,DISTRIBUIDORA DE PETROLEO MENDES LTDA,14.484.066/0001-09,RUA JOAQUIM FELICIO,402,,CENTRO,35790-000,DIESEL S10,04/01/2023,6.59,,R$ / litro,RAIZEN,2023-11-21
SE,MG,CURVELO,DISTRIBUIDORA DE PETROLEO MENDES LTDA,14.484.066/0001-09,RUA JOAQUIM FELICIO,402,,CENTRO,35790-000,DIESEL,04/01/2023,6.49,,R$ / litro,RAIZEN,2023-11-21
SE,MG,CURVELO,DISTRIBUIDORA DE PETROLEO MENDES LTDA,14.484.066/0001-09,RUA JOAQUIM FELICIO,402,,CENTRO,35790-000,GASOLINA ADITIVADA,04/01/2023,5.39,,R$ / litro,RAIZEN,2023-11-21
SE,MG,CURVELO,DISTRIBUIDORA DE PETROLEO MENDES LTDA,14.484.066/0001-09,RUA JOAQUIM FELICIO,402,,CENTRO,35790-000,GASOLINA,04/01/2023,5.19,,R$ / litro,RAIZEN,2023-11-21
SE,MG,SETE LAGOAS,POSTO INTERLAGOS LTDA,23.556.740/0001-04,AVENIDA PREFEITO ALBERTO MOURA,325,,DISTRITO INDUSTRIAL,35702-383,ETANOL,03/01/2023,3.86,,R$ / litro,VIBRA ENERGIA,2023-11-21
SE,MG,SETE LAGOAS,POSTO INTERLAGOS LTDA,23.556.740/0001-04,AVENIDA PREFEITO ALBERTO MOURA,325,,DISTRITO INDUSTRIAL,35702-383,DIESEL S10,03/01/2023,6.37,,R$ / litro,VIBRA ENERGIA,2023-11-21
SE,MG,SETE LAGOAS,POSTO INTERLAGOS LTDA,23.556.740/0001-04,AVENIDA PREFEITO ALBERTO MOURA,325,,DISTRITO INDUSTRIAL,35702-383,DIESEL,03/01/2023,6.08,,R$ / litro,VIBRA ENERGIA,2023-11-21
SE,MG,SETE LAGOAS,POSTO INTERLAGOS LTDA,23.556.740/0001-04,AVENIDA PREFEITO ALBERTO MOURA,325,,DISTRITO INDUSTRIAL,35702-383,GASOLINA ADITIVADA,03/01/2023,4.89,,R$ / litro,VIBRA ENERGIA,2023-11-21
SE,MG,SETE LAGOAS,POSTO INTERLAGOS LTDA,23.556.740/0001-04,AVENIDA PREFEITO ALBERTO MOURA,325,,DISTRITO INDUSTRIAL,35702-383,GASOLINA,03/01/2023,4.89,,R$ / litro,VIBRA ENERGIA,2023-11-21
SE,MG,BETIM,AUTO POSTO ROMAO LTDA.,20.928.585/0001-11,AVENIDA DAS AMERICAS,1058,,CENTRO,32600-170,ETANOL,03/01/2023,3.89,,R$ / litro,IPIRANGA,2023-11-21
SE,MG,BETIM,AUTO POSTO ROMAO LTDA.,20.928.585/0001-11,AVENIDA DAS AMERICAS,1058,,CENTRO,32600-170,DIESEL S10,03/01/2023,6.09,,R$ / litro,IPIRANGA,2023-11-21
SE,MG,BETIM,AUTO POSTO ROMAO LTDA.,20.928.585/0001-11,AVENIDA DAS AMERICAS,1058,,CENTRO,32600-170,GASOLINA,03/01/2023,4.89,,R$ / litro,IPIRANGA,2023-11-21
SE,MG,TEOFILO OTONI,ATALAIA COMBUSTIVEIS E LUBRIFICANTES LTDA,27.543.740/0001-20,AVENIDA ALFREDO SA,2227,,JARDIM DAS ACACIAS,39804-000,ETANOL,03/01/2023,4.19,,R$ / litro,RAIZEN,2023-11-21
SE,MG,TEOFILO OTONI,ATALAIA COMBUSTIVEIS E LUBRIFICANTES LTDA,27.543.740/0001-20,AVENIDA ALFREDO SA,2227,,JARDIM DAS ACACIAS,39804-000,DIESEL S10,03/01/2023,6.39,,R$ / litro,RAIZEN,2023-11-21
SE,MG,TEOFILO OTONI,ATALAIA COMBUSTIVEIS E LUBRIFICANTES LTDA,27.543.740/0001-20,AVENIDA ALFREDO SA,2227,,JARDIM DAS ACACIAS,39804-000,GASOLINA ADITIVADA,03/01/2023,5.59,,R$ / litro,RAIZEN,2023-11-21
SE,MG,TEOFILO OTONI,ATALAIA COMBUSTIVEIS E LUBRIFICANTES LTDA,27.543.740/0001-20,AVENIDA ALFREDO SA,2227,,JARDIM DAS ACACIAS,39804-000,GASOLINA,03/01/2023,5.29,,R$ / litro,RAIZEN,2023-11-21
SE,MG,CONSELHEIRO LAFAIETE,POSTO DE COMBUSTIVEL VIA PRACA DA BANDEIRA LTDA,30.866.182/0001-49,PRACA DA BANDEIRA,1,,CARIJOS,36406-113,ETANOL,03/01/2023,4.15,,R$ / litro,IPIRANGA,2023-11-21
SE,MG,CONSELHEIRO LAFAIETE,POSTO DE COMBUSTIVEL VIA PRACA DA BANDEIRA LTDA,30.866.182/0001-49,PRACA DA BANDEIRA,1,,CARIJOS,36406-113,DIESEL S10,03/01/2023,6.89,,R$ / litro,IPIRANGA,2023-11-21
SE,MG,CONSELHEIRO LAFAIETE,POSTO DE COMBUSTIVEL VIA PRACA DA BANDEIRA LTDA,30.866.182/0001-49,PRACA DA BANDEIRA,1,,CARIJOS,36406-113,DIESEL,03/01/2023,6.79,,R$ / litro,IPIRANGA,2023-11-21
SE,MG,CONSELHEIRO LAFAIETE,POSTO DE COMBUSTIVEL VIA PRACA DA BANDEIRA LTDA,30.866.182/0001-49,PRACA DA BANDEIRA,1,,CARIJOS,36406-113,GASOLINA ADITIVADA,03/01/2023,5.29,,R$ / litro,IPIRANGA,2023-11-21
SE,MG,CONSELHEIRO LAFAIETE,POSTO DE COMBUSTIVEL VIA PRACA DA BANDEIRA LTDA,30.866.182/0001-49,PRACA DA BANDEIRA,1,,CARIJOS,36406-113,GASOLINA,03/01/2023,5.19,,R$ / litro,IPIRANGA,2023-11-21
SE,MG,PARA DE MINAS,LIBER COMERCIO DE COMBUSTIVEIS E DERIVADOS DE PETROLEO LTDA,29.335.625/0001-96,RUA MANOEL BATISTA,55,,CENTRO,35660-049,ETANOL,04/01/2023,4.09,,R$ / litro,IPIRANGA,2023-11-21
SE,MG,PARA DE MINAS,LIBER COMERCIO DE COMBUSTIVEIS E DERIVADOS DE PETROLEO LTDA,29.335.625/0001-96,RUA MANOEL BATISTA,55,,CENTRO,35660-049,DIESEL S10,04/01/2023,6.88,,R$ / litro,IPIRANGA,2023-11-21
SE,MG,PARA DE MINAS,LIBER COMERCIO DE COMBUSTIVEIS E DERIVADOS DE PETROLEO LTDA,29.335.625/0001-96,RUA MANOEL BATISTA,55,,CENTRO,35660-049,DIESEL,04/01/2023,6.74,,R$ / litro,IPIRANGA,2023-11-21
SE,MG,PARA DE MINAS,LIBER COMERCIO DE COMBUSTIVEIS E DERIVADOS DE PETROLEO LTDA,29.335.625/0001-96,RUA MANOEL BATISTA,55,,CENTRO,35660-049,GASOLINA ADITIVADA,04/01/2023,5.19,,R$ / litro,IPIRANGA,2023-11-21
SE,MG,PARA DE MINAS,LIBER COMERCIO DE COMBUSTIVEIS E DERIVADOS DE PETROLEO LTDA,29.335.625/0001-96,RUA MANOEL BATISTA,55,,CENTRO,35660-049,GASOLINA,04/01/2023,4.99,,R$ / litro,IPIRANGA,2023-11-21
SE,MG,CARATINGA,COMERCIO DE COMBUSTIVEIS PRESIDENTE TANCREDO NEVES LTDA,32.334.785/0001-25,AVENIDA PRESIDENTE TANCREDO NEVES,2325,,ZACARIAS,35300-571,ETANOL,02/01/2023,4.17,,R$ / litro,ALESAT,2023-11-21
SE,MG,CARATINGA,COMERCIO DE COMBUSTIVEIS PRESIDENTE TANCREDO NEVES LTDA,32.334.785/0001-25,AVENIDA PRESIDENTE TANCREDO NEVES,2325,,ZACARIAS,35300-571,DIESEL S10,02/01/2023,6.19,,R$ / litro,ALESAT,2023-11-21
SE,MG,CARATINGA,COMERCIO DE COMBUSTIVEIS PRESIDENTE TANCREDO NEVES LTDA,32.334.785/0001-25,AVENIDA PRESIDENTE TANCREDO NEVES,2325,,ZACARIAS,35300-571,DIESEL,02/01/2023,6.09,,R$ / litro,ALESAT,2023-11-21
SE,MG,CARATINGA,COMERCIO DE COMBUSTIVEIS PRESIDENTE TANCREDO NEVES LTDA,32.334.785/0001-25,AVENIDA PRESIDENTE TANCREDO NEVES,2325,,ZACARIAS,35300-571,GASOLINA,02/01/2023,5.35,,R$ / litro,ALESAT,2023-11-21
SE,MG,SETE LAGOAS,POSTO 7 VAREJISTAS LTDA,30.920.188/0001-57,AVENIDA PREFEITO ALBERTO MOURA,1301,,DISTRITO INDUSTRIAL,35702-383,ETANOL,04/01/2023,3.99,,R$ / litro,IPIRANGA,2023-11-21
SE,MG,SETE LAGOAS,POSTO 7 VAREJISTAS LTDA,30.920.188/0001-57,AVENIDA PREFEITO ALBERTO MOURA,1301,,DISTRITO INDUSTRIAL,35702-383,DIESEL S10,04/01/2023,6.09,,R$ / litro,IPIRANGA,2023-11-21
SE,MG,SETE LAGOAS,POSTO 7 VAREJISTAS LTDA,30.920.188/0001-57,AVENIDA PREFEITO ALBERTO MOURA,1301,,DISTRITO INDUSTRIAL,35702-383,DIESEL,04/01/2023,5.99,,R$ / litro,IPIRANGA,2023-11-21
SE,MG,SETE LAGOAS,POSTO 7 VAREJISTAS LTDA,30.920.188/0001-57,AVENIDA PREFEITO ALBERTO MOURA,1301,,DISTRITO INDUSTRIAL,35702-383,GASOLINA,04/01/2023,4.89,,R$ / litro,IPIRANGA,2023-11-21
SE,MG,FRUTAL,AUTO POSTO V8 JK LTDA,34.759.867/0001-47,AVENIDA PRESIDENTE JUSCELINO KUBITSCHEK,1122,,IPE AMARELO,38200-000,ETANOL,03/01/2023,3.85,,R$ / litro,BRANCA,2023-11-21
SE,MG,FRUTAL,AUTO POSTO V8 JK LTDA,34.759.867/0001-47,AVENIDA PRESIDENTE JUSCELINO KUBITSCHEK,1122,,IPE AMARELO,38200-000,DIESEL S10,03/01/2023,6.49,,R$ / litro,BRANCA,2023-11-21
SE,MG,FRUTAL,AUTO POSTO V8 JK LTDA,34.759.867/0001-47,AVENIDA PRESIDENTE JUSCELINO KUBITSCHEK,1122,,IPE AMARELO,38200-000,DIESEL,03/01/2023,6.39,,R$ / litro,BRANCA,2023-11-21
SE,MG,FRUTAL,AUTO POSTO V8 JK LTDA,34.759.867/0001-47,AVENIDA PRESIDENTE JUSCELINO KUBITSCHEK,1122,,IPE AMARELO,38200-000,GASOLINA,03/01/2023,4.99,,R$ / litro,BRANCA,2023-11-21
SE,MG,BETIM,REDE DOM PEDRO DE POSTOS LTDA.,20.415.295/0043-23,RUA MARIA DAS MERCES LIMA,10,,BETIM INDUSTRIAL,32670-446,ETANOL,03/01/2023,4.19,,R$ / litro,IPIRANGA,2023-11-21
SE,MG,BETIM,REDE DOM PEDRO DE POSTOS LTDA.,20.415.295/0043-23,RUA MARIA DAS MERCES LIMA,10,,BETIM INDUSTRIAL,32670-446,DIESEL S10,03/01/2023,6.39,,R$ / litro,IPIRANGA,2023-11-21
SE,MG,BETIM,REDE DOM PEDRO DE POSTOS LTDA.,20.415.295/0043-23,RUA MARIA DAS MERCES LIMA,10,,BETIM INDUSTRIAL,32670-446,DIESEL,03/01/2023,6.29,,R$ / litro,IPIRANGA,2023-11-21
SE,MG,BETIM,REDE DOM PEDRO DE POSTOS LTDA.,20.415.295/0043-23,RUA MARIA DAS MERCES LIMA,10,,BETIM INDUSTRIAL,32670-446,GASOLINA,03/01/2023,5.09,,R$ / litro,IPIRANGA,2023-11-21
SE,MG,UBERABA,AUTO POSTO STREET LTDA,17.927.036/0002-07,AVENIDA BERNARDO SEIBEL,541,,DISTRITO INDUSTRIAL I,38056-610,DIESEL S10,05/01/2023,6.49,,R$ / litro,VIBRA ENERGIA,2023-11-21
SE,MG,UBERABA,AUTO POSTO STREET LTDA,17.927.036/0002-07,AVENIDA BERNARDO SEIBEL,541,,DISTRITO INDUSTRIAL I,38056-610,DIESEL,05/01/2023,6.44,,R$ / litro,VIBRA ENERGIA,2023-11-21
SE,MG,UBERLANDIA,OLIVEIRA CARNEIRO COMERCIO DE COMBUSTIVEIS LTDA,07.857.349/0002-74,AVENIDA ALDO BORGES LEAO,1950,,MORADA NOVA,38421-051,ETANOL,03/01/2023,3.89,,R$ / litro,VIBRA ENERGIA,2023-11-21
SE,MG,UBERLANDIA,OLIVEIRA CARNEIRO COMERCIO DE COMBUSTIVEIS LTDA,07.857.349/0002-74,AVENIDA ALDO BORGES LEAO,1950,,MORADA NOVA,38421-051,DIESEL S10,03/01/2023,6.07,,R$ / litro,VIBRA ENERGIA,2023-11-21
SE,MG,UBERLANDIA,OLIVEIRA CARNEIRO COMERCIO DE COMBUSTIVEIS LTDA,07.857.349/0002-74,AVENIDA ALDO BORGES LEAO,1950,,MORADA NOVA,38421-051,DIESEL,03/01/2023,5.97,,R$ / litro,VIBRA ENERGIA,2023-11-21
SE,MG,UBERLANDIA,OLIVEIRA CARNEIRO COMERCIO DE COMBUSTIVEIS LTDA,07.857.349/0002-74,AVENIDA ALDO BORGES LEAO,1950,,MORADA NOVA,38421-051,GASOLINA,03/01/2023,4.99,,R$ / litro,VIBRA ENERGIA,2023-11-21
SE,MG,MONTES CLAROS,"RENON, COSTA & CIA LTDA",04.309.086/0002-70,AVENIDA DEPUTADO PLINIO RIBEIRO,3150,,JARDIM PALMEIRAS,39402-194,ETANOL,05/01/2023,3.74,,R$ / litro,IPIRANGA,2023-11-21
SE,MG,MONTES CLAROS,"RENON, COSTA & CIA LTDA",04.309.086/0002-70,AVENIDA DEPUTADO PLINIO RIBEIRO,3150,,JARDIM PALMEIRAS,39402-194,DIESEL S10,05/01/2023,6.29,,R$ / litro,IPIRANGA,2023-11-21
SE,MG,MONTES CLAROS,"RENON, COSTA & CIA LTDA",04.309.086/0002-70,AVENIDA DEPUTADO PLINIO RIBEIRO,3150,,JARDIM PALMEIRAS,39402-194,DIESEL,05/01/2023,6.19,,R$ / litro,IPIRANGA,2023-11-21
SE,MG,MONTES CLAROS,"RENON, COSTA & CIA LTDA",04.309.086/0002-70,AVENIDA DEPUTADO PLINIO RIBEIRO,3150,,JARDIM PALMEIRAS,39402-194,GASOLINA ADITIVADA,05/01/2023,5.09,,R$ / litro,IPIRANGA,2023-11-21
SE,MG,MONTES CLAROS,"RENON, COSTA & CIA LTDA",04.309.086/0002-70,AVENIDA DEPUTADO PLINIO RIBEIRO,3150,,JARDIM PALMEIRAS,39402-194,GASOLINA,05/01/2023,4.99,,R$ / litro,IPIRANGA,2023-11-21
SE,MG,TEOFILO OTONI,JR DERIVADOS DE PETROLEO LTDA,36.190.654/0001-72,RUA LIBIO CARLOS DE OLIVEIRA,3,,MARAJOARA,39803-139,ETANOL,02/01/2023,4.09,,R$ / litro,ALESAT,2023-11-21
SE,MG,TEOFILO OTONI,JR DERIVADOS DE PETROLEO LTDA,36.190.654/0001-72,RUA LIBIO CARLOS DE OLIVEIRA,3,,MARAJOARA,39803-139,DIESEL S10,02/01/2023,6.57,,R$ / litro,ALESAT,2023-11-21
SE,MG,TEOFILO OTONI,JR DERIVADOS DE PETROLEO LTDA,36.190.654/0001-72,RUA LIBIO CARLOS DE OLIVEIRA,3,,MARAJOARA,39803-139,DIESEL,02/01/2023,6.47,,R$ / litro,ALESAT,2023-11-21
SE,MG,TEOFILO OTONI,JR DERIVADOS DE PETROLEO LTDA,36.190.654/0001-72,RUA LIBIO CARLOS DE OLIVEIRA,3,,MARAJOARA,39803-139,GASOLINA,02/01/2023,5.29,,R$ / litro,ALESAT,2023-11-21
SE,MG,FORMIGA,AUTO POSTO SERRA LTDA,36.109.872/0001-30,RUA DOUTOR TEIXEIRA SOARES,468,,CENTRO,35570-090,ETANOL,05/01/2023,3.99,,R$ / litro,VIBRA ENERGIA,2023-11-21
SE,MG,FORMIGA,AUTO POSTO SERRA LTDA,36.109.872/0001-30,RUA DOUTOR TEIXEIRA SOARES,468,,CENTRO,35570-090,DIESEL S10,05/01/2023,6.59,,R$ / litro,VIBRA ENERGIA,2023-11-21
SE,MG,FORMIGA,AUTO POSTO SERRA LTDA,36.109.872/0001-30,RUA DOUTOR TEIXEIRA SOARES,468,,CENTRO,35570-090,DIESEL,05/01/2023,6.59,,R$ / litro,VIBRA ENERGIA,2023-11-21
SE,MG,FORMIGA,AUTO POSTO SERRA LTDA,36.109.872/0001-30,RUA DOUTOR TEIXEIRA SOARES,468,,CENTRO,35570-090,GASOLINA,05/01/2023,4.99,,R$ / litro,VIBRA ENERGIA,2023-11-21
SE,MG,TEOFILO OTONI,LM DERIVADOS DE PETROLEO EIRELI,20.845.607/0001-80,AVENIDA ALFREDO SA,"2,21",,JARDIM DAS ACACIAS,39803-000,ETANOL,03/01/2023,4.09,,R$ / litro,ALESAT,2023-11-21
SE,MG,TEOFILO OTONI,LM DERIVADOS DE PETROLEO EIRELI,20.845.607/0001-80,AVENIDA ALFREDO SA,"2,21",,JARDIM DAS ACACIAS,39803-000,DIESEL S10,03/01/2023,6.29,,R$ / litro,ALESAT,2023-11-21
SE,MG,TEOFILO OTONI,LM DERIVADOS DE PETROLEO EIRELI,20.845.607/0001-80,AVENIDA ALFREDO SA,"2,21",,JARDIM DAS ACACIAS,39803-000,DIESEL,03/01/2023,6.19,,R$ / litro,ALESAT,2023-11-21
SE,MG,TEOFILO OTONI,LM DERIVADOS DE PETROLEO EIRELI,20.845.607/0001-80,AVENIDA ALFREDO SA,"2,21",,JARDIM DAS ACACIAS,39803-000,GASOLINA ADITIVADA,03/01/2023,5.64,,R$ / litro,ALESAT,2023-11-21
SE,MG,TEOFILO OTONI,LM DERIVADOS DE PETROLEO EIRELI,20.845.607/0001-80,AVENIDA ALFREDO SA,"2,21",,JARDIM DAS ACACIAS,39803-000,GASOLINA,03/01/2023,5.24,,R$ / litro,ALESAT,2023-11-21
SE,MG,UBERLANDIA,DMA DISTRIBUIDORA S/A,01.928.075/0183-09,RUA BR-050 - SENTIDO UBERABA,7085,KM    73 POSTO,PANORAMA,38400-760,ETANOL,03/01/2023,3.85,,R$ / litro,VIBRA ENERGIA,2023-11-21
SE,MG,UBERLANDIA,DMA DISTRIBUIDORA S/A,01.928.075/0183-09,RUA BR-050 - SENTIDO UBERABA,7085,KM    73 POSTO,PANORAMA,38400-760,DIESEL S10,03/01/2023,6.19,,R$ / litro,VIBRA ENERGIA,2023-11-21
SE,MG,UBERLANDIA,DMA DISTRIBUIDORA S/A,01.928.075/0183-09,RUA BR-050 - SENTIDO UBERABA,7085,KM    73 POSTO,PANORAMA,38400-760,GASOLINA ADITIVADA,03/01/2023,4.99,,R$ / litro,VIBRA ENERGIA,2023-11-21
SE,MG,UBERLANDIA,DMA DISTRIBUIDORA S/A,01.928.075/0183-09,RUA BR-050 - SENTIDO UBERABA,7085,KM    73 POSTO,PANORAMA,38400-760,GASOLINA,03/01/2023,4.89,,R$ / litro,VIBRA ENERGIA,2023-11-21
SE,MG,PARA DE MINAS,POSTO DE COMBUSTIVEL MDA LTDA,32.278.427/0001-42,RUA RICARDO MARINHO,650,LOJA 1,SAO GERALDO,35660-970,ETANOL,04/01/2023,4.09,,R$ / litro,ALESAT,2023-11-21
SE,MG,PARA DE MINAS,POSTO DE COMBUSTIVEL MDA LTDA,32.278.427/0001-42,RUA RICARDO MARINHO,650,LOJA 1,SAO GERALDO,35660-970,DIESEL S10,04/01/2023,6.49,,R$ / litro,ALESAT,2023-11-21
SE,MG,PARA DE MINAS,POSTO DE COMBUSTIVEL MDA LTDA,32.278.427/0001-42,RUA RICARDO MARINHO,650,LOJA 1,SAO GERALDO,35660-970,GASOLINA ADITIVADA,04/01/2023,5.25,,R$ / litro,ALESAT,2023-11-21
SE,MG,PARA DE MINAS,POSTO DE COMBUSTIVEL MDA LTDA,32.278.427/0001-42,RUA RICARDO MARINHO,650,LOJA 1,SAO GERALDO,35660-970,GASOLINA,04/01/2023,4.95,,R$ / litro,ALESAT,2023-11-21
SE,MG,TIMOTEO,COMERCIAL DE COMBUSTIVEIS TIMOTEO LTDA,30.834.466/0001-53,AVENIDA SENADOR MILTON CAMPOS,58,,QUITANDINHA,35180-073,ETANOL,05/01/2023,4.17,,R$ / litro,ALESAT,2023-11-21
SE,MG,TIMOTEO,COMERCIAL DE COMBUSTIVEIS TIMOTEO LTDA,30.834.466/0001-53,AVENIDA SENADOR MILTON CAMPOS,58,,QUITANDINHA,35180-073,DIESEL,05/01/2023,6.05,,R$ / litro,ALESAT,2023-11-21
SE,MG,TIMOTEO,COMERCIAL DE COMBUSTIVEIS TIMOTEO LTDA,30.834.466/0001-53,AVENIDA SENADOR MILTON CAMPOS,58,,QUITANDINHA,35180-073,GASOLINA,05/01/2023,4.92,,R$ / litro,ALESAT,2023-11-21
SE,MG,PATOS DE MINAS,ABC DISTRIBUICAO DE PETROLEO LTDA,13.117.591/0005-57,RUA DONA LUIZA,1400,,CRISTO REDENTOR,38700-229,ETANOL,03/01/2023,3.98,,R$ / litro,BRANCA,2023-11-21
SE,MG,PATOS DE MINAS,ABC DISTRIBUICAO DE PETROLEO LTDA,13.117.591/0005-57,RUA DONA LUIZA,1400,,CRISTO REDENTOR,38700-229,DIESEL S10,03/01/2023,6.29,,R$ / litro,BRANCA,2023-11-21
SE,MG,PATOS DE MINAS,ABC DISTRIBUICAO DE PETROLEO LTDA,13.117.591/0005-57,RUA DONA LUIZA,1400,,CRISTO REDENTOR,38700-229,GASOLINA ADITIVADA,03/01/2023,4.99,,R$ / litro,BRANCA,2023-11-21
SE,MG,PATOS DE MINAS,ABC DISTRIBUICAO DE PETROLEO LTDA,13.117.591/0005-57,RUA DONA LUIZA,1400,,CRISTO REDENTOR,38700-229,GASOLINA,03/01/2023,4.99,,R$ / litro,BRANCA,2023-11-21
SE,MG,CONTAGEM,DMA DISTRIBUIDORA S/A,01.928.075/0186-51,RODOVIA BR-381,3700,KM    3.5 POSTO,RIACHO DAS PEDRAS,32280-680,ETANOL,02/01/2023,3.89,,R$ / litro,VIBRA ENERGIA,2023-11-21
SE,MG,CONTAGEM,DMA DISTRIBUIDORA S/A,01.928.075/0186-51,RODOVIA BR-381,3700,KM    3.5 POSTO,RIACHO DAS PEDRAS,32280-680,DIESEL S10,02/01/2023,6.09,,R$ / litro,VIBRA ENERGIA,2023-11-21
SE,MG,CONTAGEM,DMA DISTRIBUIDORA S/A,01.928.075/0186-51,RODOVIA BR-381,3700,KM    3.5 POSTO,RIACHO DAS PEDRAS,32280-680,GASOLINA ADITIVADA,02/01/2023,4.99,,R$ / litro,VIBRA ENERGIA,2023-11-21
SE,MG,CONTAGEM,DMA DISTRIBUIDORA S/A,01.928.075/0186-51,RODOVIA BR-381,3700,KM    3.5 POSTO,RIACHO DAS PEDRAS,32280-680,GASOLINA,02/01/2023,4.89,,R$ / litro,VIBRA ENERGIA,2023-11-21
SE,MG,CAMPO BELO,AUTO POSTO TUPY CAMPO BELO LTDA,40.165.592/0001-16,AVENIDA AFONSO PENA,423,,CENTRO,37270-000,ETANOL,05/01/2023,3.99,,R$ / litro,RAIZEN,2023-11-21
SE,MG,CAMPO BELO,AUTO POSTO TUPY CAMPO BELO LTDA,40.165.592/0001-16,AVENIDA AFONSO PENA,423,,CENTRO,37270-000,DIESEL S10,05/01/2023,6.69,,R$ / litro,RAIZEN,2023-11-21
SE,MG,CAMPO BELO,AUTO POSTO TUPY CAMPO BELO LTDA,40.165.592/0001-16,AVENIDA AFONSO PENA,423,,CENTRO,37270-000,GASOLINA ADITIVADA,05/01/2023,5.25,,R$ / litro,RAIZEN,2023-11-21
SE,MG,CAMPO BELO,AUTO POSTO TUPY CAMPO BELO LTDA,40.165.592/0001-16,AVENIDA AFONSO PENA,423,,CENTRO,37270-000,GASOLINA,05/01/2023,4.99,,R$ / litro,RAIZEN,2023-11-21
SE,MG,TIMOTEO,COMERCIAL DE COMBUSTIVEIS CENTRO SUL EIRELI,37.414.648/0001-14,AVENIDA ACESITA,3705,SALA  01,CENTRO SUL,35182-031,ETANOL,05/01/2023,4.15,,R$ / litro,ALESAT,2023-11-21
SE,MG,TIMOTEO,COMERCIAL DE COMBUSTIVEIS CENTRO SUL EIRELI,37.414.648/0001-14,AVENIDA ACESITA,3705,SALA  01,CENTRO SUL,35182-031,DIESEL,05/01/2023,6.05,,R$ / litro,ALESAT,2023-11-21
SE,MG,TIMOTEO,COMERCIAL DE COMBUSTIVEIS CENTRO SUL EIRELI,37.414.648/0001-14,AVENIDA ACESITA,3705,SALA  01,CENTRO SUL,35182-031,GASOLINA,05/01/2023,4.92,,R$ / litro,ALESAT,2023-11-21
SE,MG,FORMIGA,ABC DISTRIBUICAO DE PETROLEO LTDA,13.117.591/0007-19,AVENIDA TABELIAO JUCA ALMEIDA,511,,QUINZINHO,35570-200,ETANOL,05/01/2023,3.89,,R$ / litro,BRANCA,2023-11-21
SE,MG,FORMIGA,ABC DISTRIBUICAO DE PETROLEO LTDA,13.117.591/0007-19,AVENIDA TABELIAO JUCA ALMEIDA,511,,QUINZINHO,35570-200,DIESEL S10,05/01/2023,6.08,,R$ / litro,BRANCA,2023-11-21
SE,MG,FORMIGA,ABC DISTRIBUICAO DE PETROLEO LTDA,13.117.591/0007-19,AVENIDA TABELIAO JUCA ALMEIDA,511,,QUINZINHO,35570-200,GASOLINA ADITIVADA,05/01/2023,4.99,,R$ / litro,BRANCA,2023-11-21
SE,MG,FORMIGA,ABC DISTRIBUICAO DE PETROLEO LTDA,13.117.591/0007-19,AVENIDA TABELIAO JUCA ALMEIDA,511,,QUINZINHO,35570-200,GASOLINA,05/01/2023,4.99,,R$ / litro,BRANCA,2023-11-21
SE,MG,FRUTAL,COOPERATIVA MISTA DOS PRODUTORES RURAIS DE FRUTAL LTDA,18.581.025/0008-68,AVENIDA JOSE DE ALENCAR,1099,,NOSSA SENHORA DO CARMO,38202-160,ETANOL,03/01/2023,3.72,,R$ / litro,BRANCA,2023-11-21
SE,MG,FRUTAL,COOPERATIVA MISTA DOS PRODUTORES RURAIS DE FRUTAL LTDA,18.581.025/0008-68,AVENIDA JOSE DE ALENCAR,1099,,NOSSA SENHORA DO CARMO,38202-160,DIESEL S10,03/01/2023,6.27,,R$ / litro,BRANCA,2023-11-21
SE,MG,FRUTAL,COOPERATIVA MISTA DOS PRODUTORES RURAIS DE FRUTAL LTDA,18.581.025/0008-68,AVENIDA JOSE DE ALENCAR,1099,,NOSSA SENHORA DO CARMO,38202-160,DIESEL,03/01/2023,6.2,,R$ / litro,BRANCA,2023-11-21
SE,MG,FRUTAL,COOPERATIVA MISTA DOS PRODUTORES RURAIS DE FRUTAL LTDA,18.581.025/0008-68,AVENIDA JOSE DE ALENCAR,1099,,NOSSA SENHORA DO CARMO,38202-160,GASOLINA,03/01/2023,4.84,,R$ / litro,BRANCA,2023-11-21
SE,MG,ARAGUARI,MG COMERCIO DE COMBUSTIVEIS LTDA,36.203.543/0001-53,RODOVIA BR-050,KM 41,,DISTRITO INDUSTRIAL,38446-232,ETANOL,02/01/2023,3.65,,R$ / litro,IPIRANGA,2023-11-21
SE,MG,ARAGUARI,MG COMERCIO DE COMBUSTIVEIS LTDA,36.203.543/0001-53,RODOVIA BR-050,KM 41,,DISTRITO INDUSTRIAL,38446-232,DIESEL S10,02/01/2023,6.09,,R$ / litro,IPIRANGA,2023-11-21
SE,MG,ARAGUARI,MG COMERCIO DE COMBUSTIVEIS LTDA,36.203.543/0001-53,RODOVIA BR-050,KM 41,,DISTRITO INDUSTRIAL,38446-232,DIESEL,02/01/2023,5.94,,R$ / litro,IPIRANGA,2023-11-21
SE,MG,ARAGUARI,MG COMERCIO DE COMBUSTIVEIS LTDA,36.203.543/0001-53,RODOVIA BR-050,KM 41,,DISTRITO INDUSTRIAL,38446-232,GASOLINA,02/01/2023,4.96,,R$ / litro,IPIRANGA,2023-11-21
SE,MG,BARBACENA,POSTO SBT 7 BARBACENA LTDA,42.435.109/0001-00,RUA BARAO DO TRIUNFO,220,POSTO DE GASOLINA,SAO GERALDO,36200-372,ETANOL,04/01/2023,3.88,,R$ / litro,BRANCA,2023-11-21
SE,MG,BARBACENA,POSTO SBT 7 BARBACENA LTDA,42.435.109/0001-00,RUA BARAO DO TRIUNFO,220,POSTO DE GASOLINA,SAO GERALDO,36200-372,GASOLINA,04/01/2023,5.17,,R$ / litro,BRANCA,2023-11-21
SE,MG,FRUTAL,AUTO POSTO LIDER DE FRUTAL LTDA,42.581.346/0001-70,AVENIDA BRASILIA,150,,JARDIM DAS LARANJEIRAS,38204-136,ETANOL,03/01/2023,3.98,,R$ / litro,CIAPETRO,2023-11-21
SE,MG,FRUTAL,AUTO POSTO LIDER DE FRUTAL LTDA,42.581.346/0001-70,AVENIDA BRASILIA,150,,JARDIM DAS LARANJEIRAS,38204-136,DIESEL S10,03/01/2023,6.47,,R$ / litro,CIAPETRO,2023-11-21
SE,MG,FRUTAL,AUTO POSTO LIDER DE FRUTAL LTDA,42.581.346/0001-70,AVENIDA BRASILIA,150,,JARDIM DAS LARANJEIRAS,38204-136,DIESEL,03/01/2023,6.37,,R$ / litro,CIAPETRO,2023-11-21
SE,MG,FRUTAL,AUTO POSTO LIDER DE FRUTAL LTDA,42.581.346/0001-70,AVENIDA BRASILIA,150,,JARDIM DAS LARANJEIRAS,38204-136,GASOLINA ADITIVADA,03/01/2023,5.09,,R$ / litro,CIAPETRO,2023-11-21
SE,MG,FRUTAL,AUTO POSTO LIDER DE FRUTAL LTDA,42.581.346/0001-70,AVENIDA BRASILIA,150,,JARDIM DAS LARANJEIRAS,38204-136,GASOLINA,03/01/2023,4.97,,R$ / litro,CIAPETRO,2023-11-21
SE,MG,UBERLANDIA,NORTON COMERCIO DE COMBUSTIVEIS LTDA,05.581.810/0001-00,AVENIDA BRASIL,2403,,BRASIL,38400-718,ETANOL,04/01/2023,3.79,,R$ / litro,IPIRANGA,2023-11-21
SE,MG,UBERLANDIA,NORTON COMERCIO DE COMBUSTIVEIS LTDA,05.581.810/0001-00,AVENIDA BRASIL,2403,,BRASIL,38400-718,GASOLINA ADITIVADA,04/01/2023,4.99,,R$ / litro,IPIRANGA,2023-11-21
SE,MG,UBERLANDIA,NORTON COMERCIO DE COMBUSTIVEIS LTDA,05.581.810/0001-00,AVENIDA BRASIL,2403,,BRASIL,38400-718,GASOLINA,04/01/2023,4.89,,R$ / litro,IPIRANGA,2023-11-21
SE,MG,FRUTAL,AUTO POSTO DOS LAGOS LTDA,27.569.768/0001-37,AVENIDA BRASILIA,169,,NOSSA SENHORA APARECIDA,38204-078,ETANOL,03/01/2023,3.99,,R$ / litro,TOTALENERGIES,2023-11-21
SE,MG,FRUTAL,AUTO POSTO DOS LAGOS LTDA,27.569.768/0001-37,AVENIDA BRASILIA,169,,NOSSA SENHORA APARECIDA,38204-078,DIESEL S10,03/01/2023,6.59,,R$ / litro,TOTALENERGIES,2023-11-21
SE,MG,FRUTAL,AUTO POSTO DOS LAGOS LTDA,27.569.768/0001-37,AVENIDA BRASILIA,169,,NOSSA SENHORA APARECIDA,38204-078,GASOLINA ADITIVADA,03/01/2023,5.19,,R$ / litro,TOTALENERGIES,2023-11-21
SE,MG,FRUTAL,AUTO POSTO DOS LAGOS LTDA,27.569.768/0001-37,AVENIDA BRASILIA,169,,NOSSA SENHORA APARECIDA,38204-078,GASOLINA,03/01/2023,5.09,,R$ / litro,TOTALENERGIES,2023-11-21
SE,MG,BARBACENA,POSTO MIRANDA LTDA,19.590.280/0001-63,RUA HENRIQUE DINIZ,45,47,CENTRO,36202-370,ETANOL,10/01/2023,3.89,,R$ / litro,RAIZEN,2023-11-21
SE,MG,BARBACENA,POSTO MIRANDA LTDA,19.590.280/0001-63,RUA HENRIQUE DINIZ,45,47,CENTRO,36202-370,DIESEL S10,10/01/2023,6.05,,R$ / litro,RAIZEN,2023-11-21
SE,MG,BARBACENA,POSTO MIRANDA LTDA,19.590.280/0001-63,RUA HENRIQUE DINIZ,45,47,CENTRO,36202-370,GASOLINA ADITIVADA,10/01/2023,5.39,,R$ / litro,RAIZEN,2023-11-21
SE,MG,BARBACENA,POSTO MIRANDA LTDA,19.590.280/0001-63,RUA HENRIQUE DINIZ,45,47,CENTRO,36202-370,GASOLINA,10/01/2023,4.99,,R$ / litro,RAIZEN,2023-11-21
SE,MG,BARBACENA,GNV CABANA LTDA,04.760.870/0001-10,RODOVIA BR 040,S/N,KM 699 - AV DAS ROSAS,CAIÇARAS,36205-666,GNV,10/01/2023,5.39,,R$ / m³,BRANCA,2023-11-21
SE,MG,BARBACENA,POSTO CABANA LTDA,04.155.747/0001-70,RODOVIA BR-040,S/N,KM: 699;,CAICARAS,36205-666,ETANOL,10/01/2023,4.19,,R$ / litro,RAIZEN,2023-11-21
SE,MG,BARBACENA,POSTO CABANA LTDA,04.155.747/0001-70,RODOVIA BR-040,S/N,KM: 699;,CAICARAS,36205-666,DIESEL S10,10/01/2023,6.39,,R$ / litro,RAIZEN,2023-11-21
SE,MG,BARBACENA,POSTO CABANA LTDA,04.155.747/0001-70,RODOVIA BR-040,S/N,KM: 699;,CAICARAS,36205-666,DIESEL,10/01/2023,6.29,,R$ / litro,RAIZEN,2023-11-21
SE,MG,BARBACENA,POSTO CABANA LTDA,04.155.747/0001-70,RODOVIA BR-040,S/N,KM: 699;,CAICARAS,36205-666,GASOLINA ADITIVADA,10/01/2023,5.39,,R$ / litro,RAIZEN,2023-11-21
SE,MG,BARBACENA,POSTO CABANA LTDA,04.155.747/0001-70,RODOVIA BR-040,S/N,KM: 699;,CAICARAS,36205-666,GASOLINA,10/01/2023,5.09,,R$ / litro,RAIZEN,2023-11-21
SE,MG,BETIM,POSTO ALTEROSA LTDA,08.077.863/0001-79,AVENIDA CAMPO DE OURIQUE,1265,,JARDIM ALTEROSA,32660-000,ETANOL,10/01/2023,3.99,,R$ / litro,VIBRA ENERGIA,2023-11-21
SE,MG,BETIM,POSTO ALTEROSA LTDA,08.077.863/0001-79,AVENIDA CAMPO DE OURIQUE,1265,,JARDIM ALTEROSA,32660-000,DIESEL S10,10/01/2023,6.19,,R$ / litro,VIBRA ENERGIA,2023-11-21
SE,MG,BETIM,POSTO ALTEROSA LTDA,08.077.863/0001-79,AVENIDA CAMPO DE OURIQUE,1265,,JARDIM ALTEROSA,32660-000,DIESEL,10/01/2023,6.09,,R$ / litro,VIBRA ENERGIA,2023-11-21
SE,MG,BETIM,POSTO ALTEROSA LTDA,08.077.863/0001-79,AVENIDA CAMPO DE OURIQUE,1265,,JARDIM ALTEROSA,32660-000,GASOLINA ADITIVADA,10/01/2023,4.99,,R$ / litro,VIBRA ENERGIA,2023-11-21
SE,MG,BETIM,POSTO ALTEROSA LTDA,08.077.863/0001-79,AVENIDA CAMPO DE OURIQUE,1265,,JARDIM ALTEROSA,32660-000,GASOLINA,10/01/2023,4.99,,R$ / litro,VIBRA ENERGIA,2023-11-21
SE,MG,BETIM,MILLENNIUM DERIVADOS DE PETROLEO LTDA,03.848.560/0001-99,AVENIDA EDMEIA MATTOS LAZAROTTI,1441,,ANGOLA,32604-228,ETANOL,10/01/2023,3.89,,R$ / litro,ALESAT,2023-11-21
SE,MG,BETIM,MILLENNIUM DERIVADOS DE PETROLEO LTDA,03.848.560/0001-99,AVENIDA EDMEIA MATTOS LAZAROTTI,1441,,ANGOLA,32604-228,DIESEL S10,10/01/2023,6.09,,R$ / litro,ALESAT,2023-11-21
SE,MG,BETIM,MILLENNIUM DERIVADOS DE PETROLEO LTDA,03.848.560/0001-99,AVENIDA EDMEIA MATTOS LAZAROTTI,1441,,ANGOLA,32604-228,GASOLINA ADITIVADA,10/01/2023,5.01,,R$ / litro,ALESAT,2023-11-21
SE,MG,BETIM,MILLENNIUM DERIVADOS DE PETROLEO LTDA,03.848.560/0001-99,AVENIDA EDMEIA MATTOS LAZAROTTI,1441,,ANGOLA,32604-228,GASOLINA,10/01/2023,4.89,,R$ / litro,ALESAT,2023-11-21
SE,MG,BETIM,MILLENNIUM DERIVADOS DE PETROLEO LTDA,03.848.560/0001-99,AVENIDA EDMEIA MATTOS LAZAROTTI,1441,,ANGOLA,32604-228,GNV,10/01/2023,5.24,,R$ / m³,ALESAT,2023-11-21
SE,MG,BETIM,POSTO VILA LIBERDADE LTDA,07.320.833/0001-89,AVENIDA EDMEIA MATTOS LAZZAROTTI,1381,,ANGOLA,32603-055,ETANOL,10/01/2023,3.89,,R$ / litro,IPIRANGA,2023-11-21
SE,MG,BETIM,POSTO VILA LIBERDADE LTDA,07.320.833/0001-89,AVENIDA EDMEIA MATTOS LAZZAROTTI,1381,,ANGOLA,32603-055,DIESEL S10,10/01/2023,6.09,,R$ / litro,IPIRANGA,2023-11-21
SE,MG,BETIM,POSTO VILA LIBERDADE LTDA,07.320.833/0001-89,AVENIDA EDMEIA MATTOS LAZZAROTTI,1381,,ANGOLA,32603-055,GASOLINA ADITIVADA,10/01/2023,4.99,,R$ / litro,IPIRANGA,2023-11-21
SE,MG,BETIM,POSTO VILA LIBERDADE LTDA,07.320.833/0001-89,AVENIDA EDMEIA MATTOS LAZZAROTTI,1381,,ANGOLA,32603-055,GASOLINA,10/01/2023,4.89,,R$ / litro,IPIRANGA,2023-11-21
SE,MG,BETIM,POSTO CIDADE NOVA LIMITADA,18.695.064/0003-81,AVENIDA JUIZ MARCO TULIO ISAAC,330,,CENTRO,32600-002,ETANOL,10/01/2023,3.89,,R$ / litro,RAIZEN,2023-11-21
SE,MG,BETIM,POSTO CIDADE NOVA LIMITADA,18.695.064/0003-81,AVENIDA JUIZ MARCO TULIO ISAAC,330,,CENTRO,32600-002,DIESEL S10,10/01/2023,6.08,,R$ / litro,RAIZEN,2023-11-21
SE,MG,BETIM,POSTO CIDADE NOVA LIMITADA,18.695.064/0003-81,AVENIDA JUIZ MARCO TULIO ISAAC,330,,CENTRO,32600-002,GASOLINA,10/01/2023,4.89,,R$ / litro,RAIZEN,2023-11-21
SE,MG,BETIM,POSTO PAMPAS LTDA,20.256.228/0001-54,RODOVIA BR-381 FERNAO DIAS,S/N,KM    493,BETIM INDUSTRIAL,32670-420,ETANOL,10/01/2023,3.89,,R$ / litro,RAIZEN,2023-11-21
SE,MG,BETIM,POSTO PAMPAS LTDA,20.256.228/0001-54,RODOVIA BR-381 FERNAO DIAS,S/N,KM    493,BETIM INDUSTRIAL,32670-420,DIESEL S10,10/01/2023,6.07,,R$ / litro,RAIZEN,2023-11-21
SE,MG,BETIM,POSTO PAMPAS LTDA,20.256.228/0001-54,RODOVIA BR-381 FERNAO DIAS,S/N,KM    493,BETIM INDUSTRIAL,32670-420,DIESEL,10/01/2023,5.97,,R$ / litro,RAIZEN,2023-11-21
SE,MG,BETIM,POSTO PAMPAS LTDA,20.256.228/0001-54,RODOVIA BR-381 FERNAO DIAS,S/N,KM    493,BETIM INDUSTRIAL,32670-420,GASOLINA ADITIVADA,10/01/2023,5.35,,R$ / litro,RAIZEN,2023-11-21
SE,MG,BETIM,POSTO PAMPAS LTDA,20.256.228/0001-54,RODOVIA BR-381 FERNAO DIAS,S/N,KM    493,BETIM INDUSTRIAL,32670-420,GASOLINA,10/01/2023,4.89,,R$ / litro,RAIZEN,2023-11-21
SE,MG,BETIM,AUTO POSTO RODRIGO LTDA,04.134.973/0001-74,AVENIDA ARTUR DA SILVA BERNARDES,355,,INGA,32604-475,ETANOL,10/01/2023,3.89,,R$ / litro,BRANCA,2023-11-21
SE,MG,BETIM,AUTO POSTO RODRIGO LTDA,04.134.973/0001-74,AVENIDA ARTUR DA SILVA BERNARDES,355,,INGA,32604-475,DIESEL S10,10/01/2023,6.09,,R$ / litro,BRANCA,2023-11-21
SE,MG,BETIM,AUTO POSTO RODRIGO LTDA,04.134.973/0001-74,AVENIDA ARTUR DA SILVA BERNARDES,355,,INGA,32604-475,DIESEL,10/01/2023,6.05,,R$ / litro,BRANCA,2023-11-21
SE,MG,BETIM,AUTO POSTO RODRIGO LTDA,04.134.973/0001-74,AVENIDA ARTUR DA SILVA BERNARDES,355,,INGA,32604-475,GASOLINA,10/01/2023,4.89,,R$ / litro,BRANCA,2023-11-21
SE,MG,BETIM,POSTO VILA AMARAL LTDA,03.785.237/0001-13,AVENIDA EDMEIA MATTOS LAZZAROTTI,1100,,CENTRO,32600-004,ETANOL,10/01/2023,3.89,,R$ / litro,IPIRANGA,2023-11-21
SE,MG,BETIM,POSTO VILA AMARAL LTDA,03.785.237/0001-13,AVENIDA EDMEIA MATTOS LAZZAROTTI,1100,,CENTRO,32600-004,DIESEL S10,10/01/2023,6.09,,R$ / litro,IPIRANGA,2023-11-21
SE,MG,BETIM,POSTO VILA AMARAL LTDA,03.785.237/0001-13,AVENIDA EDMEIA MATTOS LAZZAROTTI,1100,,CENTRO,32600-004,GASOLINA,10/01/2023,4.89,,R$ / litro,IPIRANGA,2023-11-21
SE,MG,BETIM,POSTO URANO LTDA,03.588.462/0001-60,RODOVIA BR-381 FERNAO DIAS,S/N,KM    490 NORTE,SANTA CRUZ,32667-465,ETANOL,10/01/2023,4.19,,R$ / litro,VIBRA ENERGIA,2023-11-21
SE,MG,BETIM,POSTO URANO LTDA,03.588.462/0001-60,RODOVIA BR-381 FERNAO DIAS,S/N,KM    490 NORTE,SANTA CRUZ,32667-465,DIESEL S10,10/01/2023,6.49,,R$ / litro,VIBRA ENERGIA,2023-11-21
SE,MG,BETIM,POSTO URANO LTDA,03.588.462/0001-60,RODOVIA BR-381 FERNAO DIAS,S/N,KM    490 NORTE,SANTA CRUZ,32667-465,DIESEL,10/01/2023,6.39,,R$ / litro,VIBRA ENERGIA,2023-11-21
SE,MG,BETIM,POSTO URANO LTDA,03.588.462/0001-60,RODOVIA BR-381 FERNAO DIAS,S/N,KM    490 NORTE,SANTA CRUZ,32667-465,GASOLINA ADITIVADA,10/01/2023,5.39,,R$ / litro,VIBRA ENERGIA,2023-11-21
SE,MG,BETIM,POSTO URANO LTDA,03.588.462/0001-60,RODOVIA BR-381 FERNAO DIAS,S/N,KM    490 NORTE,SANTA CRUZ,32667-465,GASOLINA,10/01/2023,5.19,,R$ / litro,VIBRA ENERGIA,2023-11-21
SE,MG,CARATINGA,POSTO MALUQUINHO LTDA,05.910.170/0001-27,AVENIDA JOAO CAETANO DO NASCIMENTO,5,,SANTA ZITA,35300-104,ETANOL,09/01/2023,4.15,,R$ / litro,BRANCA,2023-11-21
SE,MG,CARATINGA,POSTO MALUQUINHO LTDA,05.910.170/0001-27,AVENIDA JOAO CAETANO DO NASCIMENTO,5,,SANTA ZITA,35300-104,DIESEL S10,09/01/2023,6.34,,R$ / litro,BRANCA,2023-11-21
SE,MG,CARATINGA,POSTO MALUQUINHO LTDA,05.910.170/0001-27,AVENIDA JOAO CAETANO DO NASCIMENTO,5,,SANTA ZITA,35300-104,GASOLINA,09/01/2023,5.27,,R$ / litro,BRANCA,2023-11-21
SE,MG,CARATINGA,POSTO BURITIRAMA LTDA,65.336.240/0001-07,RUA DONA JULICA,115,0,CENTRO,35300-038,ETANOL,09/01/2023,4.18,,R$ / litro,BRANCA,2023-11-21
SE,MG,CARATINGA,POSTO BURITIRAMA LTDA,65.336.240/0001-07,RUA DONA JULICA,115,0,CENTRO,35300-038,GASOLINA,09/01/2023,5.28,,R$ / litro,BRANCA,2023-11-21
SE,MG,CARATINGA,J MENDES DE AQUINO & CIA. LTDA,42.978.668/0001-58,PRACA CESARIO ALVIM,80,,,35300-036,ETANOL,10/01/2023,4.19,,R$ / litro,BRANCA,2023-11-21
SE,MG,CARATINGA,J MENDES DE AQUINO & CIA. LTDA,42.978.668/0001-58,PRACA CESARIO ALVIM,80,,,35300-036,GASOLINA ADITIVADA,10/01/2023,5.29,,R$ / litro,BRANCA,2023-11-21
SE,MG,CARATINGA,J MENDES DE AQUINO & CIA. LTDA,42.978.668/0001-58,PRACA CESARIO ALVIM,80,,,35300-036,GASOLINA,10/01/2023,5.29,,R$ / litro,BRANCA,2023-11-21
SE,MG,CARATINGA,POSTO BOA ESTRELA EIRELI,20.811.410/0001-20,AVENIDA PRES TANCREDO NEVES,2812,A,ZACARIAS,35300-101,ETANOL,09/01/2023,4.39,,R$ / litro,VIBRA ENERGIA,2023-11-21
SE,MG,CARATINGA,POSTO BOA ESTRELA EIRELI,20.811.410/0001-20,AVENIDA PRES TANCREDO NEVES,2812,A,ZACARIAS,35300-101,DIESEL S10,09/01/2023,6.59,,R$ / litro,VIBRA ENERGIA,2023-11-21
SE,MG,CARATINGA,POSTO BOA ESTRELA EIRELI,20.811.410/0001-20,AVENIDA PRES TANCREDO NEVES,2812,A,ZACARIAS,35300-101,GASOLINA ADITIVADA,09/01/2023,5.39,,R$ / litro,VIBRA ENERGIA,2023-11-21
SE,MG,CONSELHEIRO LAFAIETE,POSTO DE COMBUSTÍVEIS LETÍCIA LTDA.,19.720.564/0001-27,MARGEM BR 040,24407,KM 628,SANTA CRUZ,36400-000,ETANOL,09/01/2023,3.91,,R$ / litro,IPIRANGA,2023-11-21
SE,MG,CONSELHEIRO LAFAIETE,POSTO DE COMBUSTÍVEIS LETÍCIA LTDA.,19.720.564/0001-27,MARGEM BR 040,24407,KM 628,SANTA CRUZ,36400-000,DIESEL S10,09/01/2023,6.63,,R$ / litro,IPIRANGA,2023-11-21
SE,MG,CONSELHEIRO LAFAIETE,POSTO DE COMBUSTÍVEIS LETÍCIA LTDA.,19.720.564/0001-27,MARGEM BR 040,24407,KM 628,SANTA CRUZ,36400-000,DIESEL,09/01/2023,6.45,,R$ / litro,IPIRANGA,2023-11-21
SE,MG,CONSELHEIRO LAFAIETE,POSTO DE COMBUSTÍVEIS LETÍCIA LTDA.,19.720.564/0001-27,MARGEM BR 040,24407,KM 628,SANTA CRUZ,36400-000,GASOLINA ADITIVADA,09/01/2023,5.1,,R$ / litro,IPIRANGA,2023-11-21
SE,MG,CONSELHEIRO LAFAIETE,POSTO DE COMBUSTÍVEIS LETÍCIA LTDA.,19.720.564/0001-27,MARGEM BR 040,24407,KM 628,SANTA CRUZ,36400-000,GASOLINA,09/01/2023,4.93,,R$ / litro,IPIRANGA,2023-11-21
SE,MG,CONSELHEIRO LAFAIETE,POSTO MONTEIRO LTDA,04.973.540/0001-02,RUA JOSE FELICIO CARDOSO,172,,JARDIM AMERICA,36400-001,ETANOL,09/01/2023,3.99,,R$ / litro,BRANCA,2023-11-21
SE,MG,CONSELHEIRO LAFAIETE,POSTO MONTEIRO LTDA,04.973.540/0001-02,RUA JOSE FELICIO CARDOSO,172,,JARDIM AMERICA,36400-001,DIESEL S10,09/01/2023,6.98,,R$ / litro,BRANCA,2023-11-21
SE,MG,CONSELHEIRO LAFAIETE,POSTO MONTEIRO LTDA,04.973.540/0001-02,RUA JOSE FELICIO CARDOSO,172,,JARDIM AMERICA,36400-001,GASOLINA,09/01/2023,4.89,,R$ / litro,BRANCA,2023-11-21
SE,MG,CONSELHEIRO LAFAIETE,POSTO IRMAOS TRINDADE LTDA,05.248.606/0001-64,"AVENIDA FURTADO,",372,,CENTRO,36400-000,ETANOL,11/01/2023,3.98,,R$ / litro,VIBRA ENERGIA,2023-11-21
SE,MG,CONSELHEIRO LAFAIETE,POSTO IRMAOS TRINDADE LTDA,05.248.606/0001-64,"AVENIDA FURTADO,",372,,CENTRO,36400-000,DIESEL S10,11/01/2023,6.89,,R$ / litro,VIBRA ENERGIA,2023-11-21
SE,MG,CONSELHEIRO LAFAIETE,POSTO IRMAOS TRINDADE LTDA,05.248.606/0001-64,"AVENIDA FURTADO,",372,,CENTRO,36400-000,GASOLINA,11/01/2023,4.99,,R$ / litro,VIBRA ENERGIA,2023-11-21
SE,MG,CONSELHEIRO LAFAIETE,MS & FILHOS LTDA,04.008.565/0001-76,RUA ALFREDO ELIAS MAFUZ,540,,SANTA MATILDE,36405-100,ETANOL,11/01/2023,3.99,,R$ / litro,ALESAT,2023-11-21
SE,MG,CONSELHEIRO LAFAIETE,MS & FILHOS LTDA,04.008.565/0001-76,RUA ALFREDO ELIAS MAFUZ,540,,SANTA MATILDE,36405-100,DIESEL S10,11/01/2023,6.29,,R$ / litro,ALESAT,2023-11-21
SE,MG,CONSELHEIRO LAFAIETE,MS & FILHOS LTDA,04.008.565/0001-76,RUA ALFREDO ELIAS MAFUZ,540,,SANTA MATILDE,36405-100,GASOLINA,11/01/2023,4.95,,R$ / litro,ALESAT,2023-11-21
SE,MG,CONSELHEIRO LAFAIETE,POSTO POP LTDA,23.325.822/0001-48,PR GETULIO VARGAS,121,,CENTRO,36400-001,ETANOL,09/01/2023,3.99,,R$ / litro,BRANCA,2023-11-21
SE,MG,CONSELHEIRO LAFAIETE,POSTO POP LTDA,23.325.822/0001-48,PR GETULIO VARGAS,121,,CENTRO,36400-001,DIESEL S10,09/01/2023,6.35,,R$ / litro,BRANCA,2023-11-21
SE,MG,CONSELHEIRO LAFAIETE,POSTO POP LTDA,23.325.822/0001-48,PR GETULIO VARGAS,121,,CENTRO,36400-001,GASOLINA ADITIVADA,09/01/2023,5.29,,R$ / litro,BRANCA,2023-11-21
SE,MG,CONSELHEIRO LAFAIETE,POSTO POP LTDA,23.325.822/0001-48,PR GETULIO VARGAS,121,,CENTRO,36400-001,GASOLINA,09/01/2023,5.19,,R$ / litro,BRANCA,2023-11-21
SE,MG,CONTAGEM,POSTO VILA MARIA DIAS LTDA,08.986.856/0001-90,AVENIDA BABITA CAMARGOS,1330,,CIDADE INDUSTRIAL,32210-180,ETANOL,09/01/2023,3.99,,R$ / litro,IPIRANGA,2023-11-21
SE,MG,CONTAGEM,POSTO VILA MARIA DIAS LTDA,08.986.856/0001-90,AVENIDA BABITA CAMARGOS,1330,,CIDADE INDUSTRIAL,32210-180,DIESEL S10,09/01/2023,6.07,,R$ / litro,IPIRANGA,2023-11-21
SE,MG,CONTAGEM,POSTO VILA MARIA DIAS LTDA,08.986.856/0001-90,AVENIDA BABITA CAMARGOS,1330,,CIDADE INDUSTRIAL,32210-180,GASOLINA ADITIVADA,09/01/2023,5.09,,R$ / litro,IPIRANGA,2023-11-21
SE,MG,CONTAGEM,POSTO VILA MARIA DIAS LTDA,08.986.856/0001-90,AVENIDA BABITA CAMARGOS,1330,,CIDADE INDUSTRIAL,32210-180,GASOLINA,09/01/2023,4.89,,R$ / litro,IPIRANGA,2023-11-21
SE,MG,CONTAGEM,EMPREENDIMENTOS BRITO LIMA LTDA,03.812.019/0004-73,AVENIDA SEVERINO BALLESTEROS,256,,GUANABARA,32145-480,ETANOL,09/01/2023,3.79,,R$ / litro,VIBRA ENERGIA,2023-11-21
SE,MG,CONTAGEM,EMPREENDIMENTOS BRITO LIMA LTDA,03.812.019/0004-73,AVENIDA SEVERINO BALLESTEROS,256,,GUANABARA,32145-480,DIESEL S10,09/01/2023,6.17,,R$ / litro,VIBRA ENERGIA,2023-11-21
SE,MG,CONTAGEM,EMPREENDIMENTOS BRITO LIMA LTDA,03.812.019/0004-73,AVENIDA SEVERINO BALLESTEROS,256,,GUANABARA,32145-480,DIESEL,09/01/2023,6.07,,R$ / litro,VIBRA ENERGIA,2023-11-21
SE,MG,CONTAGEM,EMPREENDIMENTOS BRITO LIMA LTDA,03.812.019/0004-73,AVENIDA SEVERINO BALLESTEROS,256,,GUANABARA,32145-480,GASOLINA,09/01/2023,4.85,,R$ / litro,VIBRA ENERGIA,2023-11-21
SE,MG,CONTAGEM,POSTO ZEPPE OASIS LTDA,06.341.290/0001-13,VIA EXPRESSA,2600,,CINCO/PEROBAS,32370-485,ETANOL,09/01/2023,3.89,,R$ / litro,VIBRA ENERGIA,2023-11-21
SE,MG,CONTAGEM,POSTO ZEPPE OASIS LTDA,06.341.290/0001-13,VIA EXPRESSA,2600,,CINCO/PEROBAS,32370-485,DIESEL S10,09/01/2023,6.07,,R$ / litro,VIBRA ENERGIA,2023-11-21
SE,MG,CONTAGEM,POSTO ZEPPE OASIS LTDA,06.341.290/0001-13,VIA EXPRESSA,2600,,CINCO/PEROBAS,32370-485,DIESEL,09/01/2023,5.97,,R$ / litro,VIBRA ENERGIA,2023-11-21
SE,MG,CONTAGEM,POSTO ZEPPE OASIS LTDA,06.341.290/0001-13,VIA EXPRESSA,2600,,CINCO/PEROBAS,32370-485,GASOLINA,09/01/2023,4.89,,R$ / litro,VIBRA ENERGIA,2023-11-21
SE,MG,CONTAGEM,VENETO EMPREENDIMENTO COMERCIAL LTDA,05.655.316/0001-35,AVENIDA JOAO CESAR DE OLIVEIRA,4125,,NOVO ELDORADO,32341-001,ETANOL,09/01/2023,3.89,,R$ / litro,VIBRA ENERGIA,2023-11-21
SE,MG,CONTAGEM,VENETO EMPREENDIMENTO COMERCIAL LTDA,05.655.316/0001-35,AVENIDA JOAO CESAR DE OLIVEIRA,4125,,NOVO ELDORADO,32341-001,DIESEL S10,09/01/2023,6.09,,R$ / litro,VIBRA ENERGIA,2023-11-21
SE,MG,CONTAGEM,VENETO EMPREENDIMENTO COMERCIAL LTDA,05.655.316/0001-35,AVENIDA JOAO CESAR DE OLIVEIRA,4125,,NOVO ELDORADO,32341-001,GASOLINA,09/01/2023,4.89,,R$ / litro,VIBRA ENERGIA,2023-11-21
SE,MG,CONTAGEM,POSTO ZEPPE GRAND PRIX LTDA,06.002.819/0001-74,VIA EXPRESSA,"3,1",,BITACULA E PEROBAS,32371-190,DIESEL,09/01/2023,5.97,,R$ / litro,IPIRANGA,2023-11-21
SE,MG,CONTAGEM,POSTO OLEGARIO MACIEL LTDA,17.158.627/0001-78,AVENIDA CORONEL BENJAMIM GUIMARAES,2288,,DISTRITO INDUSTRIAL,32223-000,ETANOL,09/01/2023,3.99,,R$ / litro,VIBRA ENERGIA,2023-11-21
SE,MG,CONTAGEM,POSTO OLEGARIO MACIEL LTDA,17.158.627/0001-78,AVENIDA CORONEL BENJAMIM GUIMARAES,2288,,DISTRITO INDUSTRIAL,32223-000,DIESEL S10,09/01/2023,6.19,,R$ / litro,VIBRA ENERGIA,2023-11-21
SE,MG,CONTAGEM,POSTO OLEGARIO MACIEL LTDA,17.158.627/0001-78,AVENIDA CORONEL BENJAMIM GUIMARAES,2288,,DISTRITO INDUSTRIAL,32223-000,DIESEL,09/01/2023,6.09,,R$ / litro,VIBRA ENERGIA,2023-11-21
SE,MG,CONTAGEM,POSTO OLEGARIO MACIEL LTDA,17.158.627/0001-78,AVENIDA CORONEL BENJAMIM GUIMARAES,2288,,DISTRITO INDUSTRIAL,32223-000,GASOLINA,09/01/2023,4.89,,R$ / litro,VIBRA ENERGIA,2023-11-21
SE,MG,CONTAGEM,FERREIRA PARTICIPACOES E EMPREENDIMENTOS LTDA,00.671.320/0001-73,RUA CORONEL AUGUSTO CAMARGOS,301,,NSRA DO CARMO,32015-740,ETANOL,09/01/2023,3.84,,R$ / litro,ALESAT,2023-11-21
SE,MG,CONTAGEM,FERREIRA PARTICIPACOES E EMPREENDIMENTOS LTDA,00.671.320/0001-73,RUA CORONEL AUGUSTO CAMARGOS,301,,NSRA DO CARMO,32015-740,DIESEL,09/01/2023,5.98,,R$ / litro,ALESAT,2023-11-21
SE,MG,CONTAGEM,FERREIRA PARTICIPACOES E EMPREENDIMENTOS LTDA,00.671.320/0001-73,RUA CORONEL AUGUSTO CAMARGOS,301,,NSRA DO CARMO,32015-740,GASOLINA,09/01/2023,4.98,,R$ / litro,ALESAT,2023-11-21
SE,MG,CONTAGEM,RIO GRANDE COMBUSTIVEIS LTDA,03.754.139/0001-19,PRACA PAULO PINHEIRO CHAGAS,217,,ELDORADO,32341-350,ETANOL,09/01/2023,3.99,,R$ / litro,IPIRANGA,2023-11-21
SE,MG,CONTAGEM,RIO GRANDE COMBUSTIVEIS LTDA,03.754.139/0001-19,PRACA PAULO PINHEIRO CHAGAS,217,,ELDORADO,32341-350,GASOLINA,09/01/2023,4.89,,R$ / litro,IPIRANGA,2023-11-21
SE,MG,CONTAGEM,MILLENIUM-COMERCIO DE DERIVADOS DE PETROLEO LTDA,03.808.767/0001-30,RUA TOMAZ DE ANDRADE,85,,INDUSTRIAL-3 SECAO,32223-000,ETANOL,09/01/2023,3.99,,R$ / litro,IPIRANGA,2023-11-21
SE,MG,CONTAGEM,MILLENIUM-COMERCIO DE DERIVADOS DE PETROLEO LTDA,03.808.767/0001-30,RUA TOMAZ DE ANDRADE,85,,INDUSTRIAL-3 SECAO,32223-000,GASOLINA,09/01/2023,4.89,,R$ / litro,IPIRANGA,2023-11-21
SE,MG,CONTAGEM,POSTO CRUZEIRO DO SUL LTDA,19.857.085/0001-57,RUA HUMBERTO DE MORO,500,,INCONFIDENTES,32260-000,ETANOL,09/01/2023,3.99,,R$ / litro,IPIRANGA,2023-11-21
SE,MG,CONTAGEM,POSTO CRUZEIRO DO SUL LTDA,19.857.085/0001-57,RUA HUMBERTO DE MORO,500,,INCONFIDENTES,32260-000,GASOLINA ADITIVADA,09/01/2023,5.08,,R$ / litro,IPIRANGA,2023-11-21
SE,MG,CONTAGEM,POSTO CRUZEIRO DO SUL LTDA,19.857.085/0001-57,RUA HUMBERTO DE MORO,500,,INCONFIDENTES,32260-000,GASOLINA,09/01/2023,4.88,,R$ / litro,IPIRANGA,2023-11-21
SE,MG,CONTAGEM,POSTO VIP LTDA,17.261.819/0001-05,AVENIDA JOSE FARIA DA ROCHA,3347,,CIDADE JD ELDORADO,32310-210,ETANOL,09/01/2023,3.99,,R$ / litro,RAIZEN,2023-11-21
SE,MG,CONTAGEM,POSTO VIP LTDA,17.261.819/0001-05,AVENIDA JOSE FARIA DA ROCHA,3347,,CIDADE JD ELDORADO,32310-210,GASOLINA,09/01/2023,4.89,,R$ / litro,RAIZEN,2023-11-21
SE,MG,CONTAGEM,POSTO QUATRO RODAS LTDA,16.696.445/0001-98,AVENIDA TITO FULGENCIO,950,,JARDIM INDUSTRIAL,32215-000,ETANOL,09/01/2023,3.87,,R$ / litro,IPIRANGA,2023-11-21
SE,MG,CONTAGEM,POSTO QUATRO RODAS LTDA,16.696.445/0001-98,AVENIDA TITO FULGENCIO,950,,JARDIM INDUSTRIAL,32215-000,DIESEL S10,09/01/2023,6.07,,R$ / litro,IPIRANGA,2023-11-21
SE,MG,CONTAGEM,POSTO QUATRO RODAS LTDA,16.696.445/0001-98,AVENIDA TITO FULGENCIO,950,,JARDIM INDUSTRIAL,32215-000,GASOLINA ADITIVADA,09/01/2023,5.04,,R$ / litro,IPIRANGA,2023-11-21
SE,MG,CONTAGEM,POSTO QUATRO RODAS LTDA,16.696.445/0001-98,AVENIDA TITO FULGENCIO,950,,JARDIM INDUSTRIAL,32215-000,GASOLINA,09/01/2023,4.84,,R$ / litro,IPIRANGA,2023-11-21
SE,MG,CONTAGEM,POSTO QUATRO RODAS LTDA,16.696.445/0001-98,AVENIDA TITO FULGENCIO,950,,JARDIM INDUSTRIAL,32215-000,GNV,09/01/2023,4.99,,R$ / m³,IPIRANGA,2023-11-21
SE,MG,CONTAGEM,LOYOLA & ABREU LTDA.,04.029.462/0001-92,AVENIDA CORONEL BENJAMIM GUIMARAES,556,,INDUSTRIAL,32235-000,ETANOL,09/01/2023,3.98,,R$ / litro,IPIRANGA,2023-11-21
SE,MG,CONTAGEM,LOYOLA & ABREU LTDA.,04.029.462/0001-92,AVENIDA CORONEL BENJAMIM GUIMARAES,556,,INDUSTRIAL,32235-000,GASOLINA,09/01/2023,4.89,,R$ / litro,IPIRANGA,2023-11-21
SE,MG,CONTAGEM,POSTO MISSISSIPPI LTDA,01.687.534/0001-09,AVENIDA ESTRELA DALVA,44,,JD.RIACHO DAS PEDRAS,32241-260,ETANOL,10/01/2023,3.98,,R$ / litro,BRANCA,2023-11-21
SE,MG,CONTAGEM,POSTO MISSISSIPPI LTDA,01.687.534/0001-09,AVENIDA ESTRELA DALVA,44,,JD.RIACHO DAS PEDRAS,32241-260,DIESEL S10,10/01/2023,6.07,,R$ / litro,BRANCA,2023-11-21
SE,MG,CONTAGEM,POSTO MISSISSIPPI LTDA,01.687.534/0001-09,AVENIDA ESTRELA DALVA,44,,JD.RIACHO DAS PEDRAS,32241-260,DIESEL,10/01/2023,5.97,,R$ / litro,BRANCA,2023-11-21
SE,MG,CONTAGEM,POSTO MISSISSIPPI LTDA,01.687.534/0001-09,AVENIDA ESTRELA DALVA,44,,JD.RIACHO DAS PEDRAS,32241-260,GASOLINA,10/01/2023,4.88,,R$ / litro,BRANCA,2023-11-21
SE,MG,CONTAGEM,POSTO TROVAO LTDA,01.333.257/0001-28,AVENIDA TITO FULGENCIO,1189,,JARDIM INDUSTRIAL,32215-000,ETANOL,09/01/2023,3.87,,R$ / litro,VIBRA ENERGIA,2023-11-21
SE,MG,CONTAGEM,POSTO TROVAO LTDA,01.333.257/0001-28,AVENIDA TITO FULGENCIO,1189,,JARDIM INDUSTRIAL,32215-000,DIESEL S10,09/01/2023,6.09,,R$ / litro,VIBRA ENERGIA,2023-11-21
SE,MG,CONTAGEM,POSTO TROVAO LTDA,01.333.257/0001-28,AVENIDA TITO FULGENCIO,1189,,JARDIM INDUSTRIAL,32215-000,DIESEL,09/01/2023,5.99,,R$ / litro,VIBRA ENERGIA,2023-11-21
SE,MG,CONTAGEM,POSTO TROVAO LTDA,01.333.257/0001-28,AVENIDA TITO FULGENCIO,1189,,JARDIM INDUSTRIAL,32215-000,GASOLINA,09/01/2023,4.79,,R$ / litro,VIBRA ENERGIA,2023-11-21
SE,MG,CONTAGEM,POSTO TROVAO LTDA,01.333.257/0001-28,AVENIDA TITO FULGENCIO,1189,,JARDIM INDUSTRIAL,32215-000,GNV,09/01/2023,4.89,,R$ / m³,VIBRA ENERGIA,2023-11-21
SE,MG,CONTAGEM,POSTO OKLAHOMA LTDA,00.688.814/0001-60,RUA TIRADENTES,1904,,INDUSTRIAL,32230-020,ETANOL,10/01/2023,3.99,,R$ / litro,RAIZEN,2023-11-21
SE,MG,CONTAGEM,POSTO OKLAHOMA LTDA,00.688.814/0001-60,RUA TIRADENTES,1904,,INDUSTRIAL,32230-020,DIESEL S10,10/01/2023,6.07,,R$ / litro,RAIZEN,2023-11-21
SE,MG,CONTAGEM,POSTO OKLAHOMA LTDA,00.688.814/0001-60,RUA TIRADENTES,1904,,INDUSTRIAL,32230-020,DIESEL,10/01/2023,5.97,,R$ / litro,RAIZEN,2023-11-21
SE,MG,CONTAGEM,POSTO OKLAHOMA LTDA,00.688.814/0001-60,RUA TIRADENTES,1904,,INDUSTRIAL,32230-020,GASOLINA ADITIVADA,10/01/2023,5.19,,R$ / litro,RAIZEN,2023-11-21
SE,MG,CONTAGEM,POSTO OKLAHOMA LTDA,00.688.814/0001-60,RUA TIRADENTES,1904,,INDUSTRIAL,32230-020,GASOLINA,10/01/2023,4.89,,R$ / litro,RAIZEN,2023-11-21
SE,MG,CURVELO,POSTO LODETHI LTDA,03.394.890/0001-51,RUA AFONSO PENA,750,,CENTRO,35790-000,ETANOL,10/01/2023,3.93,,R$ / litro,ALESAT,2023-11-21
SE,MG,CURVELO,POSTO LODETHI LTDA,03.394.890/0001-51,RUA AFONSO PENA,750,,CENTRO,35790-000,DIESEL,10/01/2023,6.15,,R$ / litro,ALESAT,2023-11-21
SE,MG,CURVELO,POSTO LODETHI LTDA,03.394.890/0001-51,RUA AFONSO PENA,750,,CENTRO,35790-000,GASOLINA,10/01/2023,5.09,,R$ / litro,ALESAT,2023-11-21
SE,MG,DIVINOPOLIS,MASTER AUTO POSTO LTDA.,03.762.040/0001-69,AVENIDA JK,2135,,BOM PASTOR,35500-155,ETANOL,10/01/2023,4.05,,R$ / litro,VIBRA ENERGIA,2023-11-21
SE,MG,DIVINOPOLIS,MASTER AUTO POSTO LTDA.,03.762.040/0001-69,AVENIDA JK,2135,,BOM PASTOR,35500-155,DIESEL S10,10/01/2023,6.49,,R$ / litro,VIBRA ENERGIA,2023-11-21
SE,MG,DIVINOPOLIS,MASTER AUTO POSTO LTDA.,03.762.040/0001-69,AVENIDA JK,2135,,BOM PASTOR,35500-155,DIESEL,10/01/2023,6.39,,R$ / litro,VIBRA ENERGIA,2023-11-21
SE,MG,DIVINOPOLIS,MASTER AUTO POSTO LTDA.,03.762.040/0001-69,AVENIDA JK,2135,,BOM PASTOR,35500-155,GASOLINA ADITIVADA,10/01/2023,5.25,,R$ / litro,VIBRA ENERGIA,2023-11-21
SE,MG,DIVINOPOLIS,MASTER AUTO POSTO LTDA.,03.762.040/0001-69,AVENIDA JK,2135,,BOM PASTOR,35500-155,GASOLINA,10/01/2023,5.05,,R$ / litro,VIBRA ENERGIA,2023-11-21
SE,MG,DIVINOPOLIS,AUTO POSTO OLINDA LTDA,03.646.801/0001-17,RUA MARQUÊS DE OLINDA,501,,SÃO JOSÉ,35501-222,ETANOL,10/01/2023,3.75,,R$ / litro,BRANCA,2023-11-21
SE,MG,DIVINOPOLIS,AUTO POSTO OLINDA LTDA,03.646.801/0001-17,RUA MARQUÊS DE OLINDA,501,,SÃO JOSÉ,35501-222,DIESEL,10/01/2023,5.99,,R$ / litro,BRANCA,2023-11-21
SE,MG,DIVINOPOLIS,AUTO POSTO OLINDA LTDA,03.646.801/0001-17,RUA MARQUÊS DE OLINDA,501,,SÃO JOSÉ,35501-222,GASOLINA,10/01/2023,4.85,,R$ / litro,BRANCA,2023-11-21
SE,MG,DIVINOPOLIS,AUTO POSTO PEÇANHA LTDA.,05.052.425/0001-68,AVENIDA GOVERNADOR MAGALHÃES PINTO,251,,NITERÓI,35500-221,ETANOL,09/01/2023,3.99,,R$ / litro,BRANCA,2023-11-21
SE,MG,DIVINOPOLIS,AUTO POSTO PEÇANHA LTDA.,05.052.425/0001-68,AVENIDA GOVERNADOR MAGALHÃES PINTO,251,,NITERÓI,35500-221,DIESEL,09/01/2023,6.08,,R$ / litro,BRANCA,2023-11-21
SE,MG,DIVINOPOLIS,AUTO POSTO PEÇANHA LTDA.,05.052.425/0001-68,AVENIDA GOVERNADOR MAGALHÃES PINTO,251,,NITERÓI,35500-221,GASOLINA,09/01/2023,4.94,,R$ / litro,BRANCA,2023-11-21
SE,MG,DIVINOPOLIS,POSTO LAVA JATO LTDA,20.159.778/0001-55,RUA JK,2078,,BOM PASTOR,35500-155,ETANOL,11/01/2023,3.89,,R$ / litro,IPIRANGA,2023-11-21
SE,MG,DIVINOPOLIS,POSTO LAVA JATO LTDA,20.159.778/0001-55,RUA JK,2078,,BOM PASTOR,35500-155,DIESEL S10,11/01/2023,6.44,,R$ / litro,IPIRANGA,2023-11-21
SE,MG,DIVINOPOLIS,POSTO LAVA JATO LTDA,20.159.778/0001-55,RUA JK,2078,,BOM PASTOR,35500-155,GASOLINA,11/01/2023,4.95,,R$ / litro,IPIRANGA,2023-11-21
SE,MG,DIVINOPOLIS,AUTO POSTO INTERLAGOS LTDA,03.646.827/0001-65,RUA DOLORES DE AGUIAR RABELO,358,,INTERLAGOS,35500-491,ETANOL,10/01/2023,3.75,,R$ / litro,BRANCA,2023-11-21
SE,MG,DIVINOPOLIS,AUTO POSTO INTERLAGOS LTDA,03.646.827/0001-65,RUA DOLORES DE AGUIAR RABELO,358,,INTERLAGOS,35500-491,DIESEL,10/01/2023,5.99,,R$ / litro,BRANCA,2023-11-21
SE,MG,DIVINOPOLIS,AUTO POSTO INTERLAGOS LTDA,03.646.827/0001-65,RUA DOLORES DE AGUIAR RABELO,358,,INTERLAGOS,35500-491,GASOLINA,10/01/2023,4.85,,R$ / litro,BRANCA,2023-11-21
SE,MG,DIVINOPOLIS,POSTO AVENIDA LTDA,20.152.427/0001-12,AVENIDA GETULIO VARGAS,690,,CENTRO,35500-024,ETANOL,09/01/2023,3.89,,R$ / litro,BRANCA,2023-11-21
SE,MG,DIVINOPOLIS,POSTO AVENIDA LTDA,20.152.427/0001-12,AVENIDA GETULIO VARGAS,690,,CENTRO,35500-024,GASOLINA,09/01/2023,4.89,,R$ / litro,BRANCA,2023-11-21
SE,MG,DIVINOPOLIS,POSTO SERVE BEM LIMITADA,19.414.788/0001-00,RUA GOIAS,540,,PORTO VELHO,35500-433,ETANOL,10/01/2023,3.99,,R$ / litro,IPIRANGA,2023-11-21
SE,MG,DIVINOPOLIS,POSTO SERVE BEM LIMITADA,19.414.788/0001-00,RUA GOIAS,540,,PORTO VELHO,35500-433,DIESEL S10,10/01/2023,6.19,,R$ / litro,IPIRANGA,2023-11-21
SE,MG,DIVINOPOLIS,POSTO SERVE BEM LIMITADA,19.414.788/0001-00,RUA GOIAS,540,,PORTO VELHO,35500-433,DIESEL,10/01/2023,6.09,,R$ / litro,IPIRANGA,2023-11-21
SE,MG,DIVINOPOLIS,POSTO SERVE BEM LIMITADA,19.414.788/0001-00,RUA GOIAS,540,,PORTO VELHO,35500-433,GASOLINA,10/01/2023,4.97,,R$ / litro,IPIRANGA,2023-11-21
SE,MG,DIVINOPOLIS,POSTO MINAS GERAIS LTDA,16.773.939/0001-29,RUA GOIAS,585,,PORTO VELHO,35500-433,DIESEL S10,10/01/2023,6.38,,R$ / litro,BRANCA,2023-11-21
SE,MG,DIVINOPOLIS,POSTO MINAS GERAIS LTDA,16.773.939/0001-29,RUA GOIAS,585,,PORTO VELHO,35500-433,DIESEL,10/01/2023,6.28,,R$ / litro,BRANCA,2023-11-21
SE,MG,DIVINOPOLIS,AUTO POSTO AUTORAMA LTDA,03.646.861/0001-30,AVENIDA AUTORAMA,525,,SAO JUDAS TADEU,35501-221,ETANOL,10/01/2023,3.74,,R$ / litro,BRANCA,2023-11-21
SE,MG,DIVINOPOLIS,AUTO POSTO AUTORAMA LTDA,03.646.861/0001-30,AVENIDA AUTORAMA,525,,SAO JUDAS TADEU,35501-221,DIESEL,10/01/2023,6.09,,R$ / litro,BRANCA,2023-11-21
SE,MG,DIVINOPOLIS,AUTO POSTO AUTORAMA LTDA,03.646.861/0001-30,AVENIDA AUTORAMA,525,,SAO JUDAS TADEU,35501-221,GASOLINA,10/01/2023,4.84,,R$ / litro,BRANCA,2023-11-21
SE,MG,DIVINOPOLIS,AUTO POSTO SC LTDA,02.391.574/0001-63,AVENIDA SETE DE SETEMBRO,740,,SANTA CLARA,35500-188,ETANOL,10/01/2023,4.35,,R$ / litro,VIBRA ENERGIA,2023-11-21
SE,MG,DIVINOPOLIS,AUTO POSTO SC LTDA,02.391.574/0001-63,AVENIDA SETE DE SETEMBRO,740,,SANTA CLARA,35500-188,DIESEL S10,10/01/2023,6.49,,R$ / litro,VIBRA ENERGIA,2023-11-21
SE,MG,DIVINOPOLIS,AUTO POSTO SC LTDA,02.391.574/0001-63,AVENIDA SETE DE SETEMBRO,740,,SANTA CLARA,35500-188,GASOLINA ADITIVADA,10/01/2023,5.19,,R$ / litro,VIBRA ENERGIA,2023-11-21
SE,MG,DIVINOPOLIS,AUTO POSTO SC LTDA,02.391.574/0001-63,AVENIDA SETE DE SETEMBRO,740,,SANTA CLARA,35500-188,GASOLINA,10/01/2023,5.12,,R$ / litro,VIBRA ENERGIA,2023-11-21
SE,MG,FORMIGA,2000 ABASTECIMENTO E SERVICOS LTDA,03.896.246/0001-81,AVENIDA ABILIO MACHADO,300,,SAGR COR DE JESUS,35570-000,ETANOL,09/01/2023,4.29,,R$ / litro,BRANCA,2023-11-21
SE,MG,FORMIGA,2000 ABASTECIMENTO E SERVICOS LTDA,03.896.246/0001-81,AVENIDA ABILIO MACHADO,300,,SAGR COR DE JESUS,35570-000,DIESEL S10,09/01/2023,6.49,,R$ / litro,BRANCA,2023-11-21
SE,MG,FORMIGA,2000 ABASTECIMENTO E SERVICOS LTDA,03.896.246/0001-81,AVENIDA ABILIO MACHADO,300,,SAGR COR DE JESUS,35570-000,GASOLINA ADITIVADA,09/01/2023,5.29,,R$ / litro,BRANCA,2023-11-21
SE,MG,FORMIGA,2000 ABASTECIMENTO E SERVICOS LTDA,03.896.246/0001-81,AVENIDA ABILIO MACHADO,300,,SAGR COR DE JESUS,35570-000,GASOLINA,09/01/2023,5.19,,R$ / litro,BRANCA,2023-11-21
SE,MG,FORMIGA,POSTO JIPAO LTDA,02.217.881/0001-22,AVENIDA BRASIL,1100,,MANGABEIRAS,35570-000,ETANOL,10/01/2023,3.87,,R$ / litro,BRANCA,2023-11-21
SE,MG,FORMIGA,POSTO JIPAO LTDA,02.217.881/0001-22,AVENIDA BRASIL,1100,,MANGABEIRAS,35570-000,DIESEL,10/01/2023,5.87,,R$ / litro,BRANCA,2023-11-21
SE,MG,FORMIGA,POSTO JIPAO LTDA,02.217.881/0001-22,AVENIDA BRASIL,1100,,MANGABEIRAS,35570-000,GASOLINA,10/01/2023,4.89,,R$ / litro,BRANCA,2023-11-21
SE,MG,FRUTAL,AUTO POSTO MENDONCA DE MOURA LTDA - EPP,06.196.725/0001-83,RUA CORONEL DOMICIANO FERREIRA,135,,CENTRO,38200-000,ETANOL,12/01/2023,3.73,,R$ / litro,BRANCA,2023-11-21
SE,MG,FRUTAL,AUTO POSTO MENDONCA DE MOURA LTDA - EPP,06.196.725/0001-83,RUA CORONEL DOMICIANO FERREIRA,135,,CENTRO,38200-000,DIESEL,12/01/2023,6.59,,R$ / litro,BRANCA,2023-11-21
SE,MG,FRUTAL,AUTO POSTO MENDONCA DE MOURA LTDA - EPP,06.196.725/0001-83,RUA CORONEL DOMICIANO FERREIRA,135,,CENTRO,38200-000,GASOLINA,12/01/2023,4.95,,R$ / litro,BRANCA,2023-11-21
SE,MG,FRUTAL,POSTO DO PAULO LTDA,21.656.293/0001-30,AVENIDA JOSE DE ALENCAR,755,,NS DO CARMO,38200-000,ETANOL,12/01/2023,3.68,,R$ / litro,CIAPETRO,2023-11-21
SE,MG,FRUTAL,POSTO DO PAULO LTDA,21.656.293/0001-30,AVENIDA JOSE DE ALENCAR,755,,NS DO CARMO,38200-000,DIESEL S10,12/01/2023,5.84,,R$ / litro,CIAPETRO,2023-11-21
SE,MG,FRUTAL,POSTO DO PAULO LTDA,21.656.293/0001-30,AVENIDA JOSE DE ALENCAR,755,,NS DO CARMO,38200-000,DIESEL,12/01/2023,5.84,,R$ / litro,CIAPETRO,2023-11-21
SE,MG,FRUTAL,POSTO DO PAULO LTDA,21.656.293/0001-30,AVENIDA JOSE DE ALENCAR,755,,NS DO CARMO,38200-000,GASOLINA,12/01/2023,4.68,,R$ / litro,CIAPETRO,2023-11-21
SE,MG,FRUTAL,AUTO POSTO FAROL DA PRACA LTDA,04.631.268/0001-82,RUA DELFIM MOREIRA,102,,CENTRO,38200-000,ETANOL,10/01/2023,4.19,,R$ / litro,VIBRA ENERGIA,2023-11-21
SE,MG,FRUTAL,AUTO POSTO FAROL DA PRACA LTDA,04.631.268/0001-82,RUA DELFIM MOREIRA,102,,CENTRO,38200-000,DIESEL S10,10/01/2023,7.39,,R$ / litro,VIBRA ENERGIA,2023-11-21
SE,MG,FRUTAL,AUTO POSTO FAROL DA PRACA LTDA,04.631.268/0001-82,RUA DELFIM MOREIRA,102,,CENTRO,38200-000,GASOLINA,10/01/2023,5.59,,R$ / litro,VIBRA ENERGIA,2023-11-21
SE,MG,FRUTAL,BELA VISTA PETRO LTDA,03.068.322/0001-60,"RODOVIA BR 364 KM 30,5",SN,,ZONA RURAL,38200-000,ETANOL,12/01/2023,3.99,,R$ / litro,ALESAT,2023-11-21
SE,MG,FRUTAL,BELA VISTA PETRO LTDA,03.068.322/0001-60,"RODOVIA BR 364 KM 30,5",SN,,ZONA RURAL,38200-000,DIESEL S10,12/01/2023,6.41,,R$ / litro,ALESAT,2023-11-21
SE,MG,FRUTAL,BELA VISTA PETRO LTDA,03.068.322/0001-60,"RODOVIA BR 364 KM 30,5",SN,,ZONA RURAL,38200-000,DIESEL,12/01/2023,6.33,,R$ / litro,ALESAT,2023-11-21
SE,MG,FRUTAL,BELA VISTA PETRO LTDA,03.068.322/0001-60,"RODOVIA BR 364 KM 30,5",SN,,ZONA RURAL,38200-000,GASOLINA ADITIVADA,12/01/2023,5.15,,R$ / litro,ALESAT,2023-11-21
SE,MG,FRUTAL,BELA VISTA PETRO LTDA,03.068.322/0001-60,"RODOVIA BR 364 KM 30,5",SN,,ZONA RURAL,38200-000,GASOLINA,12/01/2023,4.99,,R$ / litro,ALESAT,2023-11-21
SE,MG,GOVERNADOR VALADARES,POSTO SECULO XXI LTDA,01.493.366/0001-02,AVENIDA DOUTOR RAIMUNDO MONTEIRO REZENDE,4345,,ALTINOPOLIS,35053-680,ETANOL,11/01/2023,4.05,,R$ / litro,IPIRANGA,2023-11-21
SE,MG,GOVERNADOR VALADARES,POSTO SECULO XXI LTDA,01.493.366/0001-02,AVENIDA DOUTOR RAIMUNDO MONTEIRO REZENDE,4345,,ALTINOPOLIS,35053-680,DIESEL S10,11/01/2023,6.29,,R$ / litro,IPIRANGA,2023-11-21
SE,MG,GOVERNADOR VALADARES,POSTO SECULO XXI LTDA,01.493.366/0001-02,AVENIDA DOUTOR RAIMUNDO MONTEIRO REZENDE,4345,,ALTINOPOLIS,35053-680,GASOLINA ADITIVADA,11/01/2023,5.25,,R$ / litro,IPIRANGA,2023-11-21
SE,MG,GOVERNADOR VALADARES,POSTO SECULO XXI LTDA,01.493.366/0001-02,AVENIDA DOUTOR RAIMUNDO MONTEIRO REZENDE,4345,,ALTINOPOLIS,35053-680,GASOLINA,11/01/2023,5.09,,R$ / litro,IPIRANGA,2023-11-21
SE,MG,GOVERNADOR VALADARES,REDE GEFS POSTOS DE SERVIÇOS LTDA.,16.947.509/0003-48,AVENIDA J. K.,1792,,VILA BRETAS,35030-210,ETANOL,10/01/2023,3.95,,R$ / litro,IPIRANGA,2023-11-21
SE,MG,GOVERNADOR VALADARES,REDE GEFS POSTOS DE SERVIÇOS LTDA.,16.947.509/0003-48,AVENIDA J. K.,1792,,VILA BRETAS,35030-210,DIESEL S10,10/01/2023,6.4,,R$ / litro,IPIRANGA,2023-11-21
SE,MG,GOVERNADOR VALADARES,REDE GEFS POSTOS DE SERVIÇOS LTDA.,16.947.509/0003-48,AVENIDA J. K.,1792,,VILA BRETAS,35030-210,DIESEL,10/01/2023,6.49,,R$ / litro,IPIRANGA,2023-11-21
SE,MG,GOVERNADOR VALADARES,REDE GEFS POSTOS DE SERVIÇOS LTDA.,16.947.509/0003-48,AVENIDA J. K.,1792,,VILA BRETAS,35030-210,GASOLINA,10/01/2023,5.05,,R$ / litro,IPIRANGA,2023-11-21
SE,MG,GOVERNADOR VALADARES,CM COMERCIO DE COMBUSTIVEIS SP LTDA,07.668.145/0001-04,AVENIDA MOACIR PALETA,307,,SAO PEDRO,35020-360,ETANOL,09/01/2023,4.05,,R$ / litro,BRANCA,2023-11-21
SE,MG,GOVERNADOR VALADARES,CM COMERCIO DE COMBUSTIVEIS SP LTDA,07.668.145/0001-04,AVENIDA MOACIR PALETA,307,,SAO PEDRO,35020-360,DIESEL S10,09/01/2023,6.15,,R$ / litro,BRANCA,2023-11-21
SE,MG,GOVERNADOR VALADARES,CM COMERCIO DE COMBUSTIVEIS SP LTDA,07.668.145/0001-04,AVENIDA MOACIR PALETA,307,,SAO PEDRO,35020-360,GASOLINA ADITIVADA,09/01/2023,5.15,,R$ / litro,BRANCA,2023-11-21
SE,MG,GOVERNADOR VALADARES,CM COMERCIO DE COMBUSTIVEIS SP LTDA,07.668.145/0001-04,AVENIDA MOACIR PALETA,307,,SAO PEDRO,35020-360,GASOLINA,09/01/2023,5.05,,R$ / litro,BRANCA,2023-11-21
SE,MG,GOVERNADOR VALADARES,AUTO POSTO BELO VALE LTDA,03.605.837/0001-52,AVENIDA RIO BAHIA,418,,VILA BRETAS,35030-000,ETANOL,10/01/2023,4.05,,R$ / litro,IPIRANGA,2023-11-21
SE,MG,GOVERNADOR VALADARES,AUTO POSTO BELO VALE LTDA,03.605.837/0001-52,AVENIDA RIO BAHIA,418,,VILA BRETAS,35030-000,DIESEL S10,10/01/2023,6.29,,R$ / litro,IPIRANGA,2023-11-21
SE,MG,GOVERNADOR VALADARES,AUTO POSTO BELO VALE LTDA,03.605.837/0001-52,AVENIDA RIO BAHIA,418,,VILA BRETAS,35030-000,DIESEL,10/01/2023,6.15,,R$ / litro,IPIRANGA,2023-11-21
SE,MG,GOVERNADOR VALADARES,AUTO POSTO BELO VALE LTDA,03.605.837/0001-52,AVENIDA RIO BAHIA,418,,VILA BRETAS,35030-000,GASOLINA ADITIVADA,10/01/2023,5.25,,R$ / litro,IPIRANGA,2023-11-21
SE,MG,GOVERNADOR VALADARES,AUTO POSTO BELO VALE LTDA,03.605.837/0001-52,AVENIDA RIO BAHIA,418,,VILA BRETAS,35030-000,GASOLINA,10/01/2023,5.09,,R$ / litro,IPIRANGA,2023-11-21
SE,MG,GOVERNADOR VALADARES,POSTO MG7 LTDA,06.165.449/0001-96,AVENIDA ENGENHEIRO ROBERTO LASSANCE,939,,VILA ISA,35044-080,ETANOL,10/01/2023,3.99,,R$ / litro,IPIRANGA,2023-11-21
SE,MG,GOVERNADOR VALADARES,POSTO MG7 LTDA,06.165.449/0001-96,AVENIDA ENGENHEIRO ROBERTO LASSANCE,939,,VILA ISA,35044-080,DIESEL S10,10/01/2023,6.57,,R$ / litro,IPIRANGA,2023-11-21
SE,MG,GOVERNADOR VALADARES,POSTO MG7 LTDA,06.165.449/0001-96,AVENIDA ENGENHEIRO ROBERTO LASSANCE,939,,VILA ISA,35044-080,DIESEL,10/01/2023,6.47,,R$ / litro,IPIRANGA,2023-11-21
SE,MG,GOVERNADOR VALADARES,POSTO MG7 LTDA,06.165.449/0001-96,AVENIDA ENGENHEIRO ROBERTO LASSANCE,939,,VILA ISA,35044-080,GASOLINA ADITIVADA,10/01/2023,5.15,,R$ / litro,IPIRANGA,2023-11-21
SE,MG,GOVERNADOR VALADARES,POSTO MG7 LTDA,06.165.449/0001-96,AVENIDA ENGENHEIRO ROBERTO LASSANCE,939,,VILA ISA,35044-080,GASOLINA,10/01/2023,5.05,,R$ / litro,IPIRANGA,2023-11-21
SE,MG,GOVERNADOR VALADARES,NORTE GV COMBUSTIVEIS LTDA,06.289.407/0001-67,AVENIDA JK,1150,,SAO PAULO,35030-210,ETANOL,09/01/2023,4.04,,R$ / litro,IPIRANGA,2023-11-21
SE,MG,GOVERNADOR VALADARES,NORTE GV COMBUSTIVEIS LTDA,06.289.407/0001-67,AVENIDA JK,1150,,SAO PAULO,35030-210,DIESEL S10,09/01/2023,6.05,,R$ / litro,IPIRANGA,2023-11-21
SE,MG,GOVERNADOR VALADARES,NORTE GV COMBUSTIVEIS LTDA,06.289.407/0001-67,AVENIDA JK,1150,,SAO PAULO,35030-210,GASOLINA ADITIVADA,09/01/2023,5.19,,R$ / litro,IPIRANGA,2023-11-21
SE,MG,GOVERNADOR VALADARES,POSTO DO JAIRO LTDA,16.549.503/0001-50,AVENIDA RIO BAHIA,849,,VILA ISA,35042-270,ETANOL,10/01/2023,4.08,,R$ / litro,VIBRA ENERGIA,2023-11-21
SE,MG,GOVERNADOR VALADARES,POSTO DO JAIRO LTDA,16.549.503/0001-50,AVENIDA RIO BAHIA,849,,VILA ISA,35042-270,DIESEL S10,10/01/2023,6.22,,R$ / litro,VIBRA ENERGIA,2023-11-21
SE,MG,GOVERNADOR VALADARES,POSTO DO JAIRO LTDA,16.549.503/0001-50,AVENIDA RIO BAHIA,849,,VILA ISA,35042-270,DIESEL,10/01/2023,6.12,,R$ / litro,VIBRA ENERGIA,2023-11-21
SE,MG,GOVERNADOR VALADARES,POSTO DO JAIRO LTDA,16.549.503/0001-50,AVENIDA RIO BAHIA,849,,VILA ISA,35042-270,GASOLINA,10/01/2023,4.98,,R$ / litro,VIBRA ENERGIA,2023-11-21
SE,MG,GOVERNADOR VALADARES,POSTO DE COMBUSTIVEIS ACUCAREIRA LTDA,01.459.018/0001-19,RUA MOACIR PALETA,500,,SANTOS DUMONT,35020-360,ETANOL,09/01/2023,4.09,,R$ / litro,ALESAT,2023-11-21
SE,MG,GOVERNADOR VALADARES,POSTO DE COMBUSTIVEIS ACUCAREIRA LTDA,01.459.018/0001-19,RUA MOACIR PALETA,500,,SANTOS DUMONT,35020-360,DIESEL S10,09/01/2023,6.29,,R$ / litro,ALESAT,2023-11-21
SE,MG,GOVERNADOR VALADARES,POSTO DE COMBUSTIVEIS ACUCAREIRA LTDA,01.459.018/0001-19,RUA MOACIR PALETA,500,,SANTOS DUMONT,35020-360,DIESEL,09/01/2023,6.19,,R$ / litro,ALESAT,2023-11-21
SE,MG,GOVERNADOR VALADARES,POSTO DE COMBUSTIVEIS ACUCAREIRA LTDA,01.459.018/0001-19,RUA MOACIR PALETA,500,,SANTOS DUMONT,35020-360,GASOLINA ADITIVADA,09/01/2023,5.29,,R$ / litro,ALESAT,2023-11-21
SE,MG,GOVERNADOR VALADARES,POSTO DE COMBUSTIVEIS ACUCAREIRA LTDA,01.459.018/0001-19,RUA MOACIR PALETA,500,,SANTOS DUMONT,35020-360,GASOLINA,09/01/2023,5.09,,R$ / litro,ALESAT,2023-11-21
SE,MG,GOVERNADOR VALADARES,POSTO JK COMBUSTIVEIS LTDA,00.785.427/0001-42,AVENIDA JK,1639,,VILA BRETAS,35030-210,ETANOL,10/01/2023,3.99,,R$ / litro,BRANCA,2023-11-21
SE,MG,GOVERNADOR VALADARES,POSTO JK COMBUSTIVEIS LTDA,00.785.427/0001-42,AVENIDA JK,1639,,VILA BRETAS,35030-210,GASOLINA,10/01/2023,5.05,,R$ / litro,BRANCA,2023-11-21
SE,MG,GUAXUPE,AUTO POSTO ILHABELA LTDA,05.553.336/0001-03,AVENIDA FELIPE ELIAS ZEITUNE,2886,,VILA PROGRESSO,37800-000,ETANOL,10/01/2023,3.69,,R$ / litro,BRANCA,2023-11-21
SE,MG,GUAXUPE,AUTO POSTO ILHABELA LTDA,05.553.336/0001-03,AVENIDA FELIPE ELIAS ZEITUNE,2886,,VILA PROGRESSO,37800-000,DIESEL S10,10/01/2023,5.89,,R$ / litro,BRANCA,2023-11-21
SE,MG,GUAXUPE,AUTO POSTO ILHABELA LTDA,05.553.336/0001-03,AVENIDA FELIPE ELIAS ZEITUNE,2886,,VILA PROGRESSO,37800-000,DIESEL,10/01/2023,5.84,,R$ / litro,BRANCA,2023-11-21
SE,MG,GUAXUPE,AUTO POSTO ILHABELA LTDA,05.553.336/0001-03,AVENIDA FELIPE ELIAS ZEITUNE,2886,,VILA PROGRESSO,37800-000,GASOLINA ADITIVADA,10/01/2023,4.79,,R$ / litro,BRANCA,2023-11-21
SE,MG,GUAXUPE,AUTO POSTO ILHABELA LTDA,05.553.336/0001-03,AVENIDA FELIPE ELIAS ZEITUNE,2886,,VILA PROGRESSO,37800-000,GASOLINA,10/01/2023,4.69,,R$ / litro,BRANCA,2023-11-21
SE,MG,GUAXUPE,POSTO MANTOVANI AVENIDA LTDA,02.047.542/0001-45,RUA PADRE JOAO JOSE,20,,CENTRO,37800-000,ETANOL,10/01/2023,3.64,,R$ / litro,VIBRA ENERGIA,2023-11-21
SE,MG,GUAXUPE,POSTO MANTOVANI AVENIDA LTDA,02.047.542/0001-45,RUA PADRE JOAO JOSE,20,,CENTRO,37800-000,DIESEL S10,10/01/2023,5.84,,R$ / litro,VIBRA ENERGIA,2023-11-21
SE,MG,GUAXUPE,POSTO MANTOVANI AVENIDA LTDA,02.047.542/0001-45,RUA PADRE JOAO JOSE,20,,CENTRO,37800-000,GASOLINA,10/01/2023,4.65,,R$ / litro,VIBRA ENERGIA,2023-11-21
SE,MG,IPATINGA,C & R REVENDA DE PETRÓLEO LTDA.,07.999.649/0001-07,AVENIDA CLÁUDIO MOURA,2309,,CENTRO,35160-033,ETANOL,09/01/2023,4.25,,R$ / litro,ALESAT,2023-11-21
SE,MG,IPATINGA,C & R REVENDA DE PETRÓLEO LTDA.,07.999.649/0001-07,AVENIDA CLÁUDIO MOURA,2309,,CENTRO,35160-033,DIESEL S10,09/01/2023,6.79,,R$ / litro,ALESAT,2023-11-21
SE,MG,IPATINGA,C & R REVENDA DE PETRÓLEO LTDA.,07.999.649/0001-07,AVENIDA CLÁUDIO MOURA,2309,,CENTRO,35160-033,DIESEL,09/01/2023,6.69,,R$ / litro,ALESAT,2023-11-21
SE,MG,IPATINGA,C & R REVENDA DE PETRÓLEO LTDA.,07.999.649/0001-07,AVENIDA CLÁUDIO MOURA,2309,,CENTRO,35160-033,GASOLINA ADITIVADA,09/01/2023,5.59,,R$ / litro,ALESAT,2023-11-21
SE,MG,IPATINGA,C & R REVENDA DE PETRÓLEO LTDA.,07.999.649/0001-07,AVENIDA CLÁUDIO MOURA,2309,,CENTRO,35160-033,GASOLINA,09/01/2023,4.99,,R$ / litro,ALESAT,2023-11-21
SE,MG,IPATINGA,POSTO GENTIL IPATINGA LTDA,05.120.495/0001-06,AVENIDA JUSCELINO KUBITSCHEK,1085,,JARDIM PANORAMA,35164-245,ETANOL,09/01/2023,3.95,,R$ / litro,BRANCA,2023-11-21
SE,MG,IPATINGA,POSTO GENTIL IPATINGA LTDA,05.120.495/0001-06,AVENIDA JUSCELINO KUBITSCHEK,1085,,JARDIM PANORAMA,35164-245,GASOLINA,09/01/2023,4.95,,R$ / litro,BRANCA,2023-11-21
SE,MG,IPATINGA,POSTOS DE SERVICOS PARQUE IPANEMA LTDA,04.075.433/0001-67,AVENIDA GUIDO MARLIERI,225,,IGUACU,35162-072,ETANOL,09/01/2023,3.99,,R$ / litro,BRANCA,2023-11-21
SE,MG,IPATINGA,POSTOS DE SERVICOS PARQUE IPANEMA LTDA,04.075.433/0001-67,AVENIDA GUIDO MARLIERI,225,,IGUACU,35162-072,DIESEL S10,09/01/2023,6.09,,R$ / litro,BRANCA,2023-11-21
SE,MG,IPATINGA,POSTOS DE SERVICOS PARQUE IPANEMA LTDA,04.075.433/0001-67,AVENIDA GUIDO MARLIERI,225,,IGUACU,35162-072,GASOLINA,09/01/2023,4.89,,R$ / litro,BRANCA,2023-11-21
SE,MG,ITAUNA,CENTER POSTO LTDA,02.470.627/0002-12,RUA QUINZE DE NOVEMBRO,1526,,PIEDADE,35680-258,ETANOL,10/01/2023,3.89,,R$ / litro,VIBRA ENERGIA,2023-11-21
SE,MG,ITAUNA,CENTER POSTO LTDA,02.470.627/0002-12,RUA QUINZE DE NOVEMBRO,1526,,PIEDADE,35680-258,DIESEL S10,10/01/2023,6.19,,R$ / litro,VIBRA ENERGIA,2023-11-21
SE,MG,ITAUNA,CENTER POSTO LTDA,02.470.627/0002-12,RUA QUINZE DE NOVEMBRO,1526,,PIEDADE,35680-258,GASOLINA ADITIVADA,10/01/2023,5.04,,R$ / litro,VIBRA ENERGIA,2023-11-21
SE,MG,ITAUNA,CENTER POSTO LTDA,02.470.627/0002-12,RUA QUINZE DE NOVEMBRO,1526,,PIEDADE,35680-258,GASOLINA,10/01/2023,4.89,,R$ / litro,VIBRA ENERGIA,2023-11-21
SE,MG,ITAUNA,CENTRO AUTOMOTIVO BH SUL LTDA,00.058.752/0004-56,AVENIDA MIGUEL AUGUSTO,3693,,SANTANENSE,35680-147,ETANOL,10/01/2023,3.84,,R$ / litro,BRANCA,2023-11-21
SE,MG,ITAUNA,CENTRO AUTOMOTIVO BH SUL LTDA,00.058.752/0004-56,AVENIDA MIGUEL AUGUSTO,3693,,SANTANENSE,35680-147,DIESEL,10/01/2023,6.18,,R$ / litro,BRANCA,2023-11-21
SE,MG,ITAUNA,CENTRO AUTOMOTIVO BH SUL LTDA,00.058.752/0004-56,AVENIDA MIGUEL AUGUSTO,3693,,SANTANENSE,35680-147,GASOLINA,10/01/2023,4.86,,R$ / litro,BRANCA,2023-11-21
SE,MG,ITAUNA,POSTO DELTA ITAUNA LTDA,17.462.714/0001-14,RUA SILVA JARDIM,653,,CENTRO,35681-159,ETANOL,09/01/2023,3.99,,R$ / litro,VIBRA ENERGIA,2023-11-21
SE,MG,ITAUNA,POSTO DELTA ITAUNA LTDA,17.462.714/0001-14,RUA SILVA JARDIM,653,,CENTRO,35681-159,DIESEL S10,09/01/2023,6.39,,R$ / litro,VIBRA ENERGIA,2023-11-21
SE,MG,ITAUNA,POSTO DELTA ITAUNA LTDA,17.462.714/0001-14,RUA SILVA JARDIM,653,,CENTRO,35681-159,DIESEL,09/01/2023,6.29,,R$ / litro,VIBRA ENERGIA,2023-11-21
SE,MG,ITAUNA,POSTO DELTA ITAUNA LTDA,17.462.714/0001-14,RUA SILVA JARDIM,653,,CENTRO,35681-159,GASOLINA ADITIVADA,09/01/2023,5.19,,R$ / litro,VIBRA ENERGIA,2023-11-21
SE,MG,ITAUNA,POSTO DELTA ITAUNA LTDA,17.462.714/0001-14,RUA SILVA JARDIM,653,,CENTRO,35681-159,GASOLINA,09/01/2023,4.98,,R$ / litro,VIBRA ENERGIA,2023-11-21
SE,MG,ITAUNA,ITAUNA COMBUSTIVEIS LTDA,04.633.258/0001-86,AVENIDA DOUTOR MIGUEL AUGUSTO,1359,,GRACAS,35681-147,ETANOL,09/01/2023,3.89,,R$ / litro,RAIZEN,2023-11-21
SE,MG,ITAUNA,ITAUNA COMBUSTIVEIS LTDA,04.633.258/0001-86,AVENIDA DOUTOR MIGUEL AUGUSTO,1359,,GRACAS,35681-147,DIESEL S10,09/01/2023,6.59,,R$ / litro,RAIZEN,2023-11-21
SE,MG,ITAUNA,ITAUNA COMBUSTIVEIS LTDA,04.633.258/0001-86,AVENIDA DOUTOR MIGUEL AUGUSTO,1359,,GRACAS,35681-147,GASOLINA ADITIVADA,09/01/2023,5.26,,R$ / litro,RAIZEN,2023-11-21
SE,MG,ITAUNA,ITAUNA COMBUSTIVEIS LTDA,04.633.258/0001-86,AVENIDA DOUTOR MIGUEL AUGUSTO,1359,,GRACAS,35681-147,GASOLINA,09/01/2023,4.86,,R$ / litro,RAIZEN,2023-11-21
SE,MG,ITAUNA,AUTO POSTO ALELUIA LTDA,03.733.648/0001-65,AVENIDA GETULIO VARGAS,533,,CENTRO,35680-037,ETANOL,10/01/2023,3.84,,R$ / litro,VIBRA ENERGIA,2023-11-21
SE,MG,ITAUNA,AUTO POSTO ALELUIA LTDA,03.733.648/0001-65,AVENIDA GETULIO VARGAS,533,,CENTRO,35680-037,DIESEL S10,10/01/2023,6.29,,R$ / litro,VIBRA ENERGIA,2023-11-21
SE,MG,ITAUNA,AUTO POSTO ALELUIA LTDA,03.733.648/0001-65,AVENIDA GETULIO VARGAS,533,,CENTRO,35680-037,GASOLINA,10/01/2023,4.79,,R$ / litro,VIBRA ENERGIA,2023-11-21
SE,MG,ITAUNA,CENTER POSTO LTDA,02.470.627/0001-31,RUA ZEZE LIMA,325,,CENTRO,35680-045,ETANOL,10/01/2023,3.89,,R$ / litro,VIBRA ENERGIA,2023-11-21
SE,MG,ITAUNA,CENTER POSTO LTDA,02.470.627/0001-31,RUA ZEZE LIMA,325,,CENTRO,35680-045,DIESEL S10,10/01/2023,6.29,,R$ / litro,VIBRA ENERGIA,2023-11-21
SE,MG,ITAUNA,CENTER POSTO LTDA,02.470.627/0001-31,RUA ZEZE LIMA,325,,CENTRO,35680-045,GASOLINA ADITIVADA,10/01/2023,5.04,,R$ / litro,VIBRA ENERGIA,2023-11-21
SE,MG,ITAUNA,CENTER POSTO LTDA,02.470.627/0001-31,RUA ZEZE LIMA,325,,CENTRO,35680-045,GASOLINA,10/01/2023,4.89,,R$ / litro,VIBRA ENERGIA,2023-11-21
SE,MG,ITUIUTABA,K-DERIVADOS DE PETROLEO LTDA,07.128.848/0001-40,AVENIDA NOVE,423,,CENTRO,38300-150,ETANOL,09/01/2023,3.89,,R$ / litro,BRANCA,2023-11-21
SE,MG,ITUIUTABA,K-DERIVADOS DE PETROLEO LTDA,07.128.848/0001-40,AVENIDA NOVE,423,,CENTRO,38300-150,DIESEL S10,09/01/2023,6.59,,R$ / litro,BRANCA,2023-11-21
SE,MG,ITUIUTABA,K-DERIVADOS DE PETROLEO LTDA,07.128.848/0001-40,AVENIDA NOVE,423,,CENTRO,38300-150,DIESEL,09/01/2023,6.54,,R$ / litro,BRANCA,2023-11-21
SE,MG,ITUIUTABA,K-DERIVADOS DE PETROLEO LTDA,07.128.848/0001-40,AVENIDA NOVE,423,,CENTRO,38300-150,GASOLINA ADITIVADA,09/01/2023,5.09,,R$ / litro,BRANCA,2023-11-21
SE,MG,ITUIUTABA,K-DERIVADOS DE PETROLEO LTDA,07.128.848/0001-40,AVENIDA NOVE,423,,CENTRO,38300-150,GASOLINA,09/01/2023,4.99,,R$ / litro,BRANCA,2023-11-21
SE,MG,ITUIUTABA,POSTO ITUIUTABA LTDA.,21.312.624/0001-14,AVENIDA ONZE,1088,,CENTRO,38300-000,ETANOL,09/01/2023,3.86,,R$ / litro,BRANCA,2023-11-21
SE,MG,ITUIUTABA,POSTO ITUIUTABA LTDA.,21.312.624/0001-14,AVENIDA ONZE,1088,,CENTRO,38300-000,DIESEL S10,09/01/2023,6.69,,R$ / litro,BRANCA,2023-11-21
SE,MG,ITUIUTABA,POSTO ITUIUTABA LTDA.,21.312.624/0001-14,AVENIDA ONZE,1088,,CENTRO,38300-000,GASOLINA,09/01/2023,4.99,,R$ / litro,BRANCA,2023-11-21
SE,MG,ITUIUTABA,IRMAOS MIGUEL RODRIGUES LTDA,21.308.861/0001-01,RUA TRINTA E SEIS,382,,PROGRESSO,38302-008,GASOLINA,09/01/2023,4.89,,R$ / litro,BRANCA,2023-11-21
SE,MG,ITUIUTABA,IRMAOS MIGUEL RODRIGUES LTDA,21.308.861/0001-01,RUA TRINTA E SEIS,382,,PROGRESSO,38302-008,ETANOL,09/01/2023,3.79,,R$ / litro,BRANCA,2023-11-21
SE,MG,ITUIUTABA,IRMAOS MIGUEL RODRIGUES LTDA,21.308.861/0001-01,RUA TRINTA E SEIS,382,,PROGRESSO,38302-008,DIESEL S10,09/01/2023,6.29,,R$ / litro,BRANCA,2023-11-21
SE,MG,ITUIUTABA,IRMAOS MIGUEL RODRIGUES LTDA,21.308.861/0001-01,RUA TRINTA E SEIS,382,,PROGRESSO,38302-008,DIESEL,09/01/2023,6.19,,R$ / litro,BRANCA,2023-11-21
SE,MG,ITUIUTABA,IRMAOS MIGUEL RODRIGUES LTDA,21.308.861/0001-01,RUA TRINTA E SEIS,382,,PROGRESSO,38302-008,GASOLINA ADITIVADA,09/01/2023,4.89,,R$ / litro,BRANCA,2023-11-21
SE,MG,ITUIUTABA,POSTO PRINCE EIRELI,20.262.432/0001-88,AVENIDA SIRIO LIBANESA,11,,CENTRO,38300-130,ETANOL,09/01/2023,3.85,,R$ / litro,BRANCA,2023-11-21
SE,MG,ITUIUTABA,POSTO PRINCE EIRELI,20.262.432/0001-88,AVENIDA SIRIO LIBANESA,11,,CENTRO,38300-130,DIESEL S10,09/01/2023,6.9,,R$ / litro,BRANCA,2023-11-21
SE,MG,ITUIUTABA,POSTO PRINCE EIRELI,20.262.432/0001-88,AVENIDA SIRIO LIBANESA,11,,CENTRO,38300-130,GASOLINA,09/01/2023,4.95,,R$ / litro,BRANCA,2023-11-21
SE,MG,ITUIUTABA,ALEXANDER GERVASIO NEVES - EIRELI,18.548.362/0001-87,AVENIDA DEZESSETE,2345,,PLATINA,38307-064,DIESEL,09/01/2023,5.94,,R$ / litro,BRANCA,2023-11-21
SE,MG,ITUIUTABA,ALEXANDER GERVASIO NEVES - EIRELI,18.548.362/0001-87,AVENIDA DEZESSETE,2345,,PLATINA,38307-064,GASOLINA,09/01/2023,4.89,,R$ / litro,BRANCA,2023-11-21
SE,MG,ITUIUTABA,AUTO POSTO ITAMARATY LTDA,17.820.291/0001-67,AVENIDA DEZESSETE,825,,CENTRO,38300-000,ETANOL,09/01/2023,3.78,,R$ / litro,RAIZEN,2023-11-21
SE,MG,ITUIUTABA,AUTO POSTO ITAMARATY LTDA,17.820.291/0001-67,AVENIDA DEZESSETE,825,,CENTRO,38300-000,DIESEL S10,09/01/2023,6.39,,R$ / litro,RAIZEN,2023-11-21
SE,MG,ITUIUTABA,AUTO POSTO ITAMARATY LTDA,17.820.291/0001-67,AVENIDA DEZESSETE,825,,CENTRO,38300-000,GASOLINA ADITIVADA,09/01/2023,5.09,,R$ / litro,RAIZEN,2023-11-21
SE,MG,ITUIUTABA,AUTO POSTO ITAMARATY LTDA,17.820.291/0001-67,AVENIDA DEZESSETE,825,,CENTRO,38300-000,GASOLINA,09/01/2023,4.78,,R$ / litro,RAIZEN,2023-11-21
SE,MG,ITUIUTABA,COMERCIAL GARDENIA LTDA,17.190.588/0001-96,AVENIDA GOVERNADOR JOSE DE MAGALHAES PINTO,112,,GARDENIA,38301-078,ETANOL,09/01/2023,3.83,,R$ / litro,RAIZEN,2023-11-21
SE,MG,ITUIUTABA,COMERCIAL GARDENIA LTDA,17.190.588/0001-96,AVENIDA GOVERNADOR JOSE DE MAGALHAES PINTO,112,,GARDENIA,38301-078,DIESEL S10,09/01/2023,6.28,,R$ / litro,RAIZEN,2023-11-21
SE,MG,ITUIUTABA,COMERCIAL GARDENIA LTDA,17.190.588/0001-96,AVENIDA GOVERNADOR JOSE DE MAGALHAES PINTO,112,,GARDENIA,38301-078,DIESEL,09/01/2023,6.2,,R$ / litro,RAIZEN,2023-11-21
SE,MG,ITUIUTABA,COMERCIAL GARDENIA LTDA,17.190.588/0001-96,AVENIDA GOVERNADOR JOSE DE MAGALHAES PINTO,112,,GARDENIA,38301-078,GASOLINA ADITIVADA,09/01/2023,5.19,,R$ / litro,RAIZEN,2023-11-21
SE,MG,ITUIUTABA,COMERCIAL GARDENIA LTDA,17.190.588/0001-96,AVENIDA GOVERNADOR JOSE DE MAGALHAES PINTO,112,,GARDENIA,38301-078,GASOLINA,09/01/2023,4.89,,R$ / litro,RAIZEN,2023-11-21
SE,MG,ITUIUTABA,AUTO POSTO PAULINO & FILHO LTDA,02.961.363/0001-19,AVENIDA TRINTA E UM,2171,,NATAL,38300-000,ETANOL,09/01/2023,3.89,,R$ / litro,ALESAT,2023-11-21
SE,MG,ITUIUTABA,AUTO POSTO PAULINO & FILHO LTDA,02.961.363/0001-19,AVENIDA TRINTA E UM,2171,,NATAL,38300-000,DIESEL S10,09/01/2023,6.29,,R$ / litro,ALESAT,2023-11-21
SE,MG,ITUIUTABA,AUTO POSTO PAULINO & FILHO LTDA,02.961.363/0001-19,AVENIDA TRINTA E UM,2171,,NATAL,38300-000,DIESEL,09/01/2023,6.19,,R$ / litro,ALESAT,2023-11-21
SE,MG,ITUIUTABA,AUTO POSTO PAULINO & FILHO LTDA,02.961.363/0001-19,AVENIDA TRINTA E UM,2171,,NATAL,38300-000,GASOLINA ADITIVADA,09/01/2023,4.99,,R$ / litro,ALESAT,2023-11-21
SE,MG,ITUIUTABA,AUTO POSTO PAULINO & FILHO LTDA,02.961.363/0001-19,AVENIDA TRINTA E UM,2171,,NATAL,38300-000,GASOLINA,09/01/2023,4.89,,R$ / litro,ALESAT,2023-11-21
SE,MG,JUIZ DE FORA,POSTO ROMUALDO LTDA,66.343.930/0001-56,AVENIDA RIO BRANCO,3164,,CENTRO,36016-311,ETANOL,13/01/2023,4.29,,R$ / litro,VIBRA ENERGIA,2023-11-21
SE,MG,JUIZ DE FORA,POSTO ROMUALDO LTDA,66.343.930/0001-56,AVENIDA RIO BRANCO,3164,,CENTRO,36016-311,DIESEL S10,13/01/2023,6.69,,R$ / litro,VIBRA ENERGIA,2023-11-21
SE,MG,JUIZ DE FORA,POSTO ROMUALDO LTDA,66.343.930/0001-56,AVENIDA RIO BRANCO,3164,,CENTRO,36016-311,GASOLINA ADITIVADA,13/01/2023,5.39,,R$ / litro,VIBRA ENERGIA,2023-11-21
SE,MG,JUIZ DE FORA,POSTO ROMUALDO LTDA,66.343.930/0001-56,AVENIDA RIO BRANCO,3164,,CENTRO,36016-311,GASOLINA,13/01/2023,5.19,,R$ / litro,VIBRA ENERGIA,2023-11-21
SE,MG,JUIZ DE FORA,POSTO VISAO LTDA,25.408.964/0001-02,AVENIDA DEUSDEDITH SALGADO,3905,,TEIXEIRAS,36033-000,ETANOL,13/01/2023,4.2,,R$ / litro,RAIZEN,2023-11-21
SE,MG,JUIZ DE FORA,POSTO VISAO LTDA,25.408.964/0001-02,AVENIDA DEUSDEDITH SALGADO,3905,,TEIXEIRAS,36033-000,DIESEL S10,13/01/2023,6.09,,R$ / litro,RAIZEN,2023-11-21
SE,MG,JUIZ DE FORA,POSTO VISAO LTDA,25.408.964/0001-02,AVENIDA DEUSDEDITH SALGADO,3905,,TEIXEIRAS,36033-000,GASOLINA ADITIVADA,13/01/2023,5.2,,R$ / litro,RAIZEN,2023-11-21
SE,MG,JUIZ DE FORA,POSTO VISAO LTDA,25.408.964/0001-02,AVENIDA DEUSDEDITH SALGADO,3905,,TEIXEIRAS,36033-000,GASOLINA,13/01/2023,5.1,,R$ / litro,RAIZEN,2023-11-21
SE,MG,JUIZ DE FORA,AUTO POSTO CASCATINHA LTDA,21.666.185/0001-48,RUA DR PAULO J COELHO,169,,CASCATINHA,36033-310,ETANOL,13/01/2023,4.2,,R$ / litro,RAIZEN,2023-11-21
SE,MG,JUIZ DE FORA,AUTO POSTO CASCATINHA LTDA,21.666.185/0001-48,RUA DR PAULO J COELHO,169,,CASCATINHA,36033-310,DIESEL S10,13/01/2023,6.29,,R$ / litro,RAIZEN,2023-11-21
SE,MG,JUIZ DE FORA,AUTO POSTO CASCATINHA LTDA,21.666.185/0001-48,RUA DR PAULO J COELHO,169,,CASCATINHA,36033-310,GASOLINA ADITIVADA,13/01/2023,5.2,,R$ / litro,RAIZEN,2023-11-21
SE,MG,JUIZ DE FORA,AUTO POSTO CASCATINHA LTDA,21.666.185/0001-48,RUA DR PAULO J COELHO,169,,CASCATINHA,36033-310,GASOLINA,13/01/2023,5.1,,R$ / litro,RAIZEN,2023-11-21
SE,MG,LAVRAS,AUTO POSTO SKINÃO LTDA,19.638.998/0001-82,RUA FRANCISCO DE ANDRADE,192,,CENTRO,37200-000,ETANOL,12/01/2023,4.19,,R$ / litro,IPIRANGA,2023-11-21
SE,MG,LAVRAS,AUTO POSTO SKINÃO LTDA,19.638.998/0001-82,RUA FRANCISCO DE ANDRADE,192,,CENTRO,37200-000,DIESEL S10,12/01/2023,6.69,,R$ / litro,IPIRANGA,2023-11-21
SE,MG,LAVRAS,AUTO POSTO SKINÃO LTDA,19.638.998/0001-82,RUA FRANCISCO DE ANDRADE,192,,CENTRO,37200-000,GASOLINA ADITIVADA,12/01/2023,5.21,,R$ / litro,IPIRANGA,2023-11-21
SE,MG,LAVRAS,AUTO POSTO SKINÃO LTDA,19.638.998/0001-82,RUA FRANCISCO DE ANDRADE,192,,CENTRO,37200-000,GASOLINA,12/01/2023,5.09,,R$ / litro,IPIRANGA,2023-11-21
SE,MG,LAVRAS,AUTO POSTO MAIS LTDA,05.999.998/0001-01,RUA JOAO MODESTO,128,,CENTRO,37200-000,ETANOL,12/01/2023,3.97,,R$ / litro,RAIZEN,2023-11-21
SE,MG,LAVRAS,AUTO POSTO MAIS LTDA,05.999.998/0001-01,RUA JOAO MODESTO,128,,CENTRO,37200-000,GASOLINA ADITIVADA,12/01/2023,5.29,,R$ / litro,RAIZEN,2023-11-21
SE,MG,LAVRAS,AUTO POSTO MAIS LTDA,05.999.998/0001-01,RUA JOAO MODESTO,128,,CENTRO,37200-000,GASOLINA,12/01/2023,4.89,,R$ / litro,RAIZEN,2023-11-21
SE,MG,LAVRAS,AUTO POSTO PREMIUM LTDA,05.725.402/0001-77,RUA RUI BARBOSA,70,,CENTRO,37200-000,GASOLINA,12/01/2023,4.84,,R$ / litro,BRANCA,2023-11-21
SE,MG,LAVRAS,AUTO POSTO PREMIUM LTDA,05.725.402/0001-77,RUA RUI BARBOSA,70,,CENTRO,37200-000,ETANOL,12/01/2023,3.79,,R$ / litro,BRANCA,2023-11-21
SE,MG,LAVRAS,AUTO POSTO PREMIUM LTDA,05.725.402/0001-77,RUA RUI BARBOSA,70,,CENTRO,37200-000,GASOLINA ADITIVADA,12/01/2023,4.84,,R$ / litro,BRANCA,2023-11-21
SE,MG,MONTES CLAROS,AUTO POSTO AMANDA E JULIA LTDA,09.489.996/0001-15,AVENIDA DEPUTADO ESTEVES RODRIGUES,209,,CENTRO,39400-215,ETANOL,11/01/2023,3.65,,R$ / litro,VIBRA ENERGIA,2023-11-21
SE,MG,MONTES CLAROS,AUTO POSTO AMANDA E JULIA LTDA,09.489.996/0001-15,AVENIDA DEPUTADO ESTEVES RODRIGUES,209,,CENTRO,39400-215,DIESEL S10,11/01/2023,5.99,,R$ / litro,VIBRA ENERGIA,2023-11-21
SE,MG,MONTES CLAROS,AUTO POSTO AMANDA E JULIA LTDA,09.489.996/0001-15,AVENIDA DEPUTADO ESTEVES RODRIGUES,209,,CENTRO,39400-215,DIESEL,11/01/2023,5.95,,R$ / litro,VIBRA ENERGIA,2023-11-21
SE,MG,MONTES CLAROS,AUTO POSTO AMANDA E JULIA LTDA,09.489.996/0001-15,AVENIDA DEPUTADO ESTEVES RODRIGUES,209,,CENTRO,39400-215,GASOLINA ADITIVADA,11/01/2023,4.89,,R$ / litro,VIBRA ENERGIA,2023-11-21
SE,MG,MONTES CLAROS,AUTO POSTO AMANDA E JULIA LTDA,09.489.996/0001-15,AVENIDA DEPUTADO ESTEVES RODRIGUES,209,,CENTRO,39400-215,GASOLINA,11/01/2023,4.79,,R$ / litro,VIBRA ENERGIA,2023-11-21
SE,MG,MONTES CLAROS,COMBUSTIVEIS MOC BRASIL LTDA - EPP,08.272.600/0001-10,AVENIDA   OVIDIO DE ABREU,212,,CENTRO,39400-068,ETANOL,11/01/2023,3.95,,R$ / litro,BRANCA,2023-11-21
SE,MG,MONTES CLAROS,COMBUSTIVEIS MOC BRASIL LTDA - EPP,08.272.600/0001-10,AVENIDA   OVIDIO DE ABREU,212,,CENTRO,39400-068,GASOLINA,11/01/2023,4.85,,R$ / litro,BRANCA,2023-11-21
SE,MG,MONTES CLAROS,RG EMPRESA COMERCIAL DE COMBUSTIVEIS - EIRELI,04.297.764/0001-41,AVENIDA DEPUTADO ESTEVES RODRIGUES,181,,VILA JOAO GORDO,39400-215,ETANOL,11/01/2023,3.65,,R$ / litro,VIBRA ENERGIA,2023-11-21
SE,MG,MONTES CLAROS,RG EMPRESA COMERCIAL DE COMBUSTIVEIS - EIRELI,04.297.764/0001-41,AVENIDA DEPUTADO ESTEVES RODRIGUES,181,,VILA JOAO GORDO,39400-215,GASOLINA,11/01/2023,4.79,,R$ / litro,VIBRA ENERGIA,2023-11-21
SE,MG,MONTES CLAROS,LIDER AUTO POSTO E SERVICOS LTDA.,02.874.602/0001-01,AVENIDA DEPUTADO PLINIO RIBEIRO,2680,,NOSSA SENHORA DE FATIMA,39402-619,ETANOL,11/01/2023,3.99,,R$ / litro,IPIRANGA,2023-11-21
SE,MG,MONTES CLAROS,LIDER AUTO POSTO E SERVICOS LTDA.,02.874.602/0001-01,AVENIDA DEPUTADO PLINIO RIBEIRO,2680,,NOSSA SENHORA DE FATIMA,39402-619,DIESEL S10,11/01/2023,6.39,,R$ / litro,IPIRANGA,2023-11-21
SE,MG,MONTES CLAROS,LIDER AUTO POSTO E SERVICOS LTDA.,02.874.602/0001-01,AVENIDA DEPUTADO PLINIO RIBEIRO,2680,,NOSSA SENHORA DE FATIMA,39402-619,DIESEL,11/01/2023,6.29,,R$ / litro,IPIRANGA,2023-11-21
SE,MG,MONTES CLAROS,LIDER AUTO POSTO E SERVICOS LTDA.,02.874.602/0001-01,AVENIDA DEPUTADO PLINIO RIBEIRO,2680,,NOSSA SENHORA DE FATIMA,39402-619,GASOLINA ADITIVADA,11/01/2023,5.05,,R$ / litro,IPIRANGA,2023-11-21
SE,MG,MONTES CLAROS,LIDER AUTO POSTO E SERVICOS LTDA.,02.874.602/0001-01,AVENIDA DEPUTADO PLINIO RIBEIRO,2680,,NOSSA SENHORA DE FATIMA,39402-619,GASOLINA,11/01/2023,4.99,,R$ / litro,IPIRANGA,2023-11-21
SE,MG,MONTES CLAROS,PETROLEO MONTES CLAROS LTDA.,04.588.291/0001-31,RUA SILVIO TEIXEIRA,46,,SAO JOSE,39400-354,ETANOL,11/01/2023,3.65,,R$ / litro,VIBRA ENERGIA,2023-11-21
SE,MG,MONTES CLAROS,PETROLEO MONTES CLAROS LTDA.,04.588.291/0001-31,RUA SILVIO TEIXEIRA,46,,SAO JOSE,39400-354,DIESEL S10,11/01/2023,6.45,,R$ / litro,VIBRA ENERGIA,2023-11-21
SE,MG,MONTES CLAROS,PETROLEO MONTES CLAROS LTDA.,04.588.291/0001-31,RUA SILVIO TEIXEIRA,46,,SAO JOSE,39400-354,GASOLINA ADITIVADA,11/01/2023,5.18,,R$ / litro,VIBRA ENERGIA,2023-11-21
SE,MG,MONTES CLAROS,PETROLEO MONTES CLAROS LTDA.,04.588.291/0001-31,RUA SILVIO TEIXEIRA,46,,SAO JOSE,39400-354,GASOLINA,11/01/2023,4.79,,R$ / litro,VIBRA ENERGIA,2023-11-21
SE,MG,MONTES CLAROS,ANTARES COMBUSTIVEIS LTDA,03.888.789/0002-38,AVENIDA JOSE CORREA MACHADO,1059,,IBITURUNA,39400-612,ETANOL,11/01/2023,4.59,,R$ / litro,ALESAT,2023-11-21
SE,MG,MONTES CLAROS,ANTARES COMBUSTIVEIS LTDA,03.888.789/0002-38,AVENIDA JOSE CORREA MACHADO,1059,,IBITURUNA,39400-612,DIESEL S10,11/01/2023,7.89,,R$ / litro,ALESAT,2023-11-21
SE,MG,MONTES CLAROS,ANTARES COMBUSTIVEIS LTDA,03.888.789/0002-38,AVENIDA JOSE CORREA MACHADO,1059,,IBITURUNA,39400-612,GASOLINA ADITIVADA,11/01/2023,5.69,,R$ / litro,ALESAT,2023-11-21
SE,MG,MONTES CLAROS,ANTARES COMBUSTIVEIS LTDA,03.888.789/0002-38,AVENIDA JOSE CORREA MACHADO,1059,,IBITURUNA,39400-612,GASOLINA,11/01/2023,5.59,,R$ / litro,ALESAT,2023-11-21
SE,MG,MONTES CLAROS,POSTO ALJIG LTDA,03.857.669/0001-92,AVENIDA DONATO QUINTINO,225,,CANELAS,39400-546,ETANOL,11/01/2023,3.75,,R$ / litro,RAIZEN,2023-11-21
SE,MG,MONTES CLAROS,POSTO ALJIG LTDA,03.857.669/0001-92,AVENIDA DONATO QUINTINO,225,,CANELAS,39400-546,DIESEL S10,11/01/2023,5.99,,R$ / litro,RAIZEN,2023-11-21
SE,MG,MONTES CLAROS,POSTO ALJIG LTDA,03.857.669/0001-92,AVENIDA DONATO QUINTINO,225,,CANELAS,39400-546,GASOLINA ADITIVADA,11/01/2023,5.09,,R$ / litro,RAIZEN,2023-11-21
SE,MG,MONTES CLAROS,POSTO ALJIG LTDA,03.857.669/0001-92,AVENIDA DONATO QUINTINO,225,,CANELAS,39400-546,GASOLINA,11/01/2023,4.85,,R$ / litro,RAIZEN,2023-11-21
SE,MG,MONTES CLAROS,MARQUESA AUTO SERVIÇOS LTDA.,03.742.141/0001-78,AVENIDA DEPUTADO PLINIO RIBEIRO,555,,ESPLANADA,39401-474,ETANOL,11/01/2023,4.09,,R$ / litro,IPIRANGA,2023-11-21
SE,MG,MONTES CLAROS,MARQUESA AUTO SERVIÇOS LTDA.,03.742.141/0001-78,AVENIDA DEPUTADO PLINIO RIBEIRO,555,,ESPLANADA,39401-474,DIESEL,11/01/2023,6.99,,R$ / litro,IPIRANGA,2023-11-21
SE,MG,MONTES CLAROS,MARQUESA AUTO SERVIÇOS LTDA.,03.742.141/0001-78,AVENIDA DEPUTADO PLINIO RIBEIRO,555,,ESPLANADA,39401-474,GASOLINA ADITIVADA,11/01/2023,5.64,,R$ / litro,IPIRANGA,2023-11-21
SE,MG,MONTES CLAROS,MARQUESA AUTO SERVIÇOS LTDA.,03.742.141/0001-78,AVENIDA DEPUTADO PLINIO RIBEIRO,555,,ESPLANADA,39401-474,GASOLINA,11/01/2023,5.59,,R$ / litro,IPIRANGA,2023-11-21
SE,MG,MONTES CLAROS,J.J DERIVADOS DE PETROLEO LTDA,03.529.503/0001-47,AVENIDA CORONEL LUIZ MAIA,560,A,CINTRA,39401-486,DIESEL S10,11/01/2023,6.59,,R$ / litro,BRANCA,2023-11-21
SE,MG,MONTES CLAROS,J.J DERIVADOS DE PETROLEO LTDA,03.529.503/0001-47,AVENIDA CORONEL LUIZ MAIA,560,A,CINTRA,39401-486,DIESEL,11/01/2023,6.39,,R$ / litro,BRANCA,2023-11-21
SE,MG,MONTES CLAROS,J.J DERIVADOS DE PETROLEO LTDA,03.529.503/0001-47,AVENIDA CORONEL LUIZ MAIA,560,A,CINTRA,39401-486,GASOLINA ADITIVADA,11/01/2023,5.09,,R$ / litro,BRANCA,2023-11-21
SE,MG,MONTES CLAROS,J.J DERIVADOS DE PETROLEO LTDA,03.529.503/0001-47,AVENIDA CORONEL LUIZ MAIA,560,A,CINTRA,39401-486,GASOLINA,11/01/2023,4.99,,R$ / litro,BRANCA,2023-11-21
SE,MG,MONTES CLAROS,J.J DERIVADOS DE PETROLEO LTDA,03.529.503/0001-47,AVENIDA CORONEL LUIZ MAIA,560,A,CINTRA,39401-486,ETANOL,11/01/2023,3.99,,R$ / litro,BRANCA,2023-11-21
SE,MG,MONTES CLAROS,CEMA CENTRAL MINEIRA ATACADISTA LTDA,03.083.231/0006-09,AVENIDA DULCE SARMENTO,1320,,VILA NAZARETH,39401-485,ETANOL,11/01/2023,3.89,,R$ / litro,VIBRA ENERGIA,2023-11-21
SE,MG,MONTES CLAROS,CEMA CENTRAL MINEIRA ATACADISTA LTDA,03.083.231/0006-09,AVENIDA DULCE SARMENTO,1320,,VILA NAZARETH,39401-485,DIESEL,11/01/2023,6.29,,R$ / litro,VIBRA ENERGIA,2023-11-21
SE,MG,MONTES CLAROS,CEMA CENTRAL MINEIRA ATACADISTA LTDA,03.083.231/0006-09,AVENIDA DULCE SARMENTO,1320,,VILA NAZARETH,39401-485,GASOLINA ADITIVADA,11/01/2023,5.09,,R$ / litro,VIBRA ENERGIA,2023-11-21
SE,MG,MONTES CLAROS,CEMA CENTRAL MINEIRA ATACADISTA LTDA,03.083.231/0006-09,AVENIDA DULCE SARMENTO,1320,,VILA NAZARETH,39401-485,GASOLINA,11/01/2023,4.99,,R$ / litro,VIBRA ENERGIA,2023-11-21
SE,MG,PARA DE MINAS,AUTO POSTO IRMAOS MELGACO LTDA,08.538.103/0001-11,AVENIDA PRESIDENTE VARGAS,500,,DONA TUNICA,35661-000,ETANOL,09/01/2023,3.99,,R$ / litro,VIBRA ENERGIA,2023-11-21
SE,MG,PARA DE MINAS,AUTO POSTO IRMAOS MELGACO LTDA,08.538.103/0001-11,AVENIDA PRESIDENTE VARGAS,500,,DONA TUNICA,35661-000,DIESEL S10,09/01/2023,6.47,,R$ / litro,VIBRA ENERGIA,2023-11-21
SE,MG,PARA DE MINAS,AUTO POSTO IRMAOS MELGACO LTDA,08.538.103/0001-11,AVENIDA PRESIDENTE VARGAS,500,,DONA TUNICA,35661-000,DIESEL,09/01/2023,6.37,,R$ / litro,VIBRA ENERGIA,2023-11-21
SE,MG,PARA DE MINAS,AUTO POSTO IRMAOS MELGACO LTDA,08.538.103/0001-11,AVENIDA PRESIDENTE VARGAS,500,,DONA TUNICA,35661-000,GASOLINA,09/01/2023,4.94,,R$ / litro,VIBRA ENERGIA,2023-11-21
SE,MG,PARA DE MINAS,POSTO PARA LTDA,02.681.911/0001-57,RUA PADRE LIBERIO,1000,,JK,35660-180,ETANOL,09/01/2023,3.99,,R$ / litro,VIBRA ENERGIA,2023-11-21
SE,MG,PARA DE MINAS,POSTO PARA LTDA,02.681.911/0001-57,RUA PADRE LIBERIO,1000,,JK,35660-180,DIESEL S10,09/01/2023,6.19,,R$ / litro,VIBRA ENERGIA,2023-11-21
SE,MG,PARA DE MINAS,POSTO PARA LTDA,02.681.911/0001-57,RUA PADRE LIBERIO,1000,,JK,35660-180,DIESEL,09/01/2023,6.09,,R$ / litro,VIBRA ENERGIA,2023-11-21
SE,MG,PARA DE MINAS,POSTO PARA LTDA,02.681.911/0001-57,RUA PADRE LIBERIO,1000,,JK,35660-180,GASOLINA ADITIVADA,09/01/2023,4.88,,R$ / litro,VIBRA ENERGIA,2023-11-21
SE,MG,PARA DE MINAS,POSTO PARA LTDA,02.681.911/0001-57,RUA PADRE LIBERIO,1000,,JK,35660-180,GASOLINA,09/01/2023,4.88,,R$ / litro,VIBRA ENERGIA,2023-11-21
SE,MG,PARA DE MINAS,AUTO POSTO MR LTDA,05.835.706/0001-97,AVENIDA PROFESSOR MELLO CANCADO,521,,SAO JOSE,35660-573,ETANOL,09/01/2023,4.09,,R$ / litro,IPIRANGA,2023-11-21
SE,MG,PARA DE MINAS,AUTO POSTO MR LTDA,05.835.706/0001-97,AVENIDA PROFESSOR MELLO CANCADO,521,,SAO JOSE,35660-573,DIESEL S10,09/01/2023,6.89,,R$ / litro,IPIRANGA,2023-11-21
SE,MG,PARA DE MINAS,AUTO POSTO MR LTDA,05.835.706/0001-97,AVENIDA PROFESSOR MELLO CANCADO,521,,SAO JOSE,35660-573,DIESEL,09/01/2023,6.69,,R$ / litro,IPIRANGA,2023-11-21
SE,MG,PARA DE MINAS,AUTO POSTO MR LTDA,05.835.706/0001-97,AVENIDA PROFESSOR MELLO CANCADO,521,,SAO JOSE,35660-573,GASOLINA ADITIVADA,09/01/2023,4.99,,R$ / litro,IPIRANGA,2023-11-21
SE,MG,PARA DE MINAS,AUTO POSTO MR LTDA,05.835.706/0001-97,AVENIDA PROFESSOR MELLO CANCADO,521,,SAO JOSE,35660-573,GASOLINA,09/01/2023,4.99,,R$ / litro,IPIRANGA,2023-11-21
SE,MG,PARA DE MINAS,AUTO POSTO ALMEIDA LTDA,19.657.402/0002-72,AVENIDA PRESIDENTE VARGAS,140,,CENTRO,35661-000,ETANOL,09/01/2023,4.19,,R$ / litro,RAIZEN,2023-11-21
SE,MG,PARA DE MINAS,AUTO POSTO ALMEIDA LTDA,19.657.402/0002-72,AVENIDA PRESIDENTE VARGAS,140,,CENTRO,35661-000,DIESEL,09/01/2023,6.53,,R$ / litro,RAIZEN,2023-11-21
SE,MG,PARA DE MINAS,AUTO POSTO ALMEIDA LTDA,19.657.402/0002-72,AVENIDA PRESIDENTE VARGAS,140,,CENTRO,35661-000,GASOLINA ADITIVADA,09/01/2023,5.34,,R$ / litro,RAIZEN,2023-11-21
SE,MG,PARA DE MINAS,AUTO POSTO ALMEIDA LTDA,19.657.402/0002-72,AVENIDA PRESIDENTE VARGAS,140,,CENTRO,35661-000,GASOLINA,09/01/2023,5.09,,R$ / litro,RAIZEN,2023-11-21
SE,MG,PARA DE MINAS,POSTO J H S LTDA,04.510.593/0001-97,RUA JOAO DO NETO,220,POSTO,CENTRO,35660-043,ETANOL,09/01/2023,3.72,,R$ / litro,ALESAT,2023-11-21
SE,MG,PARA DE MINAS,POSTO J H S LTDA,04.510.593/0001-97,RUA JOAO DO NETO,220,POSTO,CENTRO,35660-043,GASOLINA ADITIVADA,09/01/2023,5.24,,R$ / litro,ALESAT,2023-11-21
SE,MG,PARA DE MINAS,POSTO J H S LTDA,04.510.593/0001-97,RUA JOAO DO NETO,220,POSTO,CENTRO,35660-043,GASOLINA,09/01/2023,4.83,,R$ / litro,ALESAT,2023-11-21
SE,MG,PARA DE MINAS,SOC. COMERCIAL IRMAOS RODRIGUES LTDA,21.474.382/0001-65,AVENIDA OVIDIO DE ABREU,786,0,BELVEDERE,35661-230,ETANOL,09/01/2023,4.19,,R$ / litro,RAIZEN,2023-11-21
SE,MG,PARA DE MINAS,SOC. COMERCIAL IRMAOS RODRIGUES LTDA,21.474.382/0001-65,AVENIDA OVIDIO DE ABREU,786,0,BELVEDERE,35661-230,DIESEL,09/01/2023,6.53,,R$ / litro,RAIZEN,2023-11-21
SE,MG,PARA DE MINAS,SOC. COMERCIAL IRMAOS RODRIGUES LTDA,21.474.382/0001-65,AVENIDA OVIDIO DE ABREU,786,0,BELVEDERE,35661-230,GASOLINA ADITIVADA,09/01/2023,5.34,,R$ / litro,RAIZEN,2023-11-21
SE,MG,PARA DE MINAS,SOC. COMERCIAL IRMAOS RODRIGUES LTDA,21.474.382/0001-65,AVENIDA OVIDIO DE ABREU,786,0,BELVEDERE,35661-230,GASOLINA,09/01/2023,5.09,,R$ / litro,RAIZEN,2023-11-21
SE,MG,PARA DE MINAS,POSTO MINAS GERAIS PARA LTDA,01.569.818/0001-92,AVENIDA OVIDIO DE ABREU,16,,VILA LARA,35660-970,ETANOL,09/01/2023,3.72,,R$ / litro,BRANCA,2023-11-21
SE,MG,PARA DE MINAS,POSTO MINAS GERAIS PARA LTDA,01.569.818/0001-92,AVENIDA OVIDIO DE ABREU,16,,VILA LARA,35660-970,DIESEL S10,09/01/2023,6.49,,R$ / litro,BRANCA,2023-11-21
SE,MG,PARA DE MINAS,POSTO MINAS GERAIS PARA LTDA,01.569.818/0001-92,AVENIDA OVIDIO DE ABREU,16,,VILA LARA,35660-970,DIESEL,09/01/2023,6.39,,R$ / litro,BRANCA,2023-11-21
SE,MG,PARA DE MINAS,POSTO MINAS GERAIS PARA LTDA,01.569.818/0001-92,AVENIDA OVIDIO DE ABREU,16,,VILA LARA,35660-970,GASOLINA ADITIVADA,09/01/2023,4.93,,R$ / litro,BRANCA,2023-11-21
SE,MG,PARA DE MINAS,POSTO MINAS GERAIS PARA LTDA,01.569.818/0001-92,AVENIDA OVIDIO DE ABREU,16,,VILA LARA,35660-970,GASOLINA,09/01/2023,4.83,,R$ / litro,BRANCA,2023-11-21
SE,MG,PASSOS,POSTO RODA BRANCA LTDA,05.346.656/0001-84,AVENIDA JUCA STOCKLER,1973,,JARDIM DA TEKA,37901-506,ETANOL,12/01/2023,3.69,,R$ / litro,IPIRANGA,2023-11-21
SE,MG,PASSOS,POSTO RODA BRANCA LTDA,05.346.656/0001-84,AVENIDA JUCA STOCKLER,1973,,JARDIM DA TEKA,37901-506,DIESEL S10,12/01/2023,6.29,,R$ / litro,IPIRANGA,2023-11-21
SE,MG,PASSOS,POSTO RODA BRANCA LTDA,05.346.656/0001-84,AVENIDA JUCA STOCKLER,1973,,JARDIM DA TEKA,37901-506,DIESEL,12/01/2023,6.19,,R$ / litro,IPIRANGA,2023-11-21
SE,MG,PASSOS,POSTO RODA BRANCA LTDA,05.346.656/0001-84,AVENIDA JUCA STOCKLER,1973,,JARDIM DA TEKA,37901-506,GASOLINA,12/01/2023,4.79,,R$ / litro,IPIRANGA,2023-11-21
SE,MG,PASSOS,AUTO POSTO SILVA & OLIVEIRA LTDA,08.892.406/0001-38,RUA DOS COMERCIANTES,1010,,MONSENHOR MESSIAS,37901-216,ETANOL,13/01/2023,3.79,,R$ / litro,RAIZEN,2023-11-21
SE,MG,PASSOS,AUTO POSTO SILVA & OLIVEIRA LTDA,08.892.406/0001-38,RUA DOS COMERCIANTES,1010,,MONSENHOR MESSIAS,37901-216,DIESEL S10,13/01/2023,6.27,,R$ / litro,RAIZEN,2023-11-21
SE,MG,PASSOS,AUTO POSTO SILVA & OLIVEIRA LTDA,08.892.406/0001-38,RUA DOS COMERCIANTES,1010,,MONSENHOR MESSIAS,37901-216,DIESEL,13/01/2023,6.17,,R$ / litro,RAIZEN,2023-11-21
SE,MG,PASSOS,AUTO POSTO SILVA & OLIVEIRA LTDA,08.892.406/0001-38,RUA DOS COMERCIANTES,1010,,MONSENHOR MESSIAS,37901-216,GASOLINA ADITIVADA,13/01/2023,4.99,,R$ / litro,RAIZEN,2023-11-21
SE,MG,PASSOS,AUTO POSTO SILVA & OLIVEIRA LTDA,08.892.406/0001-38,RUA DOS COMERCIANTES,1010,,MONSENHOR MESSIAS,37901-216,GASOLINA,13/01/2023,4.75,,R$ / litro,RAIZEN,2023-11-21
SE,MG,PASSOS,POSTO DA MODA COMERCIO DE COMBUSTIVEIS LTDA,07.553.011/0001-48,AVENIDA COMENDADOR FRANCISCO AVELINO MAIA,2342,,CENTRO,37900-005,ETANOL,13/01/2023,3.69,,R$ / litro,BRANCA,2023-11-21
SE,MG,PASSOS,POSTO DA MODA COMERCIO DE COMBUSTIVEIS LTDA,07.553.011/0001-48,AVENIDA COMENDADOR FRANCISCO AVELINO MAIA,2342,,CENTRO,37900-005,DIESEL S10,13/01/2023,6.19,,R$ / litro,BRANCA,2023-11-21
SE,MG,PASSOS,POSTO DA MODA COMERCIO DE COMBUSTIVEIS LTDA,07.553.011/0001-48,AVENIDA COMENDADOR FRANCISCO AVELINO MAIA,2342,,CENTRO,37900-005,DIESEL,13/01/2023,6.09,,R$ / litro,BRANCA,2023-11-21
SE,MG,PASSOS,POSTO DA MODA COMERCIO DE COMBUSTIVEIS LTDA,07.553.011/0001-48,AVENIDA COMENDADOR FRANCISCO AVELINO MAIA,2342,,CENTRO,37900-005,GASOLINA ADITIVADA,13/01/2023,4.75,,R$ / litro,BRANCA,2023-11-21
SE,MG,PASSOS,POSTO DA MODA COMERCIO DE COMBUSTIVEIS LTDA,07.553.011/0001-48,AVENIDA COMENDADOR FRANCISCO AVELINO MAIA,2342,,CENTRO,37900-005,GASOLINA,13/01/2023,4.65,,R$ / litro,BRANCA,2023-11-21
SE,MG,PASSOS,AUTO POSTO PIANTINO LTDA.,07.516.884/0001-80,AVENIDA COMENDADOR FRANCISCO AVELINO MAIA,3682,,JD. PROGRESSO,37900-000,ETANOL,13/01/2023,3.59,,R$ / litro,BRANCA,2023-11-21
SE,MG,PASSOS,AUTO POSTO PIANTINO LTDA.,07.516.884/0001-80,AVENIDA COMENDADOR FRANCISCO AVELINO MAIA,3682,,JD. PROGRESSO,37900-000,DIESEL,13/01/2023,5.89,,R$ / litro,BRANCA,2023-11-21
SE,MG,PASSOS,AUTO POSTO PIANTINO LTDA.,07.516.884/0001-80,AVENIDA COMENDADOR FRANCISCO AVELINO MAIA,3682,,JD. PROGRESSO,37900-000,GASOLINA ADITIVADA,13/01/2023,4.59,,R$ / litro,BRANCA,2023-11-21
SE,MG,PASSOS,AUTO POSTO PIANTINO LTDA.,07.516.884/0001-80,AVENIDA COMENDADOR FRANCISCO AVELINO MAIA,3682,,JD. PROGRESSO,37900-000,GASOLINA,13/01/2023,4.59,,R$ / litro,BRANCA,2023-11-21
SE,MG,PASSOS,POSTO CARRAO LTDA,05.959.164/0001-64,RUA FORMOSA,178,,CENTRO,37900-072,ETANOL,12/01/2023,3.99,,R$ / litro,VIBRA ENERGIA,2023-11-21
SE,MG,PASSOS,POSTO CARRAO LTDA,05.959.164/0001-64,RUA FORMOSA,178,,CENTRO,37900-072,DIESEL S10,12/01/2023,6.99,,R$ / litro,VIBRA ENERGIA,2023-11-21
SE,MG,PASSOS,POSTO CARRAO LTDA,05.959.164/0001-64,RUA FORMOSA,178,,CENTRO,37900-072,GASOLINA ADITIVADA,12/01/2023,5.15,,R$ / litro,VIBRA ENERGIA,2023-11-21
SE,MG,PASSOS,POSTO CARRAO LTDA,05.959.164/0001-64,RUA FORMOSA,178,,CENTRO,37900-072,GASOLINA,12/01/2023,4.99,,R$ / litro,VIBRA ENERGIA,2023-11-21
SE,MG,PASSOS,POSTO MUARAMA E VEIMAQ LTDA,66.213.703/0001-06,AVENIDA COM FCO AVELINO MAIA,3201,,CENTRO,37900-013,ETANOL,13/01/2023,3.79,,R$ / litro,IPIRANGA,2023-11-21
SE,MG,PASSOS,POSTO MUARAMA E VEIMAQ LTDA,66.213.703/0001-06,AVENIDA COM FCO AVELINO MAIA,3201,,CENTRO,37900-013,GASOLINA ADITIVADA,13/01/2023,4.99,,R$ / litro,IPIRANGA,2023-11-21
SE,MG,PASSOS,POSTO MUARAMA E VEIMAQ LTDA,66.213.703/0001-06,AVENIDA COM FCO AVELINO MAIA,3201,,CENTRO,37900-013,GASOLINA,13/01/2023,4.89,,R$ / litro,IPIRANGA,2023-11-21
SE,MG,PASSOS,AUTO POSTO NOVO TOCANTINS LTDA,03.652.860/0001-06,RUA   TRES DE MAIO,56,,CENTRO,37900-124,ETANOL,12/01/2023,3.59,,R$ / litro,BRANCA,2023-11-21
SE,MG,PASSOS,AUTO POSTO NOVO TOCANTINS LTDA,03.652.860/0001-06,RUA   TRES DE MAIO,56,,CENTRO,37900-124,GASOLINA,12/01/2023,4.59,,R$ / litro,BRANCA,2023-11-21
SE,MG,PATOS DE MINAS,POSTO XANDO LTDA,02.577.006/0001-51,RUA BARAO DO RIO BRANCO,1515,,LAGOA GRANDE,38700-170,ETANOL,10/01/2023,3.99,,R$ / litro,BRANCA,2023-11-21
SE,MG,PATOS DE MINAS,POSTO XANDO LTDA,02.577.006/0001-51,RUA BARAO DO RIO BRANCO,1515,,LAGOA GRANDE,38700-170,DIESEL S10,10/01/2023,6.39,,R$ / litro,BRANCA,2023-11-21
SE,MG,PATOS DE MINAS,POSTO XANDO LTDA,02.577.006/0001-51,RUA BARAO DO RIO BRANCO,1515,,LAGOA GRANDE,38700-170,DIESEL,10/01/2023,6.29,,R$ / litro,BRANCA,2023-11-21
SE,MG,PATOS DE MINAS,POSTO XANDO LTDA,02.577.006/0001-51,RUA BARAO DO RIO BRANCO,1515,,LAGOA GRANDE,38700-170,GASOLINA ADITIVADA,10/01/2023,5.09,,R$ / litro,BRANCA,2023-11-21
SE,MG,PATOS DE MINAS,POSTO XANDO LTDA,02.577.006/0001-51,RUA BARAO DO RIO BRANCO,1515,,LAGOA GRANDE,38700-170,GASOLINA,10/01/2023,4.99,,R$ / litro,BRANCA,2023-11-21
SE,MG,PATOS DE MINAS,QUEIROZ DE MELO COMERCIO DE COMBUSTIVEIS LTDA,08.902.326/0001-16,RUA PONTO CHIC,224,,VILA GARCIA,38703-218,ETANOL,10/01/2023,3.89,,R$ / litro,BRANCA,2023-11-21
SE,MG,PATOS DE MINAS,QUEIROZ DE MELO COMERCIO DE COMBUSTIVEIS LTDA,08.902.326/0001-16,RUA PONTO CHIC,224,,VILA GARCIA,38703-218,DIESEL S10,10/01/2023,6.25,,R$ / litro,BRANCA,2023-11-21
SE,MG,PATOS DE MINAS,QUEIROZ DE MELO COMERCIO DE COMBUSTIVEIS LTDA,08.902.326/0001-16,RUA PONTO CHIC,224,,VILA GARCIA,38703-218,GASOLINA,10/01/2023,4.89,,R$ / litro,BRANCA,2023-11-21
SE,MG,PATOS DE MINAS,PETRORAÇA COMBUSTÍVEIS LTDA.,07.559.158/0001-45,RUA DONA LUIZA,1185,,LAGOA GRANDE,38700-164,ETANOL,10/01/2023,3.85,,R$ / litro,BRANCA,2023-11-21
SE,MG,PATOS DE MINAS,PETRORAÇA COMBUSTÍVEIS LTDA.,07.559.158/0001-45,RUA DONA LUIZA,1185,,LAGOA GRANDE,38700-164,DIESEL S10,10/01/2023,6.05,,R$ / litro,BRANCA,2023-11-21
SE,MG,PATOS DE MINAS,PETRORAÇA COMBUSTÍVEIS LTDA.,07.559.158/0001-45,RUA DONA LUIZA,1185,,LAGOA GRANDE,38700-164,DIESEL,10/01/2023,5.98,,R$ / litro,BRANCA,2023-11-21
SE,MG,PATOS DE MINAS,PETRORAÇA COMBUSTÍVEIS LTDA.,07.559.158/0001-45,RUA DONA LUIZA,1185,,LAGOA GRANDE,38700-164,GASOLINA ADITIVADA,10/01/2023,4.96,,R$ / litro,BRANCA,2023-11-21
SE,MG,PATOS DE MINAS,PETRORAÇA COMBUSTÍVEIS LTDA.,07.559.158/0001-45,RUA DONA LUIZA,1185,,LAGOA GRANDE,38700-164,GASOLINA,10/01/2023,4.96,,R$ / litro,BRANCA,2023-11-21
SE,MG,PATOS DE MINAS,AUTO POSTO MARABA LTDA.,04.997.765/0001-07,AVENIDA MARABA,116,,ALTO CAICARAS,38702-192,ETANOL,10/01/2023,3.74,,R$ / litro,ALESAT,2023-11-21
SE,MG,PATOS DE MINAS,AUTO POSTO MARABA LTDA.,04.997.765/0001-07,AVENIDA MARABA,116,,ALTO CAICARAS,38702-192,DIESEL S10,10/01/2023,6.15,,R$ / litro,ALESAT,2023-11-21
SE,MG,PATOS DE MINAS,AUTO POSTO MARABA LTDA.,04.997.765/0001-07,AVENIDA MARABA,116,,ALTO CAICARAS,38702-192,DIESEL,10/01/2023,6.09,,R$ / litro,ALESAT,2023-11-21
SE,MG,PATOS DE MINAS,AUTO POSTO MARABA LTDA.,04.997.765/0001-07,AVENIDA MARABA,116,,ALTO CAICARAS,38702-192,GASOLINA,10/01/2023,4.77,,R$ / litro,ALESAT,2023-11-21
SE,MG,PATOS DE MINAS,COIMBRA E GOMES LTDA,02.036.182/0001-86,RUA PADRE CALDEIRA,209,,CENTRO,38700-044,ETANOL,10/01/2023,4.09,,R$ / litro,RAIZEN,2023-11-21
SE,MG,PATOS DE MINAS,COIMBRA E GOMES LTDA,02.036.182/0001-86,RUA PADRE CALDEIRA,209,,CENTRO,38700-044,DIESEL S10,10/01/2023,6.39,,R$ / litro,RAIZEN,2023-11-21
SE,MG,PATOS DE MINAS,COIMBRA E GOMES LTDA,02.036.182/0001-86,RUA PADRE CALDEIRA,209,,CENTRO,38700-044,GASOLINA ADITIVADA,10/01/2023,5.19,,R$ / litro,RAIZEN,2023-11-21
SE,MG,PATOS DE MINAS,COIMBRA E GOMES LTDA,02.036.182/0001-86,RUA PADRE CALDEIRA,209,,CENTRO,38700-044,GASOLINA,10/01/2023,4.99,,R$ / litro,RAIZEN,2023-11-21
SE,MG,PATOS DE MINAS,PARQUE AUTO POSTO LTDA,05.385.747/0001-29,AVENIDA MARABA,525,,ALTO DOS CAICARAS,38703-236,ETANOL,10/01/2023,3.77,,R$ / litro,BRANCA,2023-11-21
SE,MG,PATOS DE MINAS,PARQUE AUTO POSTO LTDA,05.385.747/0001-29,AVENIDA MARABA,525,,ALTO DOS CAICARAS,38703-236,DIESEL S10,10/01/2023,6.14,,R$ / litro,BRANCA,2023-11-21
SE,MG,PATOS DE MINAS,PARQUE AUTO POSTO LTDA,05.385.747/0001-29,AVENIDA MARABA,525,,ALTO DOS CAICARAS,38703-236,GASOLINA,10/01/2023,4.75,,R$ / litro,BRANCA,2023-11-21
SE,MG,PATOS DE MINAS,PIT STOP ABASTECIMENTOS LTDA,02.593.278/0001-45,PRACA NOSSA SENHORA DE FATIMA,50,,ROSARIO,38701-026,ETANOL,10/01/2023,4.08,,R$ / litro,VIBRA ENERGIA,2023-11-21
SE,MG,PATOS DE MINAS,PIT STOP ABASTECIMENTOS LTDA,02.593.278/0001-45,PRACA NOSSA SENHORA DE FATIMA,50,,ROSARIO,38701-026,DIESEL S10,10/01/2023,6.29,,R$ / litro,VIBRA ENERGIA,2023-11-21
SE,MG,PATOS DE MINAS,PIT STOP ABASTECIMENTOS LTDA,02.593.278/0001-45,PRACA NOSSA SENHORA DE FATIMA,50,,ROSARIO,38701-026,GASOLINA ADITIVADA,10/01/2023,4.98,,R$ / litro,VIBRA ENERGIA,2023-11-21
SE,MG,PATOS DE MINAS,PIT STOP ABASTECIMENTOS LTDA,02.593.278/0001-45,PRACA NOSSA SENHORA DE FATIMA,50,,ROSARIO,38701-026,GASOLINA,10/01/2023,4.98,,R$ / litro,VIBRA ENERGIA,2023-11-21
SE,MG,PATOS DE MINAS,POSTOS ALPA LTDA,02.234.943/0009-61,RUA PARA,322,,CONEGO GETULIO,38700-001,ETANOL,10/01/2023,4.09,,R$ / litro,RAIZEN,2023-11-21
SE,MG,PATOS DE MINAS,POSTOS ALPA LTDA,02.234.943/0009-61,RUA PARA,322,,CONEGO GETULIO,38700-001,DIESEL S10,10/01/2023,6.34,,R$ / litro,RAIZEN,2023-11-21
SE,MG,PATOS DE MINAS,POSTOS ALPA LTDA,02.234.943/0009-61,RUA PARA,322,,CONEGO GETULIO,38700-001,GASOLINA ADITIVADA,10/01/2023,5.29,,R$ / litro,RAIZEN,2023-11-21
SE,MG,PATOS DE MINAS,POSTOS ALPA LTDA,02.234.943/0009-61,RUA PARA,322,,CONEGO GETULIO,38700-001,GASOLINA,10/01/2023,4.99,,R$ / litro,RAIZEN,2023-11-21
SE,MG,POCOS DE CALDAS,AUTO POSTO DIOGO & SILVA LTDA.,08.777.883/0001-52,AVENIDA VEREADOR EDMUNDO CARDILLO,56,,PARQUE VIVALDI LEITE RIBEIRO,37706-106,ETANOL,10/01/2023,3.99,,R$ / litro,BRANCA,2023-11-21
SE,MG,POCOS DE CALDAS,AUTO POSTO DIOGO & SILVA LTDA.,08.777.883/0001-52,AVENIDA VEREADOR EDMUNDO CARDILLO,56,,PARQUE VIVALDI LEITE RIBEIRO,37706-106,DIESEL S10,10/01/2023,6.09,,R$ / litro,BRANCA,2023-11-21
SE,MG,POCOS DE CALDAS,AUTO POSTO DIOGO & SILVA LTDA.,08.777.883/0001-52,AVENIDA VEREADOR EDMUNDO CARDILLO,56,,PARQUE VIVALDI LEITE RIBEIRO,37706-106,DIESEL,10/01/2023,5.99,,R$ / litro,BRANCA,2023-11-21
SE,MG,POCOS DE CALDAS,AUTO POSTO DIOGO & SILVA LTDA.,08.777.883/0001-52,AVENIDA VEREADOR EDMUNDO CARDILLO,56,,PARQUE VIVALDI LEITE RIBEIRO,37706-106,GASOLINA ADITIVADA,10/01/2023,4.97,,R$ / litro,BRANCA,2023-11-21
SE,MG,POCOS DE CALDAS,AUTO POSTO DIOGO & SILVA LTDA.,08.777.883/0001-52,AVENIDA VEREADOR EDMUNDO CARDILLO,56,,PARQUE VIVALDI LEITE RIBEIRO,37706-106,GASOLINA,10/01/2023,4.97,,R$ / litro,BRANCA,2023-11-21
SE,MG,POCOS DE CALDAS,AUTO POSTO REKAR LTDA.,07.341.138/0001-01,RUA CEL. VIRIGILIO SILVA,1578,,VILA NOVA,37701-103,ETANOL,10/01/2023,3.79,,R$ / litro,IPIRANGA,2023-11-21
SE,MG,POCOS DE CALDAS,AUTO POSTO REKAR LTDA.,07.341.138/0001-01,RUA CEL. VIRIGILIO SILVA,1578,,VILA NOVA,37701-103,DIESEL S10,10/01/2023,6.49,,R$ / litro,IPIRANGA,2023-11-21
SE,MG,POCOS DE CALDAS,AUTO POSTO REKAR LTDA.,07.341.138/0001-01,RUA CEL. VIRIGILIO SILVA,1578,,VILA NOVA,37701-103,DIESEL,10/01/2023,6.39,,R$ / litro,IPIRANGA,2023-11-21
SE,MG,POCOS DE CALDAS,AUTO POSTO REKAR LTDA.,07.341.138/0001-01,RUA CEL. VIRIGILIO SILVA,1578,,VILA NOVA,37701-103,GASOLINA ADITIVADA,10/01/2023,4.99,,R$ / litro,IPIRANGA,2023-11-21
SE,MG,POCOS DE CALDAS,AUTO POSTO REKAR LTDA.,07.341.138/0001-01,RUA CEL. VIRIGILIO SILVA,1578,,VILA NOVA,37701-103,GASOLINA,10/01/2023,4.79,,R$ / litro,IPIRANGA,2023-11-21
SE,MG,POCOS DE CALDAS,MANTOVANI & MANTOVANI 1 LTDA,07.543.490/0001-11,AVENIDA JOAO PINHEIRO,5638,,BORTOLAN NORTE I,37704-392,ETANOL,10/01/2023,3.79,,R$ / litro,VIBRA ENERGIA,2023-11-21
SE,MG,POCOS DE CALDAS,MANTOVANI & MANTOVANI 1 LTDA,07.543.490/0001-11,AVENIDA JOAO PINHEIRO,5638,,BORTOLAN NORTE I,37704-392,DIESEL S10,10/01/2023,6.29,,R$ / litro,VIBRA ENERGIA,2023-11-21
SE,MG,POCOS DE CALDAS,MANTOVANI & MANTOVANI 1 LTDA,07.543.490/0001-11,AVENIDA JOAO PINHEIRO,5638,,BORTOLAN NORTE I,37704-392,DIESEL,10/01/2023,6.19,,R$ / litro,VIBRA ENERGIA,2023-11-21
SE,MG,POCOS DE CALDAS,MANTOVANI & MANTOVANI 1 LTDA,07.543.490/0001-11,AVENIDA JOAO PINHEIRO,5638,,BORTOLAN NORTE I,37704-392,GASOLINA ADITIVADA,10/01/2023,4.99,,R$ / litro,VIBRA ENERGIA,2023-11-21
SE,MG,POCOS DE CALDAS,MANTOVANI & MANTOVANI 1 LTDA,07.543.490/0001-11,AVENIDA JOAO PINHEIRO,5638,,BORTOLAN NORTE I,37704-392,GASOLINA,10/01/2023,4.79,,R$ / litro,VIBRA ENERGIA,2023-11-21
SE,MG,POCOS DE CALDAS,INFANTE & PATRICIO LTDA,21.385.968/0002-34,AVENIDA SANTO ANTONIO,497,,CASCATINHA,37701-036,ETANOL,10/01/2023,3.99,,R$ / litro,IPIRANGA,2023-11-21
SE,MG,POCOS DE CALDAS,INFANTE & PATRICIO LTDA,21.385.968/0002-34,AVENIDA SANTO ANTONIO,497,,CASCATINHA,37701-036,DIESEL S10,10/01/2023,6.09,,R$ / litro,IPIRANGA,2023-11-21
SE,MG,POCOS DE CALDAS,INFANTE & PATRICIO LTDA,21.385.968/0002-34,AVENIDA SANTO ANTONIO,497,,CASCATINHA,37701-036,DIESEL,10/01/2023,5.99,,R$ / litro,IPIRANGA,2023-11-21
SE,MG,POCOS DE CALDAS,INFANTE & PATRICIO LTDA,21.385.968/0002-34,AVENIDA SANTO ANTONIO,497,,CASCATINHA,37701-036,GASOLINA ADITIVADA,10/01/2023,4.99,,R$ / litro,IPIRANGA,2023-11-21
SE,MG,POCOS DE CALDAS,INFANTE & PATRICIO LTDA,21.385.968/0002-34,AVENIDA SANTO ANTONIO,497,,CASCATINHA,37701-036,GASOLINA,10/01/2023,4.89,,R$ / litro,IPIRANGA,2023-11-21
SE,MG,POCOS DE CALDAS,POSTO AVENIDA LTDA,18.625.228/0001-32,AVENIDA JOAO PINHEIRO,1935,,CENTRO,37701-387,ETANOL,10/01/2023,3.89,,R$ / litro,IPIRANGA,2023-11-21
SE,MG,POCOS DE CALDAS,POSTO AVENIDA LTDA,18.625.228/0001-32,AVENIDA JOAO PINHEIRO,1935,,CENTRO,37701-387,DIESEL S10,10/01/2023,6.39,,R$ / litro,IPIRANGA,2023-11-21
SE,MG,POCOS DE CALDAS,POSTO AVENIDA LTDA,18.625.228/0001-32,AVENIDA JOAO PINHEIRO,1935,,CENTRO,37701-387,DIESEL,10/01/2023,6.35,,R$ / litro,IPIRANGA,2023-11-21
SE,MG,POCOS DE CALDAS,POSTO AVENIDA LTDA,18.625.228/0001-32,AVENIDA JOAO PINHEIRO,1935,,CENTRO,37701-387,GASOLINA ADITIVADA,10/01/2023,5.09,,R$ / litro,IPIRANGA,2023-11-21
SE,MG,POCOS DE CALDAS,POSTO AVENIDA LTDA,18.625.228/0001-32,AVENIDA JOAO PINHEIRO,1935,,CENTRO,37701-387,GASOLINA,10/01/2023,4.89,,R$ / litro,IPIRANGA,2023-11-21
SE,MG,POCOS DE CALDAS,MANTOVANI & MANTOVANI JOAO PINHEIRO 2 LTDA,02.327.487/0001-47,AVENIDA JOAO PINHEIRO,1248,,JOAO PINHEIRO,37701-387,ETANOL,10/01/2023,3.78,,R$ / litro,BRANCA,2023-11-21
SE,MG,POCOS DE CALDAS,MANTOVANI & MANTOVANI JOAO PINHEIRO 2 LTDA,02.327.487/0001-47,AVENIDA JOAO PINHEIRO,1248,,JOAO PINHEIRO,37701-387,DIESEL S10,10/01/2023,6.49,,R$ / litro,BRANCA,2023-11-21
SE,MG,POCOS DE CALDAS,MANTOVANI & MANTOVANI JOAO PINHEIRO 2 LTDA,02.327.487/0001-47,AVENIDA JOAO PINHEIRO,1248,,JOAO PINHEIRO,37701-387,DIESEL,10/01/2023,6.39,,R$ / litro,BRANCA,2023-11-21
SE,MG,POCOS DE CALDAS,MANTOVANI & MANTOVANI JOAO PINHEIRO 2 LTDA,02.327.487/0001-47,AVENIDA JOAO PINHEIRO,1248,,JOAO PINHEIRO,37701-387,GASOLINA,10/01/2023,4.79,,R$ / litro,BRANCA,2023-11-21
SE,MG,POUSO ALEGRE,AGENOR POSTO DE COMBUSTIVEIS LTDA.,19.283.605/0001-65,AVENIDA PINTO COBRA,1480,,JARDIM SAO JOSE,37554-027,ETANOL,12/01/2023,3.89,,R$ / litro,VIBRA ENERGIA,2023-11-21
SE,MG,POUSO ALEGRE,AGENOR POSTO DE COMBUSTIVEIS LTDA.,19.283.605/0001-65,AVENIDA PINTO COBRA,1480,,JARDIM SAO JOSE,37554-027,DIESEL S10,12/01/2023,6.35,,R$ / litro,VIBRA ENERGIA,2023-11-21
SE,MG,POUSO ALEGRE,AGENOR POSTO DE COMBUSTIVEIS LTDA.,19.283.605/0001-65,AVENIDA PINTO COBRA,1480,,JARDIM SAO JOSE,37554-027,DIESEL,12/01/2023,6.29,,R$ / litro,VIBRA ENERGIA,2023-11-21
SE,MG,POUSO ALEGRE,AGENOR POSTO DE COMBUSTIVEIS LTDA.,19.283.605/0001-65,AVENIDA PINTO COBRA,1480,,JARDIM SAO JOSE,37554-027,GASOLINA ADITIVADA,12/01/2023,4.95,,R$ / litro,VIBRA ENERGIA,2023-11-21
SE,MG,POUSO ALEGRE,AGENOR POSTO DE COMBUSTIVEIS LTDA.,19.283.605/0001-65,AVENIDA PINTO COBRA,1480,,JARDIM SAO JOSE,37554-027,GASOLINA,12/01/2023,4.89,,R$ / litro,VIBRA ENERGIA,2023-11-21
SE,MG,POUSO ALEGRE,AUTO POSTO DAS INDUSTRIAS LTDA,17.934.365/0001-96,AVENIDA PREFEITO OLAVO GOMES DE OLIVEIRA,1760,,VILA COSTA RIOS,37558-300,ETANOL,12/01/2023,3.99,,R$ / litro,RAIZEN,2023-11-21
SE,MG,POUSO ALEGRE,AUTO POSTO DAS INDUSTRIAS LTDA,17.934.365/0001-96,AVENIDA PREFEITO OLAVO GOMES DE OLIVEIRA,1760,,VILA COSTA RIOS,37558-300,DIESEL S10,12/01/2023,6.49,,R$ / litro,RAIZEN,2023-11-21
SE,MG,POUSO ALEGRE,AUTO POSTO DAS INDUSTRIAS LTDA,17.934.365/0001-96,AVENIDA PREFEITO OLAVO GOMES DE OLIVEIRA,1760,,VILA COSTA RIOS,37558-300,GASOLINA ADITIVADA,12/01/2023,5.29,,R$ / litro,RAIZEN,2023-11-21
SE,MG,POUSO ALEGRE,AUTO POSTO DAS INDUSTRIAS LTDA,17.934.365/0001-96,AVENIDA PREFEITO OLAVO GOMES DE OLIVEIRA,1760,,VILA COSTA RIOS,37558-300,GASOLINA,12/01/2023,4.99,,R$ / litro,RAIZEN,2023-11-21
SE,MG,POUSO ALEGRE,AUTO POSTO VISTA ALEGRE LTDA,04.434.149/0001-30,RUA ERICKSON FLAVIO DA SILVA,2950,,GAMBA,37550-001,ETANOL,12/01/2023,3.69,,R$ / litro,BRANCA,2023-11-21
SE,MG,POUSO ALEGRE,AUTO POSTO VISTA ALEGRE LTDA,04.434.149/0001-30,RUA ERICKSON FLAVIO DA SILVA,2950,,GAMBA,37550-001,DIESEL S10,12/01/2023,6.27,,R$ / litro,BRANCA,2023-11-21
SE,MG,POUSO ALEGRE,AUTO POSTO VISTA ALEGRE LTDA,04.434.149/0001-30,RUA ERICKSON FLAVIO DA SILVA,2950,,GAMBA,37550-001,DIESEL,12/01/2023,6.14,,R$ / litro,BRANCA,2023-11-21
SE,MG,POUSO ALEGRE,AUTO POSTO VISTA ALEGRE LTDA,04.434.149/0001-30,RUA ERICKSON FLAVIO DA SILVA,2950,,GAMBA,37550-001,GASOLINA,12/01/2023,4.79,,R$ / litro,BRANCA,2023-11-21
SE,MG,POUSO ALEGRE,AUTO POSTO PETROALEGRE LTDA,03.887.385/0001-49,AVENIDA ANTONIO MARIOSA,3245,,JARDIM YARA,37550-001,ETANOL,12/01/2023,3.69,,R$ / litro,BRANCA,2023-11-21
SE,MG,POUSO ALEGRE,AUTO POSTO PETROALEGRE LTDA,03.887.385/0001-49,AVENIDA ANTONIO MARIOSA,3245,,JARDIM YARA,37550-001,DIESEL S10,12/01/2023,6.27,,R$ / litro,BRANCA,2023-11-21
SE,MG,POUSO ALEGRE,AUTO POSTO PETROALEGRE LTDA,03.887.385/0001-49,AVENIDA ANTONIO MARIOSA,3245,,JARDIM YARA,37550-001,DIESEL,12/01/2023,6.14,,R$ / litro,BRANCA,2023-11-21
SE,MG,POUSO ALEGRE,AUTO POSTO PETROALEGRE LTDA,03.887.385/0001-49,AVENIDA ANTONIO MARIOSA,3245,,JARDIM YARA,37550-001,GASOLINA,12/01/2023,4.85,,R$ / litro,BRANCA,2023-11-21
SE,MG,POUSO ALEGRE,POSTO GLORIA II LTDA,03.709.278/0001-20,RUA COMENDADOR JOSE GARCIA,502,,CENTRO,37550-000,ETANOL,12/01/2023,3.95,,R$ / litro,RAIZEN,2023-11-21
SE,MG,POUSO ALEGRE,POSTO GLORIA II LTDA,03.709.278/0001-20,RUA COMENDADOR JOSE GARCIA,502,,CENTRO,37550-000,GASOLINA,12/01/2023,4.95,,R$ / litro,RAIZEN,2023-11-21
SE,MG,SAO JOAO DEL REI,ORGANIZACOES TEXAS LTDA,00.786.662/0001-39,PRACA DOS EXPEDICIONARIOS,11,,CENTRO,36307-370,ETANOL,12/01/2023,3.88,,R$ / litro,RAIZEN,2023-11-21
SE,MG,SAO JOAO DEL REI,ORGANIZACOES TEXAS LTDA,00.786.662/0001-39,PRACA DOS EXPEDICIONARIOS,11,,CENTRO,36307-370,GASOLINA ADITIVADA,12/01/2023,5.33,,R$ / litro,RAIZEN,2023-11-21
SE,MG,SAO JOAO DEL REI,ORGANIZACOES TEXAS LTDA,00.786.662/0001-39,PRACA DOS EXPEDICIONARIOS,11,,CENTRO,36307-370,GASOLINA,12/01/2023,4.93,,R$ / litro,RAIZEN,2023-11-21
SE,MG,SAO JOAO DEL REI,MASTER COMERCIO DERIVADOS DE PETROLEO LTDA,01.372.378/0001-89,AVENIDA JOSUE DE QUEIROZ,563,,MATOSINHOS,36305-146,ETANOL,12/01/2023,4.33,,R$ / litro,IPIRANGA,2023-11-21
SE,MG,SAO JOAO DEL REI,MASTER COMERCIO DERIVADOS DE PETROLEO LTDA,01.372.378/0001-89,AVENIDA JOSUE DE QUEIROZ,563,,MATOSINHOS,36305-146,DIESEL S10,12/01/2023,6.43,,R$ / litro,IPIRANGA,2023-11-21
SE,MG,SAO JOAO DEL REI,MASTER COMERCIO DERIVADOS DE PETROLEO LTDA,01.372.378/0001-89,AVENIDA JOSUE DE QUEIROZ,563,,MATOSINHOS,36305-146,GASOLINA ADITIVADA,12/01/2023,5.42,,R$ / litro,IPIRANGA,2023-11-21
SE,MG,SAO JOAO DEL REI,MASTER COMERCIO DERIVADOS DE PETROLEO LTDA,01.372.378/0001-89,AVENIDA JOSUE DE QUEIROZ,563,,MATOSINHOS,36305-146,GASOLINA,12/01/2023,5.02,,R$ / litro,IPIRANGA,2023-11-21
SE,MG,SAO JOAO DEL REI,POSTO BARRA DEZ LTDA,05.014.395/0001-03,AVENIDA TRINTA E UM DE MARCO,860,,COLONIA DO MARCAL,36302-016,ETANOL,11/01/2023,3.99,,R$ / litro,ALESAT,2023-11-21
SE,MG,SAO JOAO DEL REI,POSTO BARRA DEZ LTDA,05.014.395/0001-03,AVENIDA TRINTA E UM DE MARCO,860,,COLONIA DO MARCAL,36302-016,DIESEL S10,11/01/2023,6.29,,R$ / litro,ALESAT,2023-11-21
SE,MG,SAO JOAO DEL REI,POSTO BARRA DEZ LTDA,05.014.395/0001-03,AVENIDA TRINTA E UM DE MARCO,860,,COLONIA DO MARCAL,36302-016,DIESEL,11/01/2023,6.19,,R$ / litro,ALESAT,2023-11-21
SE,MG,SAO JOAO DEL REI,POSTO BARRA DEZ LTDA,05.014.395/0001-03,AVENIDA TRINTA E UM DE MARCO,860,,COLONIA DO MARCAL,36302-016,GASOLINA,11/01/2023,4.95,,R$ / litro,ALESAT,2023-11-21
SE,MG,SAO JOAO DEL REI,AUTO POSTO CANADA LTDA EPP,02.644.577/0001-61,AVENIDA 31 DE MARÇO,30,,COLONIA DO MARÇAL,36300-000,ETANOL,12/01/2023,4.18,,R$ / litro,ALESAT,2023-11-21
SE,MG,SAO JOAO DEL REI,AUTO POSTO CANADA LTDA EPP,02.644.577/0001-61,AVENIDA 31 DE MARÇO,30,,COLONIA DO MARÇAL,36300-000,DIESEL S10,12/01/2023,6.71,,R$ / litro,ALESAT,2023-11-21
SE,MG,SAO JOAO DEL REI,AUTO POSTO CANADA LTDA EPP,02.644.577/0001-61,AVENIDA 31 DE MARÇO,30,,COLONIA DO MARÇAL,36300-000,DIESEL,12/01/2023,6.6,,R$ / litro,ALESAT,2023-11-21
SE,MG,SAO JOAO DEL REI,AUTO POSTO CANADA LTDA EPP,02.644.577/0001-61,AVENIDA 31 DE MARÇO,30,,COLONIA DO MARÇAL,36300-000,GASOLINA,12/01/2023,5.2,,R$ / litro,ALESAT,2023-11-21
SE,MG,SAO JOAO DEL REI,MAXXI COMERCIO DE DERIVADOS DE PETROLEO LTDA,02.599.412/0001-15,RUA MARIA TERESA,111,,CENTRO,36300-195,ETANOL,12/01/2023,3.88,,R$ / litro,BRANCA,2023-11-21
SE,MG,SAO JOAO DEL REI,MAXXI COMERCIO DE DERIVADOS DE PETROLEO LTDA,02.599.412/0001-15,RUA MARIA TERESA,111,,CENTRO,36300-195,DIESEL S10,12/01/2023,6.39,,R$ / litro,BRANCA,2023-11-21
SE,MG,SAO JOAO DEL REI,MAXXI COMERCIO DE DERIVADOS DE PETROLEO LTDA,02.599.412/0001-15,RUA MARIA TERESA,111,,CENTRO,36300-195,GASOLINA ADITIVADA,12/01/2023,4.93,,R$ / litro,BRANCA,2023-11-21
SE,MG,SAO JOAO DEL REI,MAXXI COMERCIO DE DERIVADOS DE PETROLEO LTDA,02.599.412/0001-15,RUA MARIA TERESA,111,,CENTRO,36300-195,GASOLINA,12/01/2023,4.93,,R$ / litro,BRANCA,2023-11-21
SE,MG,SAO SEBASTIAO DO PARAISO,JACARE AUTO POSTO LTDA,20.423.562/0001-55,AVENIDA OLIVEIRA REZENDE,1016,,CENTRO,37950-000,ETANOL,10/01/2023,4.19,,R$ / litro,IPIRANGA,2023-11-21
SE,MG,SAO SEBASTIAO DO PARAISO,JACARE AUTO POSTO LTDA,20.423.562/0001-55,AVENIDA OLIVEIRA REZENDE,1016,,CENTRO,37950-000,DIESEL S10,10/01/2023,6.46,,R$ / litro,IPIRANGA,2023-11-21
SE,MG,SAO SEBASTIAO DO PARAISO,JACARE AUTO POSTO LTDA,20.423.562/0001-55,AVENIDA OLIVEIRA REZENDE,1016,,CENTRO,37950-000,DIESEL,10/01/2023,6.34,,R$ / litro,IPIRANGA,2023-11-21
SE,MG,SAO SEBASTIAO DO PARAISO,JACARE AUTO POSTO LTDA,20.423.562/0001-55,AVENIDA OLIVEIRA REZENDE,1016,,CENTRO,37950-000,GASOLINA,10/01/2023,5.29,,R$ / litro,IPIRANGA,2023-11-21
SE,MG,SAO SEBASTIAO DO PARAISO,SAMAMBAIA AUTO POSTO LTDA,17.618.091/0001-26,AVENIDA MONSENHOR MANCINI,S/N,,VIDA DALVA,37950-000,ETANOL,10/01/2023,3.99,,R$ / litro,IPIRANGA,2023-11-21
SE,MG,SAO SEBASTIAO DO PARAISO,SAMAMBAIA AUTO POSTO LTDA,17.618.091/0001-26,AVENIDA MONSENHOR MANCINI,S/N,,VIDA DALVA,37950-000,DIESEL S10,10/01/2023,6.29,,R$ / litro,IPIRANGA,2023-11-21
SE,MG,SAO SEBASTIAO DO PARAISO,SAMAMBAIA AUTO POSTO LTDA,17.618.091/0001-26,AVENIDA MONSENHOR MANCINI,S/N,,VIDA DALVA,37950-000,DIESEL,10/01/2023,6.19,,R$ / litro,IPIRANGA,2023-11-21
SE,MG,SAO SEBASTIAO DO PARAISO,SAMAMBAIA AUTO POSTO LTDA,17.618.091/0001-26,AVENIDA MONSENHOR MANCINI,S/N,,VIDA DALVA,37950-000,GASOLINA ADITIVADA,10/01/2023,5.39,,R$ / litro,IPIRANGA,2023-11-21
SE,MG,SAO SEBASTIAO DO PARAISO,SAMAMBAIA AUTO POSTO LTDA,17.618.091/0001-26,AVENIDA MONSENHOR MANCINI,S/N,,VIDA DALVA,37950-000,GASOLINA,10/01/2023,5.29,,R$ / litro,IPIRANGA,2023-11-21
SE,MG,SETE LAGOAS,REDE SANTANA COMBUSTIVEIS E GNV SETE LAGOAS LTDA,04.305.250/0001-90,AVENIDA DR. RENATO AZEREDO,2299,,CHACARA DO PAIVA,35700-312,ETANOL,09/01/2023,3.82,,R$ / litro,BRANCA,2023-11-21
SE,MG,SETE LAGOAS,REDE SANTANA COMBUSTIVEIS E GNV SETE LAGOAS LTDA,04.305.250/0001-90,AVENIDA DR. RENATO AZEREDO,2299,,CHACARA DO PAIVA,35700-312,DIESEL S10,09/01/2023,6.04,,R$ / litro,BRANCA,2023-11-21
SE,MG,SETE LAGOAS,REDE SANTANA COMBUSTIVEIS E GNV SETE LAGOAS LTDA,04.305.250/0001-90,AVENIDA DR. RENATO AZEREDO,2299,,CHACARA DO PAIVA,35700-312,GASOLINA ADITIVADA,09/01/2023,4.93,,R$ / litro,BRANCA,2023-11-21
SE,MG,SETE LAGOAS,REDE SANTANA COMBUSTIVEIS E GNV SETE LAGOAS LTDA,04.305.250/0001-90,AVENIDA DR. RENATO AZEREDO,2299,,CHACARA DO PAIVA,35700-312,GASOLINA,09/01/2023,4.83,,R$ / litro,BRANCA,2023-11-21
SE,MG,SETE LAGOAS,REDE SANTANA COMBUSTIVEIS E GNV SETE LAGOAS LTDA,04.305.250/0001-90,AVENIDA DR. RENATO AZEREDO,2299,,CHACARA DO PAIVA,35700-312,GNV,09/01/2023,4.85,,R$ / m³,BRANCA,2023-11-21
SE,MG,SETE LAGOAS,IRMAOS SILVA S/A,21.012.190/0022-61,RUA ANTONIO OLINTO,565,,CENTRO,35700-002,ETANOL,09/01/2023,4.09,,R$ / litro,RAIZEN,2023-11-21
SE,MG,SETE LAGOAS,IRMAOS SILVA S/A,21.012.190/0022-61,RUA ANTONIO OLINTO,565,,CENTRO,35700-002,DIESEL S10,09/01/2023,6.09,,R$ / litro,RAIZEN,2023-11-21
SE,MG,SETE LAGOAS,IRMAOS SILVA S/A,21.012.190/0022-61,RUA ANTONIO OLINTO,565,,CENTRO,35700-002,GASOLINA ADITIVADA,09/01/2023,4.89,,R$ / litro,RAIZEN,2023-11-21
SE,MG,SETE LAGOAS,IRMAOS SILVA S/A,21.012.190/0022-61,RUA ANTONIO OLINTO,565,,CENTRO,35700-002,GASOLINA,09/01/2023,4.89,,R$ / litro,RAIZEN,2023-11-21
SE,MG,SETE LAGOAS,AUTO POSTO DA SERRA LTDA,00.761.829/0001-07,RUA BENEDITO VALADARES,576,,CENTRO,35700-055,ETANOL,11/01/2023,3.85,,R$ / litro,BRANCA,2023-11-21
SE,MG,SETE LAGOAS,AUTO POSTO DA SERRA LTDA,00.761.829/0001-07,RUA BENEDITO VALADARES,576,,CENTRO,35700-055,DIESEL,11/01/2023,5.95,,R$ / litro,BRANCA,2023-11-21
SE,MG,SETE LAGOAS,AUTO POSTO DA SERRA LTDA,00.761.829/0001-07,RUA BENEDITO VALADARES,576,,CENTRO,35700-055,GASOLINA,11/01/2023,4.85,,R$ / litro,BRANCA,2023-11-21
SE,MG,SETE LAGOAS,POSTO TRES PODERES LTDA,16.941.734/0001-05,RODOVIA BR 040,S/N,KM 471,ELDORADO,35701-482,ETANOL,09/01/2023,4.14,,R$ / litro,IPIRANGA,2023-11-21
SE,MG,SETE LAGOAS,POSTO TRES PODERES LTDA,16.941.734/0001-05,RODOVIA BR 040,S/N,KM 471,ELDORADO,35701-482,DIESEL S10,09/01/2023,6.15,,R$ / litro,IPIRANGA,2023-11-21
SE,MG,SETE LAGOAS,POSTO TRES PODERES LTDA,16.941.734/0001-05,RODOVIA BR 040,S/N,KM 471,ELDORADO,35701-482,DIESEL,09/01/2023,6.06,,R$ / litro,IPIRANGA,2023-11-21
SE,MG,SETE LAGOAS,POSTO TRES PODERES LTDA,16.941.734/0001-05,RODOVIA BR 040,S/N,KM 471,ELDORADO,35701-482,GASOLINA ADITIVADA,09/01/2023,4.99,,R$ / litro,IPIRANGA,2023-11-21
SE,MG,SETE LAGOAS,POSTO TRES PODERES LTDA,16.941.734/0001-05,RODOVIA BR 040,S/N,KM 471,ELDORADO,35701-482,GASOLINA,09/01/2023,4.99,,R$ / litro,IPIRANGA,2023-11-21
SE,MG,SETE LAGOAS,AUTO PECAS ABREU TEIXEIRA LTDA,24.988.032/0001-05,RUA PAULO FRONTIN,434,,CENTRO,35700-049,ETANOL,09/01/2023,4.09,,R$ / litro,RAIZEN,2023-11-21
SE,MG,SETE LAGOAS,AUTO PECAS ABREU TEIXEIRA LTDA,24.988.032/0001-05,RUA PAULO FRONTIN,434,,CENTRO,35700-049,GASOLINA ADITIVADA,09/01/2023,5.19,,R$ / litro,RAIZEN,2023-11-21
SE,MG,SETE LAGOAS,AUTO PECAS ABREU TEIXEIRA LTDA,24.988.032/0001-05,RUA PAULO FRONTIN,434,,CENTRO,35700-049,GASOLINA,09/01/2023,4.99,,R$ / litro,RAIZEN,2023-11-21
SE,MG,SETE LAGOAS,COOPERATIVA REG DE PRODUTORES RURAIS DE S LAGOAS LTDA,24.989.477/0006-14,PRACA BARAO DO RIO BRANCO,80,,CENTRO,35700-029,ETANOL,09/01/2023,3.99,,R$ / litro,ALESAT,2023-11-21
SE,MG,SETE LAGOAS,COOPERATIVA REG DE PRODUTORES RURAIS DE S LAGOAS LTDA,24.989.477/0006-14,PRACA BARAO DO RIO BRANCO,80,,CENTRO,35700-029,DIESEL S10,09/01/2023,6.39,,R$ / litro,ALESAT,2023-11-21
SE,MG,SETE LAGOAS,COOPERATIVA REG DE PRODUTORES RURAIS DE S LAGOAS LTDA,24.989.477/0006-14,PRACA BARAO DO RIO BRANCO,80,,CENTRO,35700-029,DIESEL,09/01/2023,6.29,,R$ / litro,ALESAT,2023-11-21
SE,MG,SETE LAGOAS,COOPERATIVA REG DE PRODUTORES RURAIS DE S LAGOAS LTDA,24.989.477/0006-14,PRACA BARAO DO RIO BRANCO,80,,CENTRO,35700-029,GASOLINA,09/01/2023,4.88,,R$ / litro,ALESAT,2023-11-21
SE,MG,SETE LAGOAS,POSTO MAMORE LTDA,22.046.452/0001-47,RUA SANTA JULIANA,3628,,,35701-004,ETANOL,10/01/2023,3.85,,R$ / litro,BRANCA,2023-11-21
SE,MG,SETE LAGOAS,POSTO MAMORE LTDA,22.046.452/0001-47,RUA SANTA JULIANA,3628,,,35701-004,DIESEL S10,10/01/2023,6.09,,R$ / litro,BRANCA,2023-11-21
SE,MG,SETE LAGOAS,POSTO MAMORE LTDA,22.046.452/0001-47,RUA SANTA JULIANA,3628,,,35701-004,DIESEL,10/01/2023,5.95,,R$ / litro,BRANCA,2023-11-21
SE,MG,SETE LAGOAS,POSTO MAMORE LTDA,22.046.452/0001-47,RUA SANTA JULIANA,3628,,,35701-004,GASOLINA,10/01/2023,4.85,,R$ / litro,BRANCA,2023-11-21
SE,MG,SETE LAGOAS,VITTORIAM LTDA,04.686.253/0001-11,RUA CORONEL ANTONIO ANDRADE,1142,,SÃO GERALDO,35700-193,ETANOL,09/01/2023,3.89,,R$ / litro,BRANCA,2023-11-21
SE,MG,SETE LAGOAS,VITTORIAM LTDA,04.686.253/0001-11,RUA CORONEL ANTONIO ANDRADE,1142,,SÃO GERALDO,35700-193,DIESEL,09/01/2023,5.94,,R$ / litro,BRANCA,2023-11-21
SE,MG,SETE LAGOAS,VITTORIAM LTDA,04.686.253/0001-11,RUA CORONEL ANTONIO ANDRADE,1142,,SÃO GERALDO,35700-193,GASOLINA,09/01/2023,4.89,,R$ / litro,BRANCA,2023-11-21
SE,MG,SETE LAGOAS,AUTO POSTO MILENIO LTDA,03.339.647/0001-30,RUA PAULO FRONTIN,937,,CENTRO,35700-049,ETANOL,09/01/2023,3.84,,R$ / litro,BRANCA,2023-11-21
SE,MG,SETE LAGOAS,AUTO POSTO MILENIO LTDA,03.339.647/0001-30,RUA PAULO FRONTIN,937,,CENTRO,35700-049,DIESEL,09/01/2023,5.94,,R$ / litro,BRANCA,2023-11-21
SE,MG,SETE LAGOAS,AUTO POSTO MILENIO LTDA,03.339.647/0001-30,RUA PAULO FRONTIN,937,,CENTRO,35700-049,GASOLINA,09/01/2023,4.84,,R$ / litro,BRANCA,2023-11-21
SE,MG,TIMOTEO,COMERCIAL DE COMBUSTIVEIS VERANEIO LTDA,08.620.663/0001-10,RUA DEZESSEIS,44,,PRIMAVERA,35182-483,ETANOL,12/01/2023,4.05,,R$ / litro,ALESAT,2023-11-21
SE,MG,TIMOTEO,COMERCIAL DE COMBUSTIVEIS VERANEIO LTDA,08.620.663/0001-10,RUA DEZESSEIS,44,,PRIMAVERA,35182-483,DIESEL,12/01/2023,6.05,,R$ / litro,ALESAT,2023-11-21
SE,MG,TIMOTEO,COMERCIAL DE COMBUSTIVEIS VERANEIO LTDA,08.620.663/0001-10,RUA DEZESSEIS,44,,PRIMAVERA,35182-483,GASOLINA ADITIVADA,12/01/2023,5.05,,R$ / litro,ALESAT,2023-11-21
SE,MG,TIMOTEO,COMERCIAL DE COMBUSTIVEIS VERANEIO LTDA,08.620.663/0001-10,RUA DEZESSEIS,44,,PRIMAVERA,35182-483,GASOLINA,12/01/2023,4.92,,R$ / litro,ALESAT,2023-11-21
SE,MG,UBERLANDIA,OLIVEIRA CARNEIRO COMERCIO DE COMBUSTIVEIS LTDA,07.857.349/0001-93,PRACA CLARINDA DE FREITAS,375,,PRESIDENTE ROOSEVELT,38401-081,DIESEL S10,10/01/2023,6.09,,R$ / litro,BRANCA,2023-11-21
SE,MG,UBERLANDIA,OLIVEIRA CARNEIRO COMERCIO DE COMBUSTIVEIS LTDA,07.857.349/0001-93,PRACA CLARINDA DE FREITAS,375,,PRESIDENTE ROOSEVELT,38401-081,DIESEL,10/01/2023,5.99,,R$ / litro,BRANCA,2023-11-21
SE,MG,UBERLANDIA,OLIVEIRA CARNEIRO COMERCIO DE COMBUSTIVEIS LTDA,07.857.349/0001-93,PRACA CLARINDA DE FREITAS,375,,PRESIDENTE ROOSEVELT,38401-081,GASOLINA ADITIVADA,10/01/2023,4.89,,R$ / litro,BRANCA,2023-11-21
SE,MG,UBERLANDIA,OLIVEIRA CARNEIRO COMERCIO DE COMBUSTIVEIS LTDA,07.857.349/0001-93,PRACA CLARINDA DE FREITAS,375,,PRESIDENTE ROOSEVELT,38401-081,GASOLINA,10/01/2023,4.89,,R$ / litro,BRANCA,2023-11-21
SE,MG,UBERLANDIA,OLIVEIRA CARNEIRO COMERCIO DE COMBUSTIVEIS LTDA,07.857.349/0001-93,PRACA CLARINDA DE FREITAS,375,,PRESIDENTE ROOSEVELT,38401-081,ETANOL,10/01/2023,3.79,,R$ / litro,BRANCA,2023-11-21
SE,MG,UBERLANDIA,VDK COMERCIO DE COMBUSTIVEIS LTDA,05.363.398/0001-44,AVENIDA JOAO NAVES DE AVILA,3400,,SANTA MONICA,38408-144,GASOLINA ADITIVADA,10/01/2023,4.97,,R$ / litro,IPIRANGA,2023-11-21
SE,MG,UBERLANDIA,JR COMERCIO DE COMBUSTIVEIS E CONVENIENCIA LTDA,08.575.903/0001-02,AVENIDA FLORIANO PEIXOTO,2251,,BRASIL,38400-702,ETANOL,11/01/2023,3.79,,R$ / litro,RAIZEN,2023-11-21
SE,MG,UBERLANDIA,JR COMERCIO DE COMBUSTIVEIS E CONVENIENCIA LTDA,08.575.903/0001-02,AVENIDA FLORIANO PEIXOTO,2251,,BRASIL,38400-702,DIESEL S10,11/01/2023,6.29,,R$ / litro,RAIZEN,2023-11-21
SE,MG,UBERLANDIA,JR COMERCIO DE COMBUSTIVEIS E CONVENIENCIA LTDA,08.575.903/0001-02,AVENIDA FLORIANO PEIXOTO,2251,,BRASIL,38400-702,GASOLINA ADITIVADA,11/01/2023,5.09,,R$ / litro,RAIZEN,2023-11-21
SE,MG,UBERLANDIA,JR COMERCIO DE COMBUSTIVEIS E CONVENIENCIA LTDA,08.575.903/0001-02,AVENIDA FLORIANO PEIXOTO,2251,,BRASIL,38400-702,GASOLINA,11/01/2023,4.84,,R$ / litro,RAIZEN,2023-11-21
SE,MG,UBERLANDIA,C.R.A COMERCIO E DERIVADOS DE PETROLEO LDA,08.397.016/0001-91,AVENIDA CESARIO ALVIM,946,,APARECIDA,38400-694,DIESEL,11/01/2023,6.39,,R$ / litro,ALESAT,2023-11-21
SE,MG,UBERLANDIA,C.R.A COMERCIO E DERIVADOS DE PETROLEO LDA,08.397.016/0001-91,AVENIDA CESARIO ALVIM,946,,APARECIDA,38400-694,GASOLINA ADITIVADA,11/01/2023,5.09,,R$ / litro,ALESAT,2023-11-21
SE,MG,UBERLANDIA,C.R.A COMERCIO E DERIVADOS DE PETROLEO LDA,08.397.016/0001-91,AVENIDA CESARIO ALVIM,946,,APARECIDA,38400-694,GASOLINA,11/01/2023,4.99,,R$ / litro,ALESAT,2023-11-21
SE,MG,UBERLANDIA,GAR COMBUSTIVEIS LTDA,07.441.809/0001-06,AVENIDA SEME SIMAO,1980,,LOTEAMENTO JARDIM BOTANICO BAIRRO GRANADA,38410-094,ETANOL,10/01/2023,3.89,,R$ / litro,IPIRANGA,2023-11-21
SE,MG,UBERLANDIA,GAR COMBUSTIVEIS LTDA,07.441.809/0001-06,AVENIDA SEME SIMAO,1980,,LOTEAMENTO JARDIM BOTANICO BAIRRO GRANADA,38410-094,DIESEL,10/01/2023,6.69,,R$ / litro,IPIRANGA,2023-11-21
SE,MG,UBERLANDIA,GAR COMBUSTIVEIS LTDA,07.441.809/0001-06,AVENIDA SEME SIMAO,1980,,LOTEAMENTO JARDIM BOTANICO BAIRRO GRANADA,38410-094,GASOLINA ADITIVADA,10/01/2023,4.99,,R$ / litro,IPIRANGA,2023-11-21
SE,MG,UBERLANDIA,GAR COMBUSTIVEIS LTDA,07.441.809/0001-06,AVENIDA SEME SIMAO,1980,,LOTEAMENTO JARDIM BOTANICO BAIRRO GRANADA,38410-094,GASOLINA,10/01/2023,4.89,,R$ / litro,IPIRANGA,2023-11-21
SE,MG,UBERLANDIA,URSA MAIOR DERIVADOS DE PETROLEO LTDA,07.586.114/0001-04,AVENIDA AFONSO PENA,1111,,APARECIDA,38400-706,DIESEL S10,11/01/2023,6.29,,R$ / litro,IPIRANGA,2023-11-21
SE,MG,UBERLANDIA,URSA MAIOR DERIVADOS DE PETROLEO LTDA,07.586.114/0001-04,AVENIDA AFONSO PENA,1111,,APARECIDA,38400-706,GASOLINA ADITIVADA,11/01/2023,4.95,,R$ / litro,IPIRANGA,2023-11-21
SE,MG,UBERLANDIA,AUTO POSTO VALOR LTDA,06.925.627/0001-30,AVENIDA JOAO NAVES DE AVILA,4555,,SANTA MONICA,38408-144,DIESEL S10,10/01/2023,6.39,,R$ / litro,IPIRANGA,2023-11-21
SE,MG,UBERLANDIA,AUTO POSTO VALOR LTDA,06.925.627/0001-30,AVENIDA JOAO NAVES DE AVILA,4555,,SANTA MONICA,38408-144,DIESEL,10/01/2023,6.29,,R$ / litro,IPIRANGA,2023-11-21
SE,MG,UBERLANDIA,AUTO POSTO VALOR LTDA,06.925.627/0001-30,AVENIDA JOAO NAVES DE AVILA,4555,,SANTA MONICA,38408-144,GASOLINA ADITIVADA,10/01/2023,5.19,,R$ / litro,IPIRANGA,2023-11-21
SE,MG,UBERLANDIA,AUTO POSTO 81 LTDA,06.090.064/0001-07,AVENIDA CESARIO ALVIM,81,,CENTRO,38400-096,ETANOL,11/01/2023,3.79,,R$ / litro,IPIRANGA,2023-11-21
SE,MG,UBERLANDIA,AUTO POSTO 81 LTDA,06.090.064/0001-07,AVENIDA CESARIO ALVIM,81,,CENTRO,38400-096,GASOLINA ADITIVADA,11/01/2023,4.99,,R$ / litro,IPIRANGA,2023-11-21
SE,MG,UBERLANDIA,AUTO POSTO 81 LTDA,06.090.064/0001-07,AVENIDA CESARIO ALVIM,81,,CENTRO,38400-096,GASOLINA,11/01/2023,4.89,,R$ / litro,IPIRANGA,2023-11-21
SE,MG,UBERLANDIA,AUTO POSTO 2 M LTDA,03.201.848/0001-77,AVENIDA GETULIO VARGAS,1316,,MARTINS,38400-434,ETANOL,10/01/2023,3.78,,R$ / litro,RAIZEN,2023-11-21
SE,MG,UBERLANDIA,AUTO POSTO 2 M LTDA,03.201.848/0001-77,AVENIDA GETULIO VARGAS,1316,,MARTINS,38400-434,DIESEL S10,10/01/2023,6.39,,R$ / litro,RAIZEN,2023-11-21
SE,MG,UBERLANDIA,AUTO POSTO 2 M LTDA,03.201.848/0001-77,AVENIDA GETULIO VARGAS,1316,,MARTINS,38400-434,GASOLINA ADITIVADA,10/01/2023,5.33,,R$ / litro,RAIZEN,2023-11-21
SE,MG,UBERLANDIA,AUTO POSTO 2 M LTDA,03.201.848/0001-77,AVENIDA GETULIO VARGAS,1316,,MARTINS,38400-434,GASOLINA,10/01/2023,4.88,,R$ / litro,RAIZEN,2023-11-21
SE,MG,UBERLANDIA,AUTO POSTO VIEIRA E MARTINS LTDA,05.072.757/0001-04,AVENIDA JOAO NAVES DE AVILA,"7,066",A,SANTA MONICA,38408-680,ETANOL,10/01/2023,3.75,,R$ / litro,BRANCA,2023-11-21
SE,MG,UBERLANDIA,AUTO POSTO VIEIRA E MARTINS LTDA,05.072.757/0001-04,AVENIDA JOAO NAVES DE AVILA,"7,066",A,SANTA MONICA,38408-680,DIESEL S10,10/01/2023,5.99,,R$ / litro,BRANCA,2023-11-21
SE,MG,UBERLANDIA,AUTO POSTO VIEIRA E MARTINS LTDA,05.072.757/0001-04,AVENIDA JOAO NAVES DE AVILA,"7,066",A,SANTA MONICA,38408-680,DIESEL,10/01/2023,5.93,,R$ / litro,BRANCA,2023-11-21
SE,MG,UBERLANDIA,AUTO POSTO VIEIRA E MARTINS LTDA,05.072.757/0001-04,AVENIDA JOAO NAVES DE AVILA,"7,066",A,SANTA MONICA,38408-680,GASOLINA ADITIVADA,10/01/2023,5.08,,R$ / litro,BRANCA,2023-11-21
SE,MG,UBERLANDIA,AUTO POSTO VIEIRA E MARTINS LTDA,05.072.757/0001-04,AVENIDA JOAO NAVES DE AVILA,"7,066",A,SANTA MONICA,38408-680,GASOLINA,10/01/2023,4.85,,R$ / litro,BRANCA,2023-11-21
SE,MG,UBERLANDIA,POSTO 6 LTDA,04.471.418/0001-38,AVENIDA TAYLOR SILVA,824,,PARQUE GUARANI III,38415-402,ETANOL,09/01/2023,3.69,,R$ / litro,BRANCA,2023-11-21
SE,MG,UBERLANDIA,POSTO 6 LTDA,04.471.418/0001-38,AVENIDA TAYLOR SILVA,824,,PARQUE GUARANI III,38415-402,DIESEL S10,09/01/2023,5.89,,R$ / litro,BRANCA,2023-11-21
SE,MG,UBERLANDIA,POSTO 6 LTDA,04.471.418/0001-38,AVENIDA TAYLOR SILVA,824,,PARQUE GUARANI III,38415-402,DIESEL,09/01/2023,5.79,,R$ / litro,BRANCA,2023-11-21
SE,MG,UBERLANDIA,POSTO 6 LTDA,04.471.418/0001-38,AVENIDA TAYLOR SILVA,824,,PARQUE GUARANI III,38415-402,GASOLINA ADITIVADA,09/01/2023,4.89,,R$ / litro,BRANCA,2023-11-21
SE,MG,UBERLANDIA,POSTO 6 LTDA,04.471.418/0001-38,AVENIDA TAYLOR SILVA,824,,PARQUE GUARANI III,38415-402,GASOLINA,09/01/2023,4.77,,R$ / litro,BRANCA,2023-11-21
SE,MG,UBERLANDIA,PETROCARMO DISTRIBUIDORA DE PETROLEO LTDA,04.377.207/0001-30,PRACA LINCOLN,153,,PRESIDENTE ROOSEVELT,38401-046,ETANOL,10/01/2023,3.79,,R$ / litro,IPIRANGA,2023-11-21
SE,MG,UBERLANDIA,PETROCARMO DISTRIBUIDORA DE PETROLEO LTDA,04.377.207/0001-30,PRACA LINCOLN,153,,PRESIDENTE ROOSEVELT,38401-046,DIESEL S10,10/01/2023,6.19,,R$ / litro,IPIRANGA,2023-11-21
SE,MG,UBERLANDIA,PETROCARMO DISTRIBUIDORA DE PETROLEO LTDA,04.377.207/0001-30,PRACA LINCOLN,153,,PRESIDENTE ROOSEVELT,38401-046,GASOLINA,10/01/2023,4.89,,R$ / litro,IPIRANGA,2023-11-21
SE,MG,UBERLANDIA,AUTO POSTO BIGUA LTDA,03.817.826/0001-36,AVENIDA JOAO PESSOA,1180,,BOM JESUS,38405-324,ETANOL,10/01/2023,3.68,,R$ / litro,BRANCA,2023-11-21
SE,MG,UBERLANDIA,AUTO POSTO BIGUA LTDA,03.817.826/0001-36,AVENIDA JOAO PESSOA,1180,,BOM JESUS,38405-324,DIESEL S10,10/01/2023,6.08,,R$ / litro,BRANCA,2023-11-21
SE,MG,UBERLANDIA,AUTO POSTO BIGUA LTDA,03.817.826/0001-36,AVENIDA JOAO PESSOA,1180,,BOM JESUS,38405-324,DIESEL,10/01/2023,5.94,,R$ / litro,BRANCA,2023-11-21
SE,MG,UBERLANDIA,AUTO POSTO BIGUA LTDA,03.817.826/0001-36,AVENIDA JOAO PESSOA,1180,,BOM JESUS,38405-324,GASOLINA ADITIVADA,10/01/2023,4.99,,R$ / litro,BRANCA,2023-11-21
SE,MG,UBERLANDIA,AUTO POSTO BIGUA LTDA,03.817.826/0001-36,AVENIDA JOAO PESSOA,1180,,BOM JESUS,38405-324,GASOLINA,10/01/2023,4.79,,R$ / litro,BRANCA,2023-11-21
SE,MG,UBERLANDIA,POSTO ANDRADAS LTDA,03.805.145/0001-58,RUA MONTE CARMELO,1202,,MARTINS,38400-470,ETANOL,10/01/2023,3.79,,R$ / litro,VIBRA ENERGIA,2023-11-21
SE,MG,UBERLANDIA,POSTO ANDRADAS LTDA,03.805.145/0001-58,RUA MONTE CARMELO,1202,,MARTINS,38400-470,DIESEL S10,10/01/2023,6.19,,R$ / litro,VIBRA ENERGIA,2023-11-21
SE,MG,UBERLANDIA,POSTO ANDRADAS LTDA,03.805.145/0001-58,RUA MONTE CARMELO,1202,,MARTINS,38400-470,GASOLINA ADITIVADA,10/01/2023,4.99,,R$ / litro,VIBRA ENERGIA,2023-11-21
SE,MG,UBERLANDIA,POSTO ANDRADAS LTDA,03.805.145/0001-58,RUA MONTE CARMELO,1202,,MARTINS,38400-470,GASOLINA,10/01/2023,4.89,,R$ / litro,VIBRA ENERGIA,2023-11-21
SE,MG,UBERLANDIA,POSTO SARAIVA LTDA,02.298.415/0001-19,RUA DUQUE DE CAXIAS,2031,,SARAIVA,38408-382,DIESEL S10,10/01/2023,6.59,,R$ / litro,IPIRANGA,2023-11-21
SE,MG,UBERLANDIA,POSTO SARAIVA LTDA,02.298.415/0001-19,RUA DUQUE DE CAXIAS,2031,,SARAIVA,38408-382,GASOLINA ADITIVADA,10/01/2023,5.09,,R$ / litro,IPIRANGA,2023-11-21
SE,MG,UBERLANDIA,ASA DELTA AUTO POSTO LTDA,01.154.059/0001-05,AVENIDA GETULIO VARGAS,3955,,JARDIM FLORIDA,38400-434,ETANOL,10/01/2023,3.79,,R$ / litro,VIBRA ENERGIA,2023-11-21
SE,MG,UBERLANDIA,ASA DELTA AUTO POSTO LTDA,01.154.059/0001-05,AVENIDA GETULIO VARGAS,3955,,JARDIM FLORIDA,38400-434,DIESEL S10,10/01/2023,6.29,,R$ / litro,VIBRA ENERGIA,2023-11-21
SE,MG,UBERLANDIA,ASA DELTA AUTO POSTO LTDA,01.154.059/0001-05,AVENIDA GETULIO VARGAS,3955,,JARDIM FLORIDA,38400-434,DIESEL,10/01/2023,6.27,,R$ / litro,VIBRA ENERGIA,2023-11-21
SE,MG,UBERLANDIA,ASA DELTA AUTO POSTO LTDA,01.154.059/0001-05,AVENIDA GETULIO VARGAS,3955,,JARDIM FLORIDA,38400-434,GASOLINA ADITIVADA,10/01/2023,4.99,,R$ / litro,VIBRA ENERGIA,2023-11-21
SE,MG,UBERLANDIA,ASA DELTA AUTO POSTO LTDA,01.154.059/0001-05,AVENIDA GETULIO VARGAS,3955,,JARDIM FLORIDA,38400-434,GASOLINA,10/01/2023,4.89,,R$ / litro,VIBRA ENERGIA,2023-11-21
SE,MG,ARAGUARI,RAFA COMERCIO DE COMBUSTIVEIS LTDA,08.171.637/0001-52,RUA JAIME GOMES,91,,CENTRO,38440-074,ETANOL,09/01/2023,3.77,,R$ / litro,BRANCA,2023-11-21
SE,MG,ARAGUARI,RAFA COMERCIO DE COMBUSTIVEIS LTDA,08.171.637/0001-52,RUA JAIME GOMES,91,,CENTRO,38440-074,DIESEL S10,09/01/2023,6.05,,R$ / litro,BRANCA,2023-11-21
SE,MG,ARAGUARI,RAFA COMERCIO DE COMBUSTIVEIS LTDA,08.171.637/0001-52,RUA JAIME GOMES,91,,CENTRO,38440-074,GASOLINA,09/01/2023,4.77,,R$ / litro,BRANCA,2023-11-21
SE,MG,ARAGUARI,AUTO POSTO JL LTDA,06.315.263/0001-76,AVENIDA VEREADOR GERALDO TEODORO,290,,BOSQUE,38446-124,GASOLINA ADITIVADA,09/01/2023,4.99,,R$ / litro,VIBRA ENERGIA,2023-11-21
SE,MG,ARAGUARI,AUTO POSTO JL LTDA,06.315.263/0001-76,AVENIDA VEREADOR GERALDO TEODORO,290,,BOSQUE,38446-124,GASOLINA,09/01/2023,4.89,,R$ / litro,VIBRA ENERGIA,2023-11-21
SE,MG,ARAGUARI,LEAO AUTO POSTO LTDA,02.442.520/0001-80,RUA JOAQUIM BARBOSA,1480,,MILENIUM,38446-146,ETANOL,09/01/2023,3.79,,R$ / litro,ALESAT,2023-11-21
SE,MG,ARAGUARI,LEAO AUTO POSTO LTDA,02.442.520/0001-80,RUA JOAQUIM BARBOSA,1480,,MILENIUM,38446-146,DIESEL S10,09/01/2023,6.49,,R$ / litro,ALESAT,2023-11-21
SE,MG,ARAGUARI,LEAO AUTO POSTO LTDA,02.442.520/0001-80,RUA JOAQUIM BARBOSA,1480,,MILENIUM,38446-146,DIESEL,09/01/2023,6.29,,R$ / litro,ALESAT,2023-11-21
SE,MG,ARAGUARI,LEAO AUTO POSTO LTDA,02.442.520/0001-80,RUA JOAQUIM BARBOSA,1480,,MILENIUM,38446-146,GASOLINA,09/01/2023,4.89,,R$ / litro,ALESAT,2023-11-21
SE,MG,ARAXA,ALBANO DE AZEVEDO E SOUZA & CIA LTDA,03.572.854/0002-11,AVENIDA PEDRO DE PAULA LEMOS,3,,DOMINGOS ZEMA,38181-179,ETANOL,10/01/2023,3.99,,R$ / litro,IPIRANGA,2023-11-21
SE,MG,ARAXA,ALBANO DE AZEVEDO E SOUZA & CIA LTDA,03.572.854/0002-11,AVENIDA PEDRO DE PAULA LEMOS,3,,DOMINGOS ZEMA,38181-179,DIESEL S10,10/01/2023,6.25,,R$ / litro,IPIRANGA,2023-11-21
SE,MG,ARAXA,ALBANO DE AZEVEDO E SOUZA & CIA LTDA,03.572.854/0002-11,AVENIDA PEDRO DE PAULA LEMOS,3,,DOMINGOS ZEMA,38181-179,DIESEL,10/01/2023,6.19,,R$ / litro,IPIRANGA,2023-11-21
SE,MG,ARAXA,ALBANO DE AZEVEDO E SOUZA & CIA LTDA,03.572.854/0002-11,AVENIDA PEDRO DE PAULA LEMOS,3,,DOMINGOS ZEMA,38181-179,GASOLINA,10/01/2023,5.19,,R$ / litro,IPIRANGA,2023-11-21
SE,MG,ARAXA,ALBANO DE AZEVEDO E SOUZA,07.267.256/0001-09,RUA BELO HORIZONTE,674,,CENTRO,38183-146,ETANOL,10/01/2023,3.99,,R$ / litro,VIBRA ENERGIA,2023-11-21
SE,MG,ARAXA,ALBANO DE AZEVEDO E SOUZA,07.267.256/0001-09,RUA BELO HORIZONTE,674,,CENTRO,38183-146,GASOLINA ADITIVADA,10/01/2023,5.25,,R$ / litro,VIBRA ENERGIA,2023-11-21
SE,MG,ARAXA,ALBANO DE AZEVEDO E SOUZA,07.267.256/0001-09,RUA BELO HORIZONTE,674,,CENTRO,38183-146,GASOLINA,10/01/2023,5.15,,R$ / litro,VIBRA ENERGIA,2023-11-21
SE,MG,ARAXA,ALBANO DE AZEVEDO E SOUZA & CIA LTDA,03.572.854/0001-30,AVENIDA DAMASO DRUMOND,975,,VILA SAO PEDRO,38183-063,ETANOL,10/01/2023,3.94,,R$ / litro,IPIRANGA,2023-11-21
SE,MG,ARAXA,ALBANO DE AZEVEDO E SOUZA & CIA LTDA,03.572.854/0001-30,AVENIDA DAMASO DRUMOND,975,,VILA SAO PEDRO,38183-063,DIESEL S10,10/01/2023,6.19,,R$ / litro,IPIRANGA,2023-11-21
SE,MG,ARAXA,ALBANO DE AZEVEDO E SOUZA & CIA LTDA,03.572.854/0001-30,AVENIDA DAMASO DRUMOND,975,,VILA SAO PEDRO,38183-063,DIESEL,10/01/2023,6.09,,R$ / litro,IPIRANGA,2023-11-21
SE,MG,ARAXA,ALBANO DE AZEVEDO E SOUZA & CIA LTDA,03.572.854/0001-30,AVENIDA DAMASO DRUMOND,975,,VILA SAO PEDRO,38183-063,GASOLINA ADITIVADA,10/01/2023,5.19,,R$ / litro,IPIRANGA,2023-11-21
SE,MG,ARAXA,ALBANO DE AZEVEDO E SOUZA & CIA LTDA,03.572.854/0001-30,AVENIDA DAMASO DRUMOND,975,,VILA SAO PEDRO,38183-063,GASOLINA,10/01/2023,5.09,,R$ / litro,IPIRANGA,2023-11-21
SE,MG,ARAXA,MAXDIESEL VEICULOS E PECAS - EIRELI,17.997.479/0009-32,AVENIDA IMBIARA,603,,CENTRO,38180-000,ETANOL,10/01/2023,4.24,,R$ / litro,RAIZEN,2023-11-21
SE,MG,ARAXA,MAXDIESEL VEICULOS E PECAS - EIRELI,17.997.479/0009-32,AVENIDA IMBIARA,603,,CENTRO,38180-000,DIESEL,10/01/2023,6.69,,R$ / litro,RAIZEN,2023-11-21
SE,MG,ARAXA,MAXDIESEL VEICULOS E PECAS - EIRELI,17.997.479/0009-32,AVENIDA IMBIARA,603,,CENTRO,38180-000,GASOLINA ADITIVADA,10/01/2023,5.77,,R$ / litro,RAIZEN,2023-11-21
SE,MG,ARAXA,MAXDIESEL VEICULOS E PECAS - EIRELI,17.997.479/0009-32,AVENIDA IMBIARA,603,,CENTRO,38180-000,GASOLINA,10/01/2023,5.32,,R$ / litro,RAIZEN,2023-11-21
SE,MG,ARAXA,POSTOS ALPA LTDA,02.234.943/0005-38,AVENIDA MINISTRO OLAVO DRUMMOND,500,,AEROPORTO,38180-400,ETANOL,10/01/2023,4.09,,R$ / litro,RAIZEN,2023-11-21
SE,MG,ARAXA,POSTOS ALPA LTDA,02.234.943/0005-38,AVENIDA MINISTRO OLAVO DRUMMOND,500,,AEROPORTO,38180-400,DIESEL S10,10/01/2023,6.19,,R$ / litro,RAIZEN,2023-11-21
SE,MG,ARAXA,POSTOS ALPA LTDA,02.234.943/0005-38,AVENIDA MINISTRO OLAVO DRUMMOND,500,,AEROPORTO,38180-400,DIESEL,10/01/2023,6.09,,R$ / litro,RAIZEN,2023-11-21
SE,MG,ARAXA,POSTOS ALPA LTDA,02.234.943/0005-38,AVENIDA MINISTRO OLAVO DRUMMOND,500,,AEROPORTO,38180-400,GASOLINA ADITIVADA,10/01/2023,5.49,,R$ / litro,RAIZEN,2023-11-21
SE,MG,ARAXA,POSTOS ALPA LTDA,02.234.943/0005-38,AVENIDA MINISTRO OLAVO DRUMMOND,500,,AEROPORTO,38180-400,GASOLINA,10/01/2023,5.19,,R$ / litro,RAIZEN,2023-11-21
SE,MG,BELO HORIZONTE,AGUIA IV COMERCIO DE COMBUSTIVEIS LTDA,07.946.419/0001-80,RUA PARA DE MINAS,320,,PADRE EUSTAQUIO,30730-440,ETANOL,10/01/2023,3.87,,R$ / litro,ALESAT,2023-11-21
SE,MG,BELO HORIZONTE,AGUIA IV COMERCIO DE COMBUSTIVEIS LTDA,07.946.419/0001-80,RUA PARA DE MINAS,320,,PADRE EUSTAQUIO,30730-440,GASOLINA,10/01/2023,4.75,,R$ / litro,ALESAT,2023-11-21
SE,MG,BELO HORIZONTE,POSTO BEAGAS GNV LTDA.,07.434.428/0001-91,AVENIDA DOM PEDRO II,4685,,JARDIM MONTANHES,30730-690,ETANOL,09/01/2023,3.88,,R$ / litro,RAIZEN,2023-11-21
SE,MG,BELO HORIZONTE,POSTO BEAGAS GNV LTDA.,07.434.428/0001-91,AVENIDA DOM PEDRO II,4685,,JARDIM MONTANHES,30730-690,GASOLINA ADITIVADA,09/01/2023,5.18,,R$ / litro,RAIZEN,2023-11-21
SE,MG,BELO HORIZONTE,POSTO BEAGAS GNV LTDA.,07.434.428/0001-91,AVENIDA DOM PEDRO II,4685,,JARDIM MONTANHES,30730-690,GASOLINA,09/01/2023,4.78,,R$ / litro,RAIZEN,2023-11-21
SE,MG,BELO HORIZONTE,POSTO BEAGAS GNV LTDA.,07.434.428/0001-91,AVENIDA DOM PEDRO II,4685,,JARDIM MONTANHES,30730-690,GNV,09/01/2023,4.99,,R$ / m³,RAIZEN,2023-11-21
SE,MG,BELO HORIZONTE,AUTO POSTO VALE LTDA,02.369.525/0001-24,AVENIDA VILARINHO,1146,,VENDA NOVA,31615-250,ETANOL,09/01/2023,3.89,,R$ / litro,RAIZEN,2023-11-21
SE,MG,BELO HORIZONTE,AUTO POSTO VALE LTDA,02.369.525/0001-24,AVENIDA VILARINHO,1146,,VENDA NOVA,31615-250,GASOLINA ADITIVADA,09/01/2023,5.19,,R$ / litro,RAIZEN,2023-11-21
SE,MG,BELO HORIZONTE,AUTO POSTO VALE LTDA,02.369.525/0001-24,AVENIDA VILARINHO,1146,,VENDA NOVA,31615-250,GASOLINA,09/01/2023,4.89,,R$ / litro,RAIZEN,2023-11-21
SE,MG,BELO HORIZONTE,POSTO POETA LTDA,05.577.012/0001-05,AVENIDA DOM PEDRO I,2355,,SAO JOAO BATISTA,31515-300,ETANOL,09/01/2023,3.99,,R$ / litro,VIBRA ENERGIA,2023-11-21
SE,MG,BELO HORIZONTE,POSTO POETA LTDA,05.577.012/0001-05,AVENIDA DOM PEDRO I,2355,,SAO JOAO BATISTA,31515-300,GASOLINA,09/01/2023,4.87,,R$ / litro,VIBRA ENERGIA,2023-11-21
SE,MG,BELO HORIZONTE,POSTO WAP AMAZONAS LTDA.,06.041.725/0001-04,AVENIDA AMAZONAS,5234,,NOVA SUISSA,30421-056,ETANOL,11/01/2023,3.89,,R$ / litro,RAIZEN,2023-11-21
SE,MG,BELO HORIZONTE,POSTO WAP AMAZONAS LTDA.,06.041.725/0001-04,AVENIDA AMAZONAS,5234,,NOVA SUISSA,30421-056,GASOLINA ADITIVADA,11/01/2023,5.19,,R$ / litro,RAIZEN,2023-11-21
SE,MG,BELO HORIZONTE,POSTO WAP AMAZONAS LTDA.,06.041.725/0001-04,AVENIDA AMAZONAS,5234,,NOVA SUISSA,30421-056,GASOLINA,11/01/2023,4.79,,R$ / litro,RAIZEN,2023-11-21
SE,MG,BELO HORIZONTE,POSTO VILA NOSSA SENHORA DE FATIMA LTDA,05.462.748/0001-20,AVENIDA NOSSA SENHORA DE FATIMA,"2,401",,CARLOS PRATES,30710-020,ETANOL,09/01/2023,3.89,,R$ / litro,IPIRANGA,2023-11-21
SE,MG,BELO HORIZONTE,POSTO VILA NOSSA SENHORA DE FATIMA LTDA,05.462.748/0001-20,AVENIDA NOSSA SENHORA DE FATIMA,"2,401",,CARLOS PRATES,30710-020,DIESEL S10,09/01/2023,6.28,,R$ / litro,IPIRANGA,2023-11-21
SE,MG,BELO HORIZONTE,POSTO VILA NOSSA SENHORA DE FATIMA LTDA,05.462.748/0001-20,AVENIDA NOSSA SENHORA DE FATIMA,"2,401",,CARLOS PRATES,30710-020,GASOLINA ADITIVADA,09/01/2023,4.98,,R$ / litro,IPIRANGA,2023-11-21
SE,MG,BELO HORIZONTE,POSTO VILA NOSSA SENHORA DE FATIMA LTDA,05.462.748/0001-20,AVENIDA NOSSA SENHORA DE FATIMA,"2,401",,CARLOS PRATES,30710-020,GASOLINA,09/01/2023,4.78,,R$ / litro,IPIRANGA,2023-11-21
SE,MG,BELO HORIZONTE,POSTO ALLGAS LTDA,05.351.360/0001-51,AVENIDA SARAMENHA,1632,,GUARANI,31840-220,ETANOL,10/01/2023,3.99,,R$ / litro,RAIZEN,2023-11-21
SE,MG,BELO HORIZONTE,POSTO ALLGAS LTDA,05.351.360/0001-51,AVENIDA SARAMENHA,1632,,GUARANI,31840-220,GASOLINA ADITIVADA,10/01/2023,5.28,,R$ / litro,RAIZEN,2023-11-21
SE,MG,BELO HORIZONTE,POSTO ALLGAS LTDA,05.351.360/0001-51,AVENIDA SARAMENHA,1632,,GUARANI,31840-220,GASOLINA,10/01/2023,4.88,,R$ / litro,RAIZEN,2023-11-21
SE,MG,BELO HORIZONTE,POSTO PALHA VERDE LTDA,05.009.866/0001-87,RODOVIA ANEL RODOVIARIO CELSO MELLO AZEVEDO,28500,KM    10,JARDIM VITORIA,31975-275,ETANOL,10/01/2023,3.99,,R$ / litro,IPIRANGA,2023-11-21
SE,MG,BELO HORIZONTE,POSTO PALHA VERDE LTDA,05.009.866/0001-87,RODOVIA ANEL RODOVIARIO CELSO MELLO AZEVEDO,28500,KM    10,JARDIM VITORIA,31975-275,DIESEL S10,10/01/2023,6.26,,R$ / litro,IPIRANGA,2023-11-21
SE,MG,BELO HORIZONTE,POSTO PALHA VERDE LTDA,05.009.866/0001-87,RODOVIA ANEL RODOVIARIO CELSO MELLO AZEVEDO,28500,KM    10,JARDIM VITORIA,31975-275,DIESEL,10/01/2023,6.16,,R$ / litro,IPIRANGA,2023-11-21
SE,MG,BELO HORIZONTE,POSTO PALHA VERDE LTDA,05.009.866/0001-87,RODOVIA ANEL RODOVIARIO CELSO MELLO AZEVEDO,28500,KM    10,JARDIM VITORIA,31975-275,GASOLINA ADITIVADA,10/01/2023,5.19,,R$ / litro,IPIRANGA,2023-11-21
SE,MG,BELO HORIZONTE,POSTO PALHA VERDE LTDA,05.009.866/0001-87,RODOVIA ANEL RODOVIARIO CELSO MELLO AZEVEDO,28500,KM    10,JARDIM VITORIA,31975-275,GASOLINA,10/01/2023,4.99,,R$ / litro,IPIRANGA,2023-11-21
SE,MG,BELO HORIZONTE,POSTO LUPUS ISABEL BUENO LTDA.,02.507.257/0001-60,AVENIDA IZABEL BUENO,139,,VILA IANDAIA,31270-030,ETANOL,10/01/2023,3.87,,R$ / litro,RAIZEN,2023-11-21
SE,MG,BELO HORIZONTE,POSTO LUPUS ISABEL BUENO LTDA.,02.507.257/0001-60,AVENIDA IZABEL BUENO,139,,VILA IANDAIA,31270-030,GASOLINA ADITIVADA,10/01/2023,5.19,,R$ / litro,RAIZEN,2023-11-21
SE,MG,BELO HORIZONTE,POSTO LUPUS ISABEL BUENO LTDA.,02.507.257/0001-60,AVENIDA IZABEL BUENO,139,,VILA IANDAIA,31270-030,GASOLINA,10/01/2023,4.87,,R$ / litro,RAIZEN,2023-11-21
SE,MG,BELO HORIZONTE,POSTO BRUNA LTDA.,00.247.861/0001-79,RODOVIA ANEL RODOVIARIO CELSO MELLO AZEVEDO,11333,,DOM BOSCO,30850-453,ETANOL,10/01/2023,3.99,,R$ / litro,IPIRANGA,2023-11-21
SE,MG,BELO HORIZONTE,POSTO BRUNA LTDA.,00.247.861/0001-79,RODOVIA ANEL RODOVIARIO CELSO MELLO AZEVEDO,11333,,DOM BOSCO,30850-453,DIESEL,10/01/2023,5.97,,R$ / litro,IPIRANGA,2023-11-21
SE,MG,BELO HORIZONTE,POSTO BRUNA LTDA.,00.247.861/0001-79,RODOVIA ANEL RODOVIARIO CELSO MELLO AZEVEDO,11333,,DOM BOSCO,30850-453,GASOLINA,10/01/2023,4.89,,R$ / litro,IPIRANGA,2023-11-21
SE,MG,BELO HORIZONTE,MARLIN EMPREENDIMENTOS LTDA,02.685.478/0001-28,AVENIDA AMERICO VESPUCIO,501,,APARECIDA,31230-240,ETANOL,10/01/2023,3.89,,R$ / litro,VIBRA ENERGIA,2023-11-21
SE,MG,BELO HORIZONTE,MARLIN EMPREENDIMENTOS LTDA,02.685.478/0001-28,AVENIDA AMERICO VESPUCIO,501,,APARECIDA,31230-240,DIESEL S10,10/01/2023,6.29,,R$ / litro,VIBRA ENERGIA,2023-11-21
SE,MG,BELO HORIZONTE,MARLIN EMPREENDIMENTOS LTDA,02.685.478/0001-28,AVENIDA AMERICO VESPUCIO,501,,APARECIDA,31230-240,GASOLINA ADITIVADA,10/01/2023,5.14,,R$ / litro,VIBRA ENERGIA,2023-11-21
SE,MG,BELO HORIZONTE,MARLIN EMPREENDIMENTOS LTDA,02.685.478/0001-28,AVENIDA AMERICO VESPUCIO,501,,APARECIDA,31230-240,GASOLINA,10/01/2023,4.99,,R$ / litro,VIBRA ENERGIA,2023-11-21
SE,MG,BELO HORIZONTE,POSTO BALUARTE LTDA,02.911.786/0001-24,RODOVIA ANEL RODOVIARIO CELSO MELLO AZEVEDO,23750,,EYMARD,31910-585,ETANOL,10/01/2023,3.99,,R$ / litro,RAIZEN,2023-11-21
SE,MG,BELO HORIZONTE,POSTO BALUARTE LTDA,02.911.786/0001-24,RODOVIA ANEL RODOVIARIO CELSO MELLO AZEVEDO,23750,,EYMARD,31910-585,GASOLINA ADITIVADA,10/01/2023,5.29,,R$ / litro,RAIZEN,2023-11-21
SE,MG,BELO HORIZONTE,POSTO BALUARTE LTDA,02.911.786/0001-24,RODOVIA ANEL RODOVIARIO CELSO MELLO AZEVEDO,23750,,EYMARD,31910-585,GASOLINA,10/01/2023,4.89,,R$ / litro,RAIZEN,2023-11-21
SE,MG,BELO HORIZONTE,POSTO AGUIA COMERCIO DE COMBUSTIVEIS LTDA,00.722.792/0001-08,AVENIDA SARAMENHA,1062,,TUPI,31840-220,ETANOL,10/01/2023,3.99,,R$ / litro,RAIZEN,2023-11-21
SE,MG,BELO HORIZONTE,POSTO AGUIA COMERCIO DE COMBUSTIVEIS LTDA,00.722.792/0001-08,AVENIDA SARAMENHA,1062,,TUPI,31840-220,GASOLINA ADITIVADA,10/01/2023,5.28,,R$ / litro,RAIZEN,2023-11-21
SE,MG,BELO HORIZONTE,POSTO AGUIA COMERCIO DE COMBUSTIVEIS LTDA,00.722.792/0001-08,AVENIDA SARAMENHA,1062,,TUPI,31840-220,GASOLINA,10/01/2023,4.88,,R$ / litro,RAIZEN,2023-11-21
SE,MG,BELO HORIZONTE,L. C. EMPREENDIMENTOS LTDA,00.415.374/0001-78,AVENIDA DIS ENGENHEIROS,1620,,CASTELO,30840-300,ETANOL,09/01/2023,3.99,,R$ / litro,VIBRA ENERGIA,2023-11-21
SE,MG,BELO HORIZONTE,L. C. EMPREENDIMENTOS LTDA,00.415.374/0001-78,AVENIDA DIS ENGENHEIROS,1620,,CASTELO,30840-300,DIESEL S10,09/01/2023,6.39,,R$ / litro,VIBRA ENERGIA,2023-11-21
SE,MG,BELO HORIZONTE,L. C. EMPREENDIMENTOS LTDA,00.415.374/0001-78,AVENIDA DIS ENGENHEIROS,1620,,CASTELO,30840-300,DIESEL,09/01/2023,6.29,,R$ / litro,VIBRA ENERGIA,2023-11-21
SE,MG,BELO HORIZONTE,L. C. EMPREENDIMENTOS LTDA,00.415.374/0001-78,AVENIDA DIS ENGENHEIROS,1620,,CASTELO,30840-300,GASOLINA ADITIVADA,09/01/2023,5.19,,R$ / litro,VIBRA ENERGIA,2023-11-21
SE,MG,BELO HORIZONTE,L. C. EMPREENDIMENTOS LTDA,00.415.374/0001-78,AVENIDA DIS ENGENHEIROS,1620,,CASTELO,30840-300,GASOLINA,09/01/2023,4.99,,R$ / litro,VIBRA ENERGIA,2023-11-21
SE,MG,BELO HORIZONTE,POSTO JAVARI EIRELI,16.679.276/0001-88,RUA DESCALVADO,661,,RENASCENCA,31130-610,ETANOL,10/01/2023,3.69,,R$ / litro,BRANCA,2023-11-21
SE,MG,BELO HORIZONTE,POSTO JAVARI EIRELI,16.679.276/0001-88,RUA DESCALVADO,661,,RENASCENCA,31130-610,GASOLINA,10/01/2023,4.75,,R$ / litro,BRANCA,2023-11-21
SE,MG,BELO HORIZONTE,POSTO ANTUNES LTDA,01.553.073/0001-73,AVENIDA PORTUGAL,2603,,SANTA AMELIA,31555-000,ETANOL,09/01/2023,3.99,,R$ / litro,VIBRA ENERGIA,2023-11-21
SE,MG,BELO HORIZONTE,POSTO ANTUNES LTDA,01.553.073/0001-73,AVENIDA PORTUGAL,2603,,SANTA AMELIA,31555-000,GASOLINA ADITIVADA,09/01/2023,5.09,,R$ / litro,VIBRA ENERGIA,2023-11-21
SE,MG,BELO HORIZONTE,POSTO ANTUNES LTDA,01.553.073/0001-73,AVENIDA PORTUGAL,2603,,SANTA AMELIA,31555-000,GASOLINA,09/01/2023,4.89,,R$ / litro,VIBRA ENERGIA,2023-11-21
SE,MG,BELO HORIZONTE,POSTO GERAES LTDA,02.289.325/0001-61,AVENIDA GASTAO DEMETRIO MAIA,140,,FLORAMAR,31742-096,ETANOL,09/01/2023,3.99,,R$ / litro,VIBRA ENERGIA,2023-11-21
SE,MG,BELO HORIZONTE,POSTO GERAES LTDA,02.289.325/0001-61,AVENIDA GASTAO DEMETRIO MAIA,140,,FLORAMAR,31742-096,DIESEL S10,09/01/2023,6.29,,R$ / litro,VIBRA ENERGIA,2023-11-21
SE,MG,BELO HORIZONTE,POSTO GERAES LTDA,02.289.325/0001-61,AVENIDA GASTAO DEMETRIO MAIA,140,,FLORAMAR,31742-096,GASOLINA ADITIVADA,09/01/2023,5.14,,R$ / litro,VIBRA ENERGIA,2023-11-21
SE,MG,BELO HORIZONTE,POSTO GERAES LTDA,02.289.325/0001-61,AVENIDA GASTAO DEMETRIO MAIA,140,,FLORAMAR,31742-096,GASOLINA,09/01/2023,4.99,,R$ / litro,VIBRA ENERGIA,2023-11-21
SE,MG,BELO HORIZONTE,CELT -COMERCIO DE COMBUSTIVEIS E LUBRIFICANTES LTDA,01.830.179/0001-77,AVENIDA DOM PEDRO I,2177,LETRA A,SAO JOAO BATISTA,31515-300,ETANOL,09/01/2023,3.99,,R$ / litro,VIBRA ENERGIA,2023-11-21
SE,MG,BELO HORIZONTE,CELT -COMERCIO DE COMBUSTIVEIS E LUBRIFICANTES LTDA,01.830.179/0001-77,AVENIDA DOM PEDRO I,2177,LETRA A,SAO JOAO BATISTA,31515-300,DIESEL S10,09/01/2023,6.19,,R$ / litro,VIBRA ENERGIA,2023-11-21
SE,MG,BELO HORIZONTE,CELT -COMERCIO DE COMBUSTIVEIS E LUBRIFICANTES LTDA,01.830.179/0001-77,AVENIDA DOM PEDRO I,2177,LETRA A,SAO JOAO BATISTA,31515-300,GASOLINA ADITIVADA,09/01/2023,5.04,,R$ / litro,VIBRA ENERGIA,2023-11-21
SE,MG,BELO HORIZONTE,CELT -COMERCIO DE COMBUSTIVEIS E LUBRIFICANTES LTDA,01.830.179/0001-77,AVENIDA DOM PEDRO I,2177,LETRA A,SAO JOAO BATISTA,31515-300,GASOLINA,09/01/2023,4.89,,R$ / litro,VIBRA ENERGIA,2023-11-21
SE,MG,BELO HORIZONTE,CELT -COMERCIO DE COMBUSTIVEIS E LUBRIFICANTES LTDA,01.830.179/0001-77,AVENIDA DOM PEDRO I,2177,LETRA A,SAO JOAO BATISTA,31515-300,GNV,09/01/2023,4.99,,R$ / m³,VIBRA ENERGIA,2023-11-21
SE,MG,BELO HORIZONTE,ECO EMPREENDIMENTOS COMERCIAIS LTDA,00.194.032/0001-75,RUA TUPIS,1774,,BARRO PRETO,30190-062,ETANOL,10/01/2023,3.88,,R$ / litro,RAIZEN,2023-11-21
SE,MG,BELO HORIZONTE,ECO EMPREENDIMENTOS COMERCIAIS LTDA,00.194.032/0001-75,RUA TUPIS,1774,,BARRO PRETO,30190-062,GASOLINA ADITIVADA,10/01/2023,5.19,,R$ / litro,RAIZEN,2023-11-21
SE,MG,BELO HORIZONTE,ECO EMPREENDIMENTOS COMERCIAIS LTDA,00.194.032/0001-75,RUA TUPIS,1774,,BARRO PRETO,30190-062,GASOLINA,10/01/2023,4.89,,R$ / litro,RAIZEN,2023-11-21
SE,MG,BELO HORIZONTE,POSTO TRANCOSO LTDA,03.911.603/0001-33,RUA JOSE CLETO,1232,,SANTA CRUZ,31155-290,ETANOL,10/01/2023,3.76,,R$ / litro,VIBRA ENERGIA,2023-11-21
SE,MG,BELO HORIZONTE,POSTO TRANCOSO LTDA,03.911.603/0001-33,RUA JOSE CLETO,1232,,SANTA CRUZ,31155-290,DIESEL S10,10/01/2023,6.05,,R$ / litro,VIBRA ENERGIA,2023-11-21
SE,MG,BELO HORIZONTE,POSTO TRANCOSO LTDA,03.911.603/0001-33,RUA JOSE CLETO,1232,,SANTA CRUZ,31155-290,GASOLINA,10/01/2023,4.78,,R$ / litro,VIBRA ENERGIA,2023-11-21
SE,MG,BELO HORIZONTE,POSTO GLORIA LIMITADA,16.682.296/0001-08,RUA DEP CLAUDIO P DE LIMA,957,,N S GLORIA,30870-020,ETANOL,09/01/2023,3.88,,R$ / litro,IPIRANGA,2023-11-21
SE,MG,BELO HORIZONTE,POSTO GLORIA LIMITADA,16.682.296/0001-08,RUA DEP CLAUDIO P DE LIMA,957,,N S GLORIA,30870-020,DIESEL S10,09/01/2023,6.19,,R$ / litro,IPIRANGA,2023-11-21
SE,MG,BELO HORIZONTE,POSTO GLORIA LIMITADA,16.682.296/0001-08,RUA DEP CLAUDIO P DE LIMA,957,,N S GLORIA,30870-020,GASOLINA,09/01/2023,4.79,,R$ / litro,IPIRANGA,2023-11-21
SE,MG,BELO HORIZONTE,POSTO AEROPORTO LTDA,16.665.259/0001-91,RUA PROFESSOR MAGALHAES PENIDO,540,,SAO LUIZ (PAMPULHA),31270-700,ETANOL,10/01/2023,3.99,,R$ / litro,VIBRA ENERGIA,2023-11-21
SE,MG,BELO HORIZONTE,POSTO AEROPORTO LTDA,16.665.259/0001-91,RUA PROFESSOR MAGALHAES PENIDO,540,,SAO LUIZ (PAMPULHA),31270-700,DIESEL S10,10/01/2023,6.39,,R$ / litro,VIBRA ENERGIA,2023-11-21
SE,MG,BELO HORIZONTE,POSTO AEROPORTO LTDA,16.665.259/0001-91,RUA PROFESSOR MAGALHAES PENIDO,540,,SAO LUIZ (PAMPULHA),31270-700,GASOLINA ADITIVADA,10/01/2023,5.04,,R$ / litro,VIBRA ENERGIA,2023-11-21
SE,MG,BELO HORIZONTE,POSTO AEROPORTO LTDA,16.665.259/0001-91,RUA PROFESSOR MAGALHAES PENIDO,540,,SAO LUIZ (PAMPULHA),31270-700,GASOLINA,10/01/2023,4.89,,R$ / litro,VIBRA ENERGIA,2023-11-21
SE,MG,BELO HORIZONTE,ALMADA & CIA LIMITADA,16.626.814/0001-76,RUA JACUI,4040,,IPIRANGA,31160-190,ETANOL,10/01/2023,3.69,,R$ / litro,BRANCA,2023-11-21
SE,MG,BELO HORIZONTE,ALMADA & CIA LIMITADA,16.626.814/0001-76,RUA JACUI,4040,,IPIRANGA,31160-190,DIESEL,10/01/2023,5.95,,R$ / litro,BRANCA,2023-11-21
SE,MG,BELO HORIZONTE,ALMADA & CIA LIMITADA,16.626.814/0001-76,RUA JACUI,4040,,IPIRANGA,31160-190,GASOLINA,10/01/2023,4.77,,R$ / litro,BRANCA,2023-11-21
SE,MG,BELO HORIZONTE,MINEIRAO POSTO DE SERVICOS LTDA,16.599.607/0001-70,AVENIDA PRESIDENTE ANTONIO CARLOS,2710,,CACHOEIRINHA,31130-194,ETANOL,10/01/2023,3.88,,R$ / litro,VIBRA ENERGIA,2023-11-21
SE,MG,BELO HORIZONTE,MINEIRAO POSTO DE SERVICOS LTDA,16.599.607/0001-70,AVENIDA PRESIDENTE ANTONIO CARLOS,2710,,CACHOEIRINHA,31130-194,GASOLINA,10/01/2023,4.78,,R$ / litro,VIBRA ENERGIA,2023-11-21
SE,MG,BELO HORIZONTE,MINEIRAO POSTO DE SERVICOS LTDA,16.599.607/0001-70,AVENIDA PRESIDENTE ANTONIO CARLOS,2710,,CACHOEIRINHA,31130-194,GNV,10/01/2023,4.99,,R$ / m³,VIBRA ENERGIA,2023-11-21
SE,MG,BELO HORIZONTE,POSTO PIO XII LTDA.,05.020.360/0001-79,AVENIDA DO CONTORNO,9008,,SANTO AGOSTINHO,30110-067,ETANOL,10/01/2023,3.89,,R$ / litro,RAIZEN,2023-11-21
SE,MG,BELO HORIZONTE,POSTO PIO XII LTDA.,05.020.360/0001-79,AVENIDA DO CONTORNO,9008,,SANTO AGOSTINHO,30110-067,GASOLINA ADITIVADA,10/01/2023,5.29,,R$ / litro,RAIZEN,2023-11-21
SE,MG,BELO HORIZONTE,POSTO PIO XII LTDA.,05.020.360/0001-79,AVENIDA DO CONTORNO,9008,,SANTO AGOSTINHO,30110-067,GASOLINA,10/01/2023,4.89,,R$ / litro,RAIZEN,2023-11-21
SE,MG,BELO HORIZONTE,COMERCIAL RACOL LTDA,04.755.071/0001-55,AVENIDA BRIGADEIRO EDUARDO GOMES,1980,,GLORIA,30870-100,ETANOL,09/01/2023,3.89,,R$ / litro,BRANCA,2023-11-21
SE,MG,BELO HORIZONTE,COMERCIAL RACOL LTDA,04.755.071/0001-55,AVENIDA BRIGADEIRO EDUARDO GOMES,1980,,GLORIA,30870-100,GASOLINA,09/01/2023,4.79,,R$ / litro,BRANCA,2023-11-21
SE,MG,BELO HORIZONTE,GNV SETE BELO LTDA,04.399.544/0001-29,AVENIDA CRISTIANO MACHADO,8898,,MINASLANDIA,31812-112,ETANOL,10/01/2023,3.99,,R$ / litro,VIBRA ENERGIA,2023-11-21
SE,MG,BELO HORIZONTE,GNV SETE BELO LTDA,04.399.544/0001-29,AVENIDA CRISTIANO MACHADO,8898,,MINASLANDIA,31812-112,DIESEL S10,10/01/2023,6.29,,R$ / litro,VIBRA ENERGIA,2023-11-21
SE,MG,BELO HORIZONTE,GNV SETE BELO LTDA,04.399.544/0001-29,AVENIDA CRISTIANO MACHADO,8898,,MINASLANDIA,31812-112,GASOLINA,10/01/2023,4.89,,R$ / litro,VIBRA ENERGIA,2023-11-21
SE,MG,BELO HORIZONTE,GNV SETE BELO LTDA,04.399.544/0001-29,AVENIDA CRISTIANO MACHADO,8898,,MINASLANDIA,31812-112,GNV,10/01/2023,4.99,,R$ / m³,VIBRA ENERGIA,2023-11-21
SE,MG,BELO HORIZONTE,POSTO MARTE LTDA,03.638.042/0001-40,RUA JACUI,1712,,GRACA,31110-050,ETANOL,10/01/2023,3.87,,R$ / litro,RAIZEN,2023-11-21
SE,MG,BELO HORIZONTE,POSTO MARTE LTDA,03.638.042/0001-40,RUA JACUI,1712,,GRACA,31110-050,GASOLINA ADITIVADA,10/01/2023,5.09,,R$ / litro,RAIZEN,2023-11-21
SE,MG,BELO HORIZONTE,POSTO MARTE LTDA,03.638.042/0001-40,RUA JACUI,1712,,GRACA,31110-050,GASOLINA,10/01/2023,4.87,,R$ / litro,RAIZEN,2023-11-21
SE,MG,BELO HORIZONTE,POSTO BOA ESPERANCA LTDA.,00.911.117/0001-27,RODOVIA PAPA JOAO PAULO II,3031,,SERRA VERDE,31630-369,ETANOL,09/01/2023,4.09,,R$ / litro,ALESAT,2023-11-21
SE,MG,BELO HORIZONTE,POSTO BOA ESPERANCA LTDA.,00.911.117/0001-27,RODOVIA PAPA JOAO PAULO II,3031,,SERRA VERDE,31630-369,GASOLINA ADITIVADA,09/01/2023,5.09,,R$ / litro,ALESAT,2023-11-21
SE,MG,BELO HORIZONTE,POSTO BOA ESPERANCA LTDA.,00.911.117/0001-27,RODOVIA PAPA JOAO PAULO II,3031,,SERRA VERDE,31630-369,GASOLINA,09/01/2023,4.89,,R$ / litro,ALESAT,2023-11-21
SE,MG,BELO HORIZONTE,AUTO POSTO VERONA EIRELI,00.911.111/0001-50,RODOVIA ANEL RODOVIARIO CELSO MELLO AZEVEDO,23759,,DOM SILVERIO,31985-203,ETANOL,09/01/2023,3.99,,R$ / litro,IPIRANGA,2023-11-21
SE,MG,BELO HORIZONTE,AUTO POSTO VERONA EIRELI,00.911.111/0001-50,RODOVIA ANEL RODOVIARIO CELSO MELLO AZEVEDO,23759,,DOM SILVERIO,31985-203,DIESEL S10,09/01/2023,6.2,,R$ / litro,IPIRANGA,2023-11-21
SE,MG,BELO HORIZONTE,AUTO POSTO VERONA EIRELI,00.911.111/0001-50,RODOVIA ANEL RODOVIARIO CELSO MELLO AZEVEDO,23759,,DOM SILVERIO,31985-203,DIESEL,09/01/2023,6.05,,R$ / litro,IPIRANGA,2023-11-21
SE,MG,BELO HORIZONTE,AUTO POSTO VERONA EIRELI,00.911.111/0001-50,RODOVIA ANEL RODOVIARIO CELSO MELLO AZEVEDO,23759,,DOM SILVERIO,31985-203,GASOLINA ADITIVADA,09/01/2023,5.39,,R$ / litro,IPIRANGA,2023-11-21
SE,MG,BELO HORIZONTE,AUTO POSTO VERONA EIRELI,00.911.111/0001-50,RODOVIA ANEL RODOVIARIO CELSO MELLO AZEVEDO,23759,,DOM SILVERIO,31985-203,GASOLINA,09/01/2023,4.99,,R$ / litro,IPIRANGA,2023-11-21
SE,MG,BELO HORIZONTE,POSTO ASTRAL LTDA,00.524.333/0001-10,AVENIDA BRIG EDUARDO GOMES,1025,,GLORIA,30870-100,ETANOL,09/01/2023,3.88,,R$ / litro,VIBRA ENERGIA,2023-11-21
SE,MG,BELO HORIZONTE,POSTO ASTRAL LTDA,00.524.333/0001-10,AVENIDA BRIG EDUARDO GOMES,1025,,GLORIA,30870-100,DIESEL S10,09/01/2023,6.29,,R$ / litro,VIBRA ENERGIA,2023-11-21
SE,MG,BELO HORIZONTE,POSTO ASTRAL LTDA,00.524.333/0001-10,AVENIDA BRIG EDUARDO GOMES,1025,,GLORIA,30870-100,GASOLINA,09/01/2023,4.79,,R$ / litro,VIBRA ENERGIA,2023-11-21
SE,MG,BELO HORIZONTE,POSTO SARAMENHA LTDA,00.416.899/0001-28,AVENIDA SERRANA,750,,SERRANO,30882-370,ETANOL,09/01/2023,3.85,,R$ / litro,IPIRANGA,2023-11-21
SE,MG,BELO HORIZONTE,POSTO SARAMENHA LTDA,00.416.899/0001-28,AVENIDA SERRANA,750,,SERRANO,30882-370,DIESEL S10,09/01/2023,6.18,,R$ / litro,IPIRANGA,2023-11-21
SE,MG,BELO HORIZONTE,POSTO SARAMENHA LTDA,00.416.899/0001-28,AVENIDA SERRANA,750,,SERRANO,30882-370,GASOLINA ADITIVADA,09/01/2023,5.25,,R$ / litro,IPIRANGA,2023-11-21
SE,MG,BELO HORIZONTE,POSTO SARAMENHA LTDA,00.416.899/0001-28,AVENIDA SERRANA,750,,SERRANO,30882-370,GASOLINA,09/01/2023,4.85,,R$ / litro,IPIRANGA,2023-11-21
SE,MG,CAMPO BELO,PETROFILTROS LTDA,20.874.277/0004-01,RUA JOAO MARTINS DINIZ,786,,AEROPORTO,37270-000,ETANOL,13/01/2023,3.99,,R$ / litro,VIBRA ENERGIA,2023-11-21
SE,MG,CAMPO BELO,PETROFILTROS LTDA,20.874.277/0004-01,RUA JOAO MARTINS DINIZ,786,,AEROPORTO,37270-000,GASOLINA,13/01/2023,4.93,,R$ / litro,VIBRA ENERGIA,2023-11-21
SE,MG,CAMPO BELO,SOCIEDADE COSTA CAMPOS LTDA,18.182.667/0001-18,AVENIDA AFONSO PENA,640,,CENTRO,37270-000,ETANOL,12/01/2023,3.89,,R$ / litro,BRANCA,2023-11-21
SE,MG,CAMPO BELO,SOCIEDADE COSTA CAMPOS LTDA,18.182.667/0001-18,AVENIDA AFONSO PENA,640,,CENTRO,37270-000,DIESEL S10,12/01/2023,6.39,,R$ / litro,BRANCA,2023-11-21
SE,MG,CAMPO BELO,SOCIEDADE COSTA CAMPOS LTDA,18.182.667/0001-18,AVENIDA AFONSO PENA,640,,CENTRO,37270-000,GASOLINA,12/01/2023,4.99,,R$ / litro,BRANCA,2023-11-21
SE,MG,CORONEL FABRICIANO,AUTO POSTO REDE SOUZA LTDA,05.907.822/0020-37,RUA VINTE E UM,40,,SANTA TEREZINHA,35171-140,ETANOL,11/01/2023,4.09,,R$ / litro,VIBRA ENERGIA,2023-11-21
SE,MG,CORONEL FABRICIANO,AUTO POSTO REDE SOUZA LTDA,05.907.822/0020-37,RUA VINTE E UM,40,,SANTA TEREZINHA,35171-140,GASOLINA ADITIVADA,11/01/2023,5.12,,R$ / litro,VIBRA ENERGIA,2023-11-21
SE,MG,CORONEL FABRICIANO,AUTO POSTO REDE SOUZA LTDA,05.907.822/0020-37,RUA VINTE E UM,40,,SANTA TEREZINHA,35171-140,GASOLINA,11/01/2023,4.99,,R$ / litro,VIBRA ENERGIA,2023-11-21
SE,MG,CORONEL FABRICIANO,AUTO POSTO FABRICIANO LTDA.,05.611.577/0001-53,RUA ARGENTINA,105,,SANTA CRUZ,35170-242,ETANOL,11/01/2023,4.19,,R$ / litro,BRANCA,2023-11-21
SE,MG,CORONEL FABRICIANO,AUTO POSTO FABRICIANO LTDA.,05.611.577/0001-53,RUA ARGENTINA,105,,SANTA CRUZ,35170-242,DIESEL,11/01/2023,6.79,,R$ / litro,BRANCA,2023-11-21
SE,MG,CORONEL FABRICIANO,AUTO POSTO FABRICIANO LTDA.,05.611.577/0001-53,RUA ARGENTINA,105,,SANTA CRUZ,35170-242,GASOLINA,11/01/2023,5.69,,R$ / litro,BRANCA,2023-11-21
SE,MG,CORONEL FABRICIANO,COMERCIAL DE COMBUSTIVEIS CRISTAL LTDA,04.900.773/0001-85,AVENIDA TANCREDO DE ALMEIDA NEVES,5417,,CALADINHO DE CIMA,35171-302,ETANOL,11/01/2023,4.05,,R$ / litro,ALESAT,2023-11-21
SE,MG,CORONEL FABRICIANO,COMERCIAL DE COMBUSTIVEIS CRISTAL LTDA,04.900.773/0001-85,AVENIDA TANCREDO DE ALMEIDA NEVES,5417,,CALADINHO DE CIMA,35171-302,DIESEL,11/01/2023,6.05,,R$ / litro,ALESAT,2023-11-21
SE,MG,CORONEL FABRICIANO,COMERCIAL DE COMBUSTIVEIS CRISTAL LTDA,04.900.773/0001-85,AVENIDA TANCREDO DE ALMEIDA NEVES,5417,,CALADINHO DE CIMA,35171-302,GASOLINA,11/01/2023,4.92,,R$ / litro,ALESAT,2023-11-21
SE,MG,CORONEL FABRICIANO,COMERCIAL DE COMBUSTIVEIS AMERICA LTDA,19.875.442/0001-00,AVENIDA PRES TANCREDO NEVES,980,,CENTRO,35170-054,ETANOL,11/01/2023,4.05,,R$ / litro,ALESAT,2023-11-21
SE,MG,CORONEL FABRICIANO,COMERCIAL DE COMBUSTIVEIS AMERICA LTDA,19.875.442/0001-00,AVENIDA PRES TANCREDO NEVES,980,,CENTRO,35170-054,GASOLINA,11/01/2023,4.92,,R$ / litro,ALESAT,2023-11-21
SE,MG,ITAUNA,AUTO POSTO EXCALIBUR LTDA.,05.749.673/0001-62,AVENIDA SAO JOAO,4434,,CENTRO,35680-065,ETANOL,10/01/2023,3.84,,R$ / litro,BRANCA,2023-11-21
SE,MG,ITAUNA,AUTO POSTO EXCALIBUR LTDA.,05.749.673/0001-62,AVENIDA SAO JOAO,4434,,CENTRO,35680-065,DIESEL S10,10/01/2023,6.38,,R$ / litro,BRANCA,2023-11-21
SE,MG,ITAUNA,AUTO POSTO EXCALIBUR LTDA.,05.749.673/0001-62,AVENIDA SAO JOAO,4434,,CENTRO,35680-065,GASOLINA,10/01/2023,4.89,,R$ / litro,BRANCA,2023-11-21
SE,MG,MANHUACU,POSTO MAP LTDA,03.209.283/0001-74,RUA FELIPE NACIF,136,,BAIXADA,36900-000,ETANOL,09/01/2023,4.29,,R$ / litro,RAIZEN,2023-11-21
SE,MG,MANHUACU,POSTO MAP LTDA,03.209.283/0001-74,RUA FELIPE NACIF,136,,BAIXADA,36900-000,DIESEL S10,09/01/2023,6.46,,R$ / litro,RAIZEN,2023-11-21
SE,MG,MANHUACU,POSTO MAP LTDA,03.209.283/0001-74,RUA FELIPE NACIF,136,,BAIXADA,36900-000,DIESEL,09/01/2023,6.36,,R$ / litro,RAIZEN,2023-11-21
SE,MG,MANHUACU,POSTO MAP LTDA,03.209.283/0001-74,RUA FELIPE NACIF,136,,BAIXADA,36900-000,GASOLINA ADITIVADA,09/01/2023,5.64,,R$ / litro,RAIZEN,2023-11-21
SE,MG,MANHUACU,POSTO MAP LTDA,03.209.283/0001-74,RUA FELIPE NACIF,136,,BAIXADA,36900-000,GASOLINA,09/01/2023,5.39,,R$ / litro,RAIZEN,2023-11-21
SE,MG,MANHUACU,AUTO POSTO STAR LTDA,21.659.370/0001-05,RODOVIA BR 262 - KM 39,3000,,VISTA ALEGRE,36900-000,ETANOL,12/01/2023,4.15,,R$ / litro,RAIZEN,2023-11-21
SE,MG,MANHUACU,AUTO POSTO STAR LTDA,21.659.370/0001-05,RODOVIA BR 262 - KM 39,3000,,VISTA ALEGRE,36900-000,DIESEL S10,12/01/2023,6.34,,R$ / litro,RAIZEN,2023-11-21
SE,MG,MANHUACU,AUTO POSTO STAR LTDA,21.659.370/0001-05,RODOVIA BR 262 - KM 39,3000,,VISTA ALEGRE,36900-000,DIESEL,12/01/2023,6.24,,R$ / litro,RAIZEN,2023-11-21
SE,MG,MANHUACU,AUTO POSTO STAR LTDA,21.659.370/0001-05,RODOVIA BR 262 - KM 39,3000,,VISTA ALEGRE,36900-000,GASOLINA ADITIVADA,12/01/2023,5.4,,R$ / litro,RAIZEN,2023-11-21
SE,MG,MANHUACU,AUTO POSTO STAR LTDA,21.659.370/0001-05,RODOVIA BR 262 - KM 39,3000,,VISTA ALEGRE,36900-000,GASOLINA,12/01/2023,5.2,,R$ / litro,RAIZEN,2023-11-21
SE,MG,MONTE CARMELO,POSTO SANTA RITA DA MEDALHA MILAGROSA LTDA,03.792.817/0002-19,PRA A LANDULFO CARDOSO NAVES,422,,CENTRO,38500-000,GASOLINA,11/01/2023,4.85,,R$ / litro,BRANCA,2023-11-21
SE,MG,MONTE CARMELO,POSTO KRILL DE MONTE CARMELO LTDA,09.227.080/0001-97,AVENIDA JOAO PINHEIRO,1187,,BOA VISTA,38500-000,ETANOL,10/01/2023,3.74,,R$ / litro,BRANCA,2023-11-21
SE,MG,MONTE CARMELO,POSTO KRILL DE MONTE CARMELO LTDA,09.227.080/0001-97,AVENIDA JOAO PINHEIRO,1187,,BOA VISTA,38500-000,DIESEL S10,10/01/2023,6.12,,R$ / litro,BRANCA,2023-11-21
SE,MG,MONTE CARMELO,POSTO KRILL DE MONTE CARMELO LTDA,09.227.080/0001-97,AVENIDA JOAO PINHEIRO,1187,,BOA VISTA,38500-000,DIESEL,10/01/2023,5.98,,R$ / litro,BRANCA,2023-11-21
SE,MG,MONTE CARMELO,POSTO KRILL DE MONTE CARMELO LTDA,09.227.080/0001-97,AVENIDA JOAO PINHEIRO,1187,,BOA VISTA,38500-000,GASOLINA,10/01/2023,4.89,,R$ / litro,BRANCA,2023-11-21
SE,MG,MONTE CARMELO,POSTO CARMELITANO LTDA,71.304.497/0001-80,RUA ROMUALDO RESENDE,1000,,TAMBORIL,38500-000,ETANOL,11/01/2023,3.95,,R$ / litro,BRANCA,2023-11-21
SE,MG,MONTE CARMELO,POSTO CARMELITANO LTDA,71.304.497/0001-80,RUA ROMUALDO RESENDE,1000,,TAMBORIL,38500-000,DIESEL S10,11/01/2023,6.63,,R$ / litro,BRANCA,2023-11-21
SE,MG,MONTE CARMELO,POSTO CARMELITANO LTDA,71.304.497/0001-80,RUA ROMUALDO RESENDE,1000,,TAMBORIL,38500-000,GASOLINA ADITIVADA,11/01/2023,4.98,,R$ / litro,BRANCA,2023-11-21
SE,MG,MONTE CARMELO,POSTO ALTO PARANAIBA EIRELI,22.604.607/0001-13,RUA RAUL SOARES,115,,CENTRO,38500-000,ETANOL,11/01/2023,3.99,,R$ / litro,IPIRANGA,2023-11-21
SE,MG,MONTE CARMELO,POSTO ALTO PARANAIBA EIRELI,22.604.607/0001-13,RUA RAUL SOARES,115,,CENTRO,38500-000,GASOLINA,11/01/2023,4.99,,R$ / litro,IPIRANGA,2023-11-21
SE,MG,MURIAE,MOTA & MELLO COMBUSTIVEL LTDA,07.137.610/0001-80,RUA GIL MOREIRA,9,,BARRA,36884-112,ETANOL,10/01/2023,4.29,,R$ / litro,IPIRANGA,2023-11-21
SE,MG,MURIAE,MOTA & MELLO COMBUSTIVEL LTDA,07.137.610/0001-80,RUA GIL MOREIRA,9,,BARRA,36884-112,DIESEL S10,10/01/2023,6.44,,R$ / litro,IPIRANGA,2023-11-21
SE,MG,MURIAE,MOTA & MELLO COMBUSTIVEL LTDA,07.137.610/0001-80,RUA GIL MOREIRA,9,,BARRA,36884-112,DIESEL,10/01/2023,6.34,,R$ / litro,IPIRANGA,2023-11-21
SE,MG,MURIAE,MOTA & MELLO COMBUSTIVEL LTDA,07.137.610/0001-80,RUA GIL MOREIRA,9,,BARRA,36884-112,GASOLINA ADITIVADA,10/01/2023,5.49,,R$ / litro,IPIRANGA,2023-11-21
SE,MG,MURIAE,MOTA & MELLO COMBUSTIVEL LTDA,07.137.610/0001-80,RUA GIL MOREIRA,9,,BARRA,36884-112,GASOLINA,10/01/2023,5.34,,R$ / litro,IPIRANGA,2023-11-21
SE,MG,MURIAE,POSTO JOIA DE MURIAE LTDA,19.661.701/0001-08,AVENIDA MONTEIRO DE CASTRO,444,,BARRA,36884-013,ETANOL,10/01/2023,4.23,,R$ / litro,ALESAT,2023-11-21
SE,MG,MURIAE,POSTO JOIA DE MURIAE LTDA,19.661.701/0001-08,AVENIDA MONTEIRO DE CASTRO,444,,BARRA,36884-013,DIESEL S10,10/01/2023,6.79,,R$ / litro,ALESAT,2023-11-21
SE,MG,MURIAE,POSTO JOIA DE MURIAE LTDA,19.661.701/0001-08,AVENIDA MONTEIRO DE CASTRO,444,,BARRA,36884-013,GASOLINA ADITIVADA,10/01/2023,5.38,,R$ / litro,ALESAT,2023-11-21
SE,MG,MURIAE,POSTO JOIA DE MURIAE LTDA,19.661.701/0001-08,AVENIDA MONTEIRO DE CASTRO,444,,BARRA,36884-013,GASOLINA,10/01/2023,5.33,,R$ / litro,ALESAT,2023-11-21
SE,MG,MURIAE,AUTO POSTO TRADICAO LTDA,03.815.352/0001-93,AVENIDA RIO BAHIA,5415,,BARRA,36880-000,ETANOL,10/01/2023,4.23,,R$ / litro,IPIRANGA,2023-11-21
SE,MG,MURIAE,AUTO POSTO TRADICAO LTDA,03.815.352/0001-93,AVENIDA RIO BAHIA,5415,,BARRA,36880-000,DIESEL S10,10/01/2023,6.28,,R$ / litro,IPIRANGA,2023-11-21
SE,MG,MURIAE,AUTO POSTO TRADICAO LTDA,03.815.352/0001-93,AVENIDA RIO BAHIA,5415,,BARRA,36880-000,DIESEL,10/01/2023,6.18,,R$ / litro,IPIRANGA,2023-11-21
SE,MG,MURIAE,AUTO POSTO TRADICAO LTDA,03.815.352/0001-93,AVENIDA RIO BAHIA,5415,,BARRA,36880-000,GASOLINA ADITIVADA,10/01/2023,5.38,,R$ / litro,IPIRANGA,2023-11-21
SE,MG,MURIAE,AUTO POSTO TRADICAO LTDA,03.815.352/0001-93,AVENIDA RIO BAHIA,5415,,BARRA,36880-000,GASOLINA,10/01/2023,5.33,,R$ / litro,IPIRANGA,2023-11-21
SE,MG,MURIAE,AUTO POSTO DORNELAS LTDA,03.285.009/0001-84,PRACA DORNELAS,85,,DORNELAS,36884-183,ETANOL,10/01/2023,4.29,,R$ / litro,IPIRANGA,2023-11-21
SE,MG,MURIAE,AUTO POSTO DORNELAS LTDA,03.285.009/0001-84,PRACA DORNELAS,85,,DORNELAS,36884-183,DIESEL S10,10/01/2023,6.39,,R$ / litro,IPIRANGA,2023-11-21
SE,MG,MURIAE,AUTO POSTO DORNELAS LTDA,03.285.009/0001-84,PRACA DORNELAS,85,,DORNELAS,36884-183,DIESEL,10/01/2023,6.29,,R$ / litro,IPIRANGA,2023-11-21
SE,MG,MURIAE,AUTO POSTO DORNELAS LTDA,03.285.009/0001-84,PRACA DORNELAS,85,,DORNELAS,36884-183,GASOLINA ADITIVADA,10/01/2023,5.49,,R$ / litro,IPIRANGA,2023-11-21
SE,MG,MURIAE,AUTO POSTO DORNELAS LTDA,03.285.009/0001-84,PRACA DORNELAS,85,,DORNELAS,36884-183,GASOLINA,10/01/2023,5.34,,R$ / litro,IPIRANGA,2023-11-21
SE,MG,NOVA LIMA,POSTO CURVA DO RETIRO LTDA,04.437.401/0001-64,RODOVIA BR 040 - KM 548,2000,LOTES 01 A 12,JARDIM CANADA,34000-001,ETANOL,12/01/2023,3.75,,R$ / litro,VIBRA ENERGIA,2023-11-21
SE,MG,NOVA LIMA,POSTO CURVA DO RETIRO LTDA,04.437.401/0001-64,RODOVIA BR 040 - KM 548,2000,LOTES 01 A 12,JARDIM CANADA,34000-001,GASOLINA ADITIVADA,12/01/2023,5.09,,R$ / litro,VIBRA ENERGIA,2023-11-21
SE,MG,NOVA LIMA,POSTO CURVA DO RETIRO LTDA,04.437.401/0001-64,RODOVIA BR 040 - KM 548,2000,LOTES 01 A 12,JARDIM CANADA,34000-001,GASOLINA,12/01/2023,4.79,,R$ / litro,VIBRA ENERGIA,2023-11-21
SE,MG,NOVA LIMA,PETROLIM LTDA,17.236.977/0001-05,PRACA EXPEDICIONARIO ASSUNCAO,12,,CENTRO,34000-001,ETANOL,12/01/2023,3.99,,R$ / litro,RAIZEN,2023-11-21
SE,MG,NOVA LIMA,PETROLIM LTDA,17.236.977/0001-05,PRACA EXPEDICIONARIO ASSUNCAO,12,,CENTRO,34000-001,DIESEL S10,12/01/2023,6.69,,R$ / litro,RAIZEN,2023-11-21
SE,MG,NOVA LIMA,PETROLIM LTDA,17.236.977/0001-05,PRACA EXPEDICIONARIO ASSUNCAO,12,,CENTRO,34000-001,GASOLINA ADITIVADA,12/01/2023,5.39,,R$ / litro,RAIZEN,2023-11-21
SE,MG,NOVA LIMA,PETROLIM LTDA,17.236.977/0001-05,PRACA EXPEDICIONARIO ASSUNCAO,12,,CENTRO,34000-001,GASOLINA,12/01/2023,4.99,,R$ / litro,RAIZEN,2023-11-21
SE,MG,NOVA LIMA,POSTO SERRA DAS MANSOES LTDA - ME,03.658.823/0001-05,RODOVIA MG-030,"1,709",,B OURO VELHO MANSOES,34000-000,ETANOL,12/01/2023,3.95,,R$ / litro,RAIZEN,2023-11-21
SE,MG,NOVA LIMA,POSTO SERRA DAS MANSOES LTDA - ME,03.658.823/0001-05,RODOVIA MG-030,"1,709",,B OURO VELHO MANSOES,34000-000,DIESEL S10,12/01/2023,6.59,,R$ / litro,RAIZEN,2023-11-21
SE,MG,NOVA LIMA,POSTO SERRA DAS MANSOES LTDA - ME,03.658.823/0001-05,RODOVIA MG-030,"1,709",,B OURO VELHO MANSOES,34000-000,GASOLINA ADITIVADA,12/01/2023,5.37,,R$ / litro,RAIZEN,2023-11-21
SE,MG,NOVA LIMA,POSTO SERRA DAS MANSOES LTDA - ME,03.658.823/0001-05,RODOVIA MG-030,"1,709",,B OURO VELHO MANSOES,34000-000,GASOLINA,12/01/2023,4.97,,R$ / litro,RAIZEN,2023-11-21
SE,MG,NOVA LIMA,PHILADELPHIA DERIVADOS DE PETROLEO LTDA,01.629.489/0001-28,PRACA DR. ERNANI RIB. SILVA,22,,CENTRO,34000-000,ETANOL,12/01/2023,3.99,,R$ / litro,ALESAT,2023-11-21
SE,MG,NOVA LIMA,PHILADELPHIA DERIVADOS DE PETROLEO LTDA,01.629.489/0001-28,PRACA DR. ERNANI RIB. SILVA,22,,CENTRO,34000-000,DIESEL S10,12/01/2023,6.69,,R$ / litro,ALESAT,2023-11-21
SE,MG,NOVA LIMA,PHILADELPHIA DERIVADOS DE PETROLEO LTDA,01.629.489/0001-28,PRACA DR. ERNANI RIB. SILVA,22,,CENTRO,34000-000,GASOLINA,12/01/2023,4.99,,R$ / litro,ALESAT,2023-11-21
SE,MG,NOVA LIMA,POSTO DE COMBUSTIVEIS VILA FERNANDA LTDA,00.969.242/0001-98,RUA DA PAISAGEM,45,,VILA DA SERRA,34006-059,ETANOL,12/01/2023,4.09,,R$ / litro,IPIRANGA,2023-11-21
SE,MG,NOVA LIMA,POSTO DE COMBUSTIVEIS VILA FERNANDA LTDA,00.969.242/0001-98,RUA DA PAISAGEM,45,,VILA DA SERRA,34006-059,DIESEL S10,12/01/2023,6.49,,R$ / litro,IPIRANGA,2023-11-21
SE,MG,NOVA LIMA,POSTO DE COMBUSTIVEIS VILA FERNANDA LTDA,00.969.242/0001-98,RUA DA PAISAGEM,45,,VILA DA SERRA,34006-059,GASOLINA ADITIVADA,12/01/2023,5.29,,R$ / litro,IPIRANGA,2023-11-21
SE,MG,NOVA LIMA,POSTO DE COMBUSTIVEIS VILA FERNANDA LTDA,00.969.242/0001-98,RUA DA PAISAGEM,45,,VILA DA SERRA,34006-059,GASOLINA,12/01/2023,4.99,,R$ / litro,IPIRANGA,2023-11-21
SE,MG,UBERABA,PARIS AUTO POSTO LTDA,01.744.290/0002-21,AVENIDA SANTA BEATRIZ DA SILVA,1080,,SANTA MARIA,38050-000,ETANOL,11/01/2023,3.79,,R$ / litro,RAIZEN,2023-11-21
SE,MG,UBERABA,PARIS AUTO POSTO LTDA,01.744.290/0002-21,AVENIDA SANTA BEATRIZ DA SILVA,1080,,SANTA MARIA,38050-000,DIESEL S10,11/01/2023,6.19,,R$ / litro,RAIZEN,2023-11-21
SE,MG,UBERABA,PARIS AUTO POSTO LTDA,01.744.290/0002-21,AVENIDA SANTA BEATRIZ DA SILVA,1080,,SANTA MARIA,38050-000,GASOLINA ADITIVADA,11/01/2023,5.09,,R$ / litro,RAIZEN,2023-11-21
SE,MG,UBERABA,PARIS AUTO POSTO LTDA,01.744.290/0002-21,AVENIDA SANTA BEATRIZ DA SILVA,1080,,SANTA MARIA,38050-000,GASOLINA,11/01/2023,4.89,,R$ / litro,RAIZEN,2023-11-21
SE,MG,UBERABA,POSTO ANTARES LTDA,00.361.145/0001-18,RODOVIA BR 050,S/N,"KM 173,4 EST INDUBE",PARQUE HILEA,38055-010,ETANOL,11/01/2023,3.69,,R$ / litro,IPIRANGA,2023-11-21
SE,MG,UBERABA,POSTO ANTARES LTDA,00.361.145/0001-18,RODOVIA BR 050,S/N,"KM 173,4 EST INDUBE",PARQUE HILEA,38055-010,DIESEL S10,11/01/2023,6.24,,R$ / litro,IPIRANGA,2023-11-21
SE,MG,UBERABA,POSTO ANTARES LTDA,00.361.145/0001-18,RODOVIA BR 050,S/N,"KM 173,4 EST INDUBE",PARQUE HILEA,38055-010,DIESEL,11/01/2023,6.14,,R$ / litro,IPIRANGA,2023-11-21
SE,MG,UBERABA,POSTO ANTARES LTDA,00.361.145/0001-18,RODOVIA BR 050,S/N,"KM 173,4 EST INDUBE",PARQUE HILEA,38055-010,GASOLINA ADITIVADA,11/01/2023,4.98,,R$ / litro,IPIRANGA,2023-11-21
SE,MG,UBERABA,POSTO ANTARES LTDA,00.361.145/0001-18,RODOVIA BR 050,S/N,"KM 173,4 EST INDUBE",PARQUE HILEA,38055-010,GASOLINA,11/01/2023,4.89,,R$ / litro,IPIRANGA,2023-11-21
SE,MG,UBERABA,POSTO DA SAUDADE LTDA,02.498.326/0001-16,AVENIDA DA SAUDADE,914,,MERCES,38061-000,ETANOL,11/01/2023,3.64,,R$ / litro,BRANCA,2023-11-21
SE,MG,UBERABA,POSTO DA SAUDADE LTDA,02.498.326/0001-16,AVENIDA DA SAUDADE,914,,MERCES,38061-000,DIESEL S10,11/01/2023,6.19,,R$ / litro,BRANCA,2023-11-21
SE,MG,UBERABA,POSTO DA SAUDADE LTDA,02.498.326/0001-16,AVENIDA DA SAUDADE,914,,MERCES,38061-000,GASOLINA ADITIVADA,11/01/2023,4.89,,R$ / litro,BRANCA,2023-11-21
SE,MG,UBERABA,POSTO DA SAUDADE LTDA,02.498.326/0001-16,AVENIDA DA SAUDADE,914,,MERCES,38061-000,GASOLINA,11/01/2023,4.89,,R$ / litro,BRANCA,2023-11-21
SE,MG,UBERABA,AUTO POSTO MORADA LTDA,20.965.737/0001-56,AVENIDA DONA MARIA DE SANTANA BORGES,1728,0,DISTRITO INDUSTRIAL I,38055-000,GASOLINA ADITIVADA,11/01/2023,4.99,,R$ / litro,IPIRANGA,2023-11-21
SE,MG,UBERABA,AUTO POSTO MORADA LTDA,20.965.737/0001-56,AVENIDA DONA MARIA DE SANTANA BORGES,1728,0,DISTRITO INDUSTRIAL I,38055-000,GASOLINA,11/01/2023,4.99,,R$ / litro,IPIRANGA,2023-11-21
SE,MG,UBERABA,AUTO POSTO MORADA LTDA,20.965.737/0001-56,AVENIDA DONA MARIA DE SANTANA BORGES,1728,0,DISTRITO INDUSTRIAL I,38055-000,ETANOL,11/01/2023,3.69,,R$ / litro,IPIRANGA,2023-11-21
SE,MG,UBERABA,AUTO POSTO MORADA LTDA,20.965.737/0001-56,AVENIDA DONA MARIA DE SANTANA BORGES,1728,0,DISTRITO INDUSTRIAL I,38055-000,DIESEL S10,11/01/2023,6.64,,R$ / litro,IPIRANGA,2023-11-21
SE,MG,UBERABA,AUTO POSTO MORADA LTDA,20.965.737/0001-56,AVENIDA DONA MARIA DE SANTANA BORGES,1728,0,DISTRITO INDUSTRIAL I,38055-000,DIESEL,11/01/2023,6.49,,R$ / litro,IPIRANGA,2023-11-21
SE,MG,UBERABA,AUTO POSTO NOSSA SENHORA DE LOURDES LTDA,03.278.390/0001-54,AVENIDA NIZA MARQUEZ GUARITA,88,,LOURDES,38055-026,ETANOL,12/01/2023,3.88,,R$ / litro,IPIRANGA,2023-11-21
SE,MG,UBERABA,AUTO POSTO NOSSA SENHORA DE LOURDES LTDA,03.278.390/0001-54,AVENIDA NIZA MARQUEZ GUARITA,88,,LOURDES,38055-026,DIESEL S10,12/01/2023,6.96,,R$ / litro,IPIRANGA,2023-11-21
SE,MG,UBERABA,AUTO POSTO NOSSA SENHORA DE LOURDES LTDA,03.278.390/0001-54,AVENIDA NIZA MARQUEZ GUARITA,88,,LOURDES,38055-026,DIESEL,12/01/2023,6.49,,R$ / litro,IPIRANGA,2023-11-21
SE,MG,UBERABA,AUTO POSTO NOSSA SENHORA DE LOURDES LTDA,03.278.390/0001-54,AVENIDA NIZA MARQUEZ GUARITA,88,,LOURDES,38055-026,GASOLINA,12/01/2023,4.89,,R$ / litro,IPIRANGA,2023-11-21
SE,MG,BELO HORIZONTE,ECO EMPREENDIMENTOS COMERCIAIS LTDA,00.194.032/0002-56,RUA CONCEICAO DO MATO DENTRO,335,,OURO PRETO,31310-240,ETANOL,09/01/2023,3.96,,R$ / litro,VIBRA ENERGIA,2023-11-21
SE,MG,BELO HORIZONTE,ECO EMPREENDIMENTOS COMERCIAIS LTDA,00.194.032/0002-56,RUA CONCEICAO DO MATO DENTRO,335,,OURO PRETO,31310-240,GASOLINA ADITIVADA,09/01/2023,5.17,,R$ / litro,VIBRA ENERGIA,2023-11-21
SE,MG,BELO HORIZONTE,ECO EMPREENDIMENTOS COMERCIAIS LTDA,00.194.032/0002-56,RUA CONCEICAO DO MATO DENTRO,335,,OURO PRETO,31310-240,GASOLINA,09/01/2023,4.97,,R$ / litro,VIBRA ENERGIA,2023-11-21
SE,MG,ARAGUARI,COOPDIESEL-COOPERATIVA DE PESSOAS FISICAS E JURIDICAS NO SEGMENTO DE TRANSPORTES EM GERAL,08.562.870/0001-66,"RUA, SAO SALVADOR",671, ,SAO LUIZ,38446-130,ETANOL,09/01/2023,3.75,,R$ / litro,BRANCA,2023-11-21
SE,MG,ARAGUARI,COOPDIESEL-COOPERATIVA DE PESSOAS FISICAS E JURIDICAS NO SEGMENTO DE TRANSPORTES EM GERAL,08.562.870/0001-66,"RUA, SAO SALVADOR",671, ,SAO LUIZ,38446-130,DIESEL S10,09/01/2023,6.05,,R$ / litro,BRANCA,2023-11-21
SE,MG,ARAGUARI,COOPDIESEL-COOPERATIVA DE PESSOAS FISICAS E JURIDICAS NO SEGMENTO DE TRANSPORTES EM GERAL,08.562.870/0001-66,"RUA, SAO SALVADOR",671, ,SAO LUIZ,38446-130,DIESEL,09/01/2023,5.91,,R$ / litro,BRANCA,2023-11-21
SE,MG,ARAGUARI,COOPDIESEL-COOPERATIVA DE PESSOAS FISICAS E JURIDICAS NO SEGMENTO DE TRANSPORTES EM GERAL,08.562.870/0001-66,"RUA, SAO SALVADOR",671, ,SAO LUIZ,38446-130,GASOLINA,09/01/2023,4.9,,R$ / litro,BRANCA,2023-11-21
SE,MG,UBERABA,AUTO POSTO RIBEIRO LTDA,04.173.913/0001-60,RUA JOAO DALLACQUA,540,,BEIJA FLOR,38051-331,ETANOL,11/01/2023,3.65,,R$ / litro,BRANCA,2023-11-21
SE,MG,UBERABA,AUTO POSTO RIBEIRO LTDA,04.173.913/0001-60,RUA JOAO DALLACQUA,540,,BEIJA FLOR,38051-331,DIESEL S10,11/01/2023,6.39,,R$ / litro,BRANCA,2023-11-21
SE,MG,UBERABA,AUTO POSTO RIBEIRO LTDA,04.173.913/0001-60,RUA JOAO DALLACQUA,540,,BEIJA FLOR,38051-331,DIESEL,11/01/2023,6.27,,R$ / litro,BRANCA,2023-11-21
SE,MG,UBERABA,AUTO POSTO RIBEIRO LTDA,04.173.913/0001-60,RUA JOAO DALLACQUA,540,,BEIJA FLOR,38051-331,GASOLINA ADITIVADA,11/01/2023,4.98,,R$ / litro,BRANCA,2023-11-21
SE,MG,UBERABA,AUTO POSTO RIBEIRO LTDA,04.173.913/0001-60,RUA JOAO DALLACQUA,540,,BEIJA FLOR,38051-331,GASOLINA,11/01/2023,4.85,,R$ / litro,BRANCA,2023-11-21
SE,MG,LAVRAS,AUTO POSTO PILOTO LTDA,10.257.882/0001-29,RUA CHAGAS DORIA,538,,BELIZANDRA,37200-000,ETANOL,12/01/2023,3.97,,R$ / litro,RAIZEN,2023-11-21
SE,MG,LAVRAS,AUTO POSTO PILOTO LTDA,10.257.882/0001-29,RUA CHAGAS DORIA,538,,BELIZANDRA,37200-000,GASOLINA,12/01/2023,4.89,,R$ / litro,RAIZEN,2023-11-21
SE,MG,ARAGUARI,NETO COMERCIO DE COMBUSTIVEIS LTDA,08.369.237/0001-56,RODOVIA BR 050,S/N,KM 39,SUBURBIO,38442-239,ETANOL,09/01/2023,3.77,,R$ / litro,BRANCA,2023-11-21
SE,MG,ARAGUARI,NETO COMERCIO DE COMBUSTIVEIS LTDA,08.369.237/0001-56,RODOVIA BR 050,S/N,KM 39,SUBURBIO,38442-239,DIESEL S10,09/01/2023,6.05,,R$ / litro,BRANCA,2023-11-21
SE,MG,ARAGUARI,NETO COMERCIO DE COMBUSTIVEIS LTDA,08.369.237/0001-56,RODOVIA BR 050,S/N,KM 39,SUBURBIO,38442-239,DIESEL,09/01/2023,5.91,,R$ / litro,BRANCA,2023-11-21
SE,MG,ARAGUARI,NETO COMERCIO DE COMBUSTIVEIS LTDA,08.369.237/0001-56,RODOVIA BR 050,S/N,KM 39,SUBURBIO,38442-239,GASOLINA ADITIVADA,09/01/2023,4.79,,R$ / litro,BRANCA,2023-11-21
SE,MG,ARAGUARI,NETO COMERCIO DE COMBUSTIVEIS LTDA,08.369.237/0001-56,RODOVIA BR 050,S/N,KM 39,SUBURBIO,38442-239,GASOLINA,09/01/2023,4.77,,R$ / litro,BRANCA,2023-11-21
SE,MG,DIVINOPOLIS,DP AUTO POSTO LTDA,09.688.747/0001-59,AVENIDA GOVERNADOR MAGALHAES PINTO,338,,NITEROI,35500-220,ETANOL,09/01/2023,3.89,,R$ / litro,IPIRANGA,2023-11-21
SE,MG,DIVINOPOLIS,DP AUTO POSTO LTDA,09.688.747/0001-59,AVENIDA GOVERNADOR MAGALHAES PINTO,338,,NITEROI,35500-220,DIESEL,09/01/2023,6.08,,R$ / litro,IPIRANGA,2023-11-21
SE,MG,DIVINOPOLIS,DP AUTO POSTO LTDA,09.688.747/0001-59,AVENIDA GOVERNADOR MAGALHAES PINTO,338,,NITEROI,35500-220,GASOLINA,09/01/2023,4.89,,R$ / litro,IPIRANGA,2023-11-21
SE,MG,NOVA LIMA,POSTO DE COMBUSTIVEL RETIRO EIRELI,10.334.577/0001-93,RUA MIGUEL WARDI,14,,OLARIA,34000-019,ETANOL,12/01/2023,3.99,,R$ / litro,ALESAT,2023-11-21
SE,MG,NOVA LIMA,POSTO DE COMBUSTIVEL RETIRO EIRELI,10.334.577/0001-93,RUA MIGUEL WARDI,14,,OLARIA,34000-019,DIESEL S10,12/01/2023,6.59,,R$ / litro,ALESAT,2023-11-21
SE,MG,NOVA LIMA,POSTO DE COMBUSTIVEL RETIRO EIRELI,10.334.577/0001-93,RUA MIGUEL WARDI,14,,OLARIA,34000-019,GASOLINA,12/01/2023,4.99,,R$ / litro,ALESAT,2023-11-21
SE,MG,GOVERNADOR VALADARES,AUTO POSTO BARROS MIRANDA LTDA,08.767.699/0001-21,AVENIDA DOUTOR RAIMUNDO MONTEIRO REZENDE,4585,,ALTINOPOLIS,35053-680,ETANOL,11/01/2023,3.99,,R$ / litro,VIBRA ENERGIA,2023-11-21
SE,MG,GOVERNADOR VALADARES,AUTO POSTO BARROS MIRANDA LTDA,08.767.699/0001-21,AVENIDA DOUTOR RAIMUNDO MONTEIRO REZENDE,4585,,ALTINOPOLIS,35053-680,DIESEL,11/01/2023,6.05,,R$ / litro,VIBRA ENERGIA,2023-11-21
SE,MG,GOVERNADOR VALADARES,AUTO POSTO BARROS MIRANDA LTDA,08.767.699/0001-21,AVENIDA DOUTOR RAIMUNDO MONTEIRO REZENDE,4585,,ALTINOPOLIS,35053-680,GASOLINA,11/01/2023,5.05,,R$ / litro,VIBRA ENERGIA,2023-11-21
SE,MG,BELO HORIZONTE,POSTO OCEANO LTDA,08.401.243/0001-43,AVENIDA DO CONTORNO,10325,,CARLOS PRATES,30110-071,ETANOL,10/01/2023,3.99,,R$ / litro,RAIZEN,2023-11-21
SE,MG,BELO HORIZONTE,POSTO OCEANO LTDA,08.401.243/0001-43,AVENIDA DO CONTORNO,10325,,CARLOS PRATES,30110-071,DIESEL S10,10/01/2023,6.37,,R$ / litro,RAIZEN,2023-11-21
SE,MG,BELO HORIZONTE,POSTO OCEANO LTDA,08.401.243/0001-43,AVENIDA DO CONTORNO,10325,,CARLOS PRATES,30110-071,GASOLINA ADITIVADA,10/01/2023,5.29,,R$ / litro,RAIZEN,2023-11-21
SE,MG,BELO HORIZONTE,POSTO OCEANO LTDA,08.401.243/0001-43,AVENIDA DO CONTORNO,10325,,CARLOS PRATES,30110-071,GASOLINA,10/01/2023,4.89,,R$ / litro,RAIZEN,2023-11-21
SE,MG,MURIAE,AUTO POSTO DORNELAS LTDA,03.285.009/0002-65,RUA JOSE BORGES ABRANTES,33,,CENTRO,36880-063,ETANOL,10/01/2023,4.29,,R$ / litro,IPIRANGA,2023-11-21
SE,MG,MURIAE,AUTO POSTO DORNELAS LTDA,03.285.009/0002-65,RUA JOSE BORGES ABRANTES,33,,CENTRO,36880-063,DIESEL S10,10/01/2023,6.39,,R$ / litro,IPIRANGA,2023-11-21
SE,MG,MURIAE,AUTO POSTO DORNELAS LTDA,03.285.009/0002-65,RUA JOSE BORGES ABRANTES,33,,CENTRO,36880-063,GASOLINA ADITIVADA,10/01/2023,5.49,,R$ / litro,IPIRANGA,2023-11-21
SE,MG,MURIAE,AUTO POSTO DORNELAS LTDA,03.285.009/0002-65,RUA JOSE BORGES ABRANTES,33,,CENTRO,36880-063,GASOLINA,10/01/2023,5.34,,R$ / litro,IPIRANGA,2023-11-21
SE,MG,MONTES CLAROS,LPJ COMBUSTÍVEIS LTDA.,09.502.042/0001-03,AVENIDA MESTRA FININHA,3602,,AUGUSTA MOTA,39400-000,ETANOL,11/01/2023,3.79,,R$ / litro,IPIRANGA,2023-11-21
SE,MG,MONTES CLAROS,LPJ COMBUSTÍVEIS LTDA.,09.502.042/0001-03,AVENIDA MESTRA FININHA,3602,,AUGUSTA MOTA,39400-000,DIESEL,11/01/2023,6.49,,R$ / litro,IPIRANGA,2023-11-21
SE,MG,MONTES CLAROS,LPJ COMBUSTÍVEIS LTDA.,09.502.042/0001-03,AVENIDA MESTRA FININHA,3602,,AUGUSTA MOTA,39400-000,GASOLINA ADITIVADA,11/01/2023,5.19,,R$ / litro,IPIRANGA,2023-11-21
SE,MG,MONTES CLAROS,LPJ COMBUSTÍVEIS LTDA.,09.502.042/0001-03,AVENIDA MESTRA FININHA,3602,,AUGUSTA MOTA,39400-000,GASOLINA,11/01/2023,4.99,,R$ / litro,IPIRANGA,2023-11-21
SE,MG,MONTES CLAROS,AUTO POSTO AMIL LTDA,08.574.321/0001-01,AVENIDA JOAO XXIII,470,,EDGAR PEREIRA,39400-162,ETANOL,11/01/2023,3.67,,R$ / litro,IPIRANGA,2023-11-21
SE,MG,MONTES CLAROS,AUTO POSTO AMIL LTDA,08.574.321/0001-01,AVENIDA JOAO XXIII,470,,EDGAR PEREIRA,39400-162,DIESEL S10,11/01/2023,6.08,,R$ / litro,IPIRANGA,2023-11-21
SE,MG,MONTES CLAROS,AUTO POSTO AMIL LTDA,08.574.321/0001-01,AVENIDA JOAO XXIII,470,,EDGAR PEREIRA,39400-162,GASOLINA,11/01/2023,4.97,,R$ / litro,IPIRANGA,2023-11-21
SE,MG,SETE LAGOAS,IRMAOS SILVA S/A,21.012.190/0035-86,RUA SANTA  HELENA,9,,CANAA,35700-285,ETANOL,09/01/2023,4.09,,R$ / litro,RAIZEN,2023-11-21
SE,MG,SETE LAGOAS,IRMAOS SILVA S/A,21.012.190/0035-86,RUA SANTA  HELENA,9,,CANAA,35700-285,DIESEL,09/01/2023,6.09,,R$ / litro,RAIZEN,2023-11-21
SE,MG,SETE LAGOAS,IRMAOS SILVA S/A,21.012.190/0035-86,RUA SANTA  HELENA,9,,CANAA,35700-285,GASOLINA ADITIVADA,09/01/2023,4.89,,R$ / litro,RAIZEN,2023-11-21
SE,MG,SETE LAGOAS,IRMAOS SILVA S/A,21.012.190/0035-86,RUA SANTA  HELENA,9,,CANAA,35700-285,GASOLINA,09/01/2023,4.89,,R$ / litro,RAIZEN,2023-11-21
SE,MG,FORMIGA,POSTO SAO RAFAEL LTDA,10.173.379/0001-95,AVENIDA PAULO LINS,133,,CENTRO,35570-000,ETANOL,09/01/2023,4.27,,R$ / litro,TOTALENERGIES,2023-11-21
SE,MG,FORMIGA,POSTO SAO RAFAEL LTDA,10.173.379/0001-95,AVENIDA PAULO LINS,133,,CENTRO,35570-000,DIESEL S10,09/01/2023,6.57,,R$ / litro,TOTALENERGIES,2023-11-21
SE,MG,FORMIGA,POSTO SAO RAFAEL LTDA,10.173.379/0001-95,AVENIDA PAULO LINS,133,,CENTRO,35570-000,GASOLINA,09/01/2023,5.17,,R$ / litro,TOTALENERGIES,2023-11-21
SE,MG,POCOS DE CALDAS,POSTO ACACIAS LTDA,09.128.405/0001-84,AVENIDA SANTO ANTONIO,310,,JARDIM CASCATINHA,37701-036,ETANOL,10/01/2023,3.99,,R$ / litro,VIBRA ENERGIA,2023-11-21
SE,MG,POCOS DE CALDAS,POSTO ACACIAS LTDA,09.128.405/0001-84,AVENIDA SANTO ANTONIO,310,,JARDIM CASCATINHA,37701-036,GASOLINA ADITIVADA,10/01/2023,5.09,,R$ / litro,VIBRA ENERGIA,2023-11-21
SE,MG,POCOS DE CALDAS,POSTO ACACIAS LTDA,09.128.405/0001-84,AVENIDA SANTO ANTONIO,310,,JARDIM CASCATINHA,37701-036,GASOLINA,10/01/2023,4.99,,R$ / litro,VIBRA ENERGIA,2023-11-21
SE,MG,POCOS DE CALDAS,POSTO ACACIAS LTDA,09.128.405/0001-84,AVENIDA SANTO ANTONIO,310,,JARDIM CASCATINHA,37701-036,GNV,10/01/2023,5.15,,R$ / m³,VIBRA ENERGIA,2023-11-21
SE,MG,UBERLANDIA,SAO LUCAS DISTRIBUIDORA DE PETROLEO LTDA,10.238.984/0001-05,AVENIDA PAULO FIRMINO,20,,JARDIM DAS PALMEIRAS,38412-343,ETANOL,10/01/2023,3.77,,R$ / litro,BRANCA,2023-11-21
SE,MG,UBERLANDIA,SAO LUCAS DISTRIBUIDORA DE PETROLEO LTDA,10.238.984/0001-05,AVENIDA PAULO FIRMINO,20,,JARDIM DAS PALMEIRAS,38412-343,DIESEL S10,10/01/2023,6.07,,R$ / litro,BRANCA,2023-11-21
SE,MG,UBERLANDIA,SAO LUCAS DISTRIBUIDORA DE PETROLEO LTDA,10.238.984/0001-05,AVENIDA PAULO FIRMINO,20,,JARDIM DAS PALMEIRAS,38412-343,DIESEL,10/01/2023,5.97,,R$ / litro,BRANCA,2023-11-21
SE,MG,UBERLANDIA,SAO LUCAS DISTRIBUIDORA DE PETROLEO LTDA,10.238.984/0001-05,AVENIDA PAULO FIRMINO,20,,JARDIM DAS PALMEIRAS,38412-343,GASOLINA ADITIVADA,10/01/2023,4.97,,R$ / litro,BRANCA,2023-11-21
SE,MG,UBERLANDIA,SAO LUCAS DISTRIBUIDORA DE PETROLEO LTDA,10.238.984/0001-05,AVENIDA PAULO FIRMINO,20,,JARDIM DAS PALMEIRAS,38412-343,GASOLINA,10/01/2023,4.87,,R$ / litro,BRANCA,2023-11-21
SE,MG,CONTAGEM,AUTO POSTO SANTOS RIOS S.R. LTDA,10.218.152/0001-19,VIA EXPRESSA DE CONTAGEM,2835,,PEROBAS,32040-025,ETANOL,09/01/2023,3.99,,R$ / litro,IPIRANGA,2023-11-21
SE,MG,CONTAGEM,AUTO POSTO SANTOS RIOS S.R. LTDA,10.218.152/0001-19,VIA EXPRESSA DE CONTAGEM,2835,,PEROBAS,32040-025,GASOLINA ADITIVADA,09/01/2023,5.09,,R$ / litro,IPIRANGA,2023-11-21
SE,MG,CONTAGEM,AUTO POSTO SANTOS RIOS S.R. LTDA,10.218.152/0001-19,VIA EXPRESSA DE CONTAGEM,2835,,PEROBAS,32040-025,GASOLINA,09/01/2023,4.89,,R$ / litro,IPIRANGA,2023-11-21
SE,MG,BARBACENA,APEC VEICULOS S/A,17.078.536/0008-07,RUA JOSE BONIFACIO,180,,CENTRO,36200-000,ETANOL,11/01/2023,3.89,,R$ / litro,RAIZEN,2023-11-21
SE,MG,BARBACENA,APEC VEICULOS S/A,17.078.536/0008-07,RUA JOSE BONIFACIO,180,,CENTRO,36200-000,DIESEL S10,11/01/2023,6.05,,R$ / litro,RAIZEN,2023-11-21
SE,MG,BARBACENA,APEC VEICULOS S/A,17.078.536/0008-07,RUA JOSE BONIFACIO,180,,CENTRO,36200-000,GASOLINA ADITIVADA,11/01/2023,5.39,,R$ / litro,RAIZEN,2023-11-21
SE,MG,BARBACENA,APEC VEICULOS S/A,17.078.536/0008-07,RUA JOSE BONIFACIO,180,,CENTRO,36200-000,GASOLINA,11/01/2023,4.99,,R$ / litro,RAIZEN,2023-11-21
SE,MG,BELO HORIZONTE,POSTO SAO BERNARDO LTDA,10.673.246/0001-88,AVENIDA CRISTIANO MACHADO,9505,,DONA CLARA,31260-333,GASOLINA ADITIVADA,10/01/2023,5.09,,R$ / litro,IPIRANGA,2023-11-21
SE,MG,FORMIGA,FORMIGUENSE COMERCIO DE COMBUSTIVEIS E DERIVADOS DE PETROLEO LTDA,11.026.352/0001-32,AVENIDA BRASIL,1286,,MANGABEIRAS,35570-000,ETANOL,10/01/2023,3.85,,R$ / litro,BRANCA,2023-11-21
SE,MG,FORMIGA,FORMIGUENSE COMERCIO DE COMBUSTIVEIS E DERIVADOS DE PETROLEO LTDA,11.026.352/0001-32,AVENIDA BRASIL,1286,,MANGABEIRAS,35570-000,DIESEL,10/01/2023,5.87,,R$ / litro,BRANCA,2023-11-21
SE,MG,FORMIGA,FORMIGUENSE COMERCIO DE COMBUSTIVEIS E DERIVADOS DE PETROLEO LTDA,11.026.352/0001-32,AVENIDA BRASIL,1286,,MANGABEIRAS,35570-000,GASOLINA,10/01/2023,4.88,,R$ / litro,BRANCA,2023-11-21
SE,MG,ARAXA,REDE DE POSTOS OLIVEIRA LTDA,11.165.625/0001-20,RUA UBERABA,990,,ALVORADA,38180-001,ETANOL,10/01/2023,3.98,,R$ / litro,TOTALENERGIES,2023-11-21
SE,MG,ARAXA,REDE DE POSTOS OLIVEIRA LTDA,11.165.625/0001-20,RUA UBERABA,990,,ALVORADA,38180-001,DIESEL S10,10/01/2023,6.3,,R$ / litro,TOTALENERGIES,2023-11-21
SE,MG,ARAXA,REDE DE POSTOS OLIVEIRA LTDA,11.165.625/0001-20,RUA UBERABA,990,,ALVORADA,38180-001,DIESEL,10/01/2023,6.25,,R$ / litro,TOTALENERGIES,2023-11-21
SE,MG,ARAXA,REDE DE POSTOS OLIVEIRA LTDA,11.165.625/0001-20,RUA UBERABA,990,,ALVORADA,38180-001,GASOLINA,10/01/2023,5.15,,R$ / litro,TOTALENERGIES,2023-11-21
SE,MG,MURIAE,MACEDO & ANDRADE COMBUSTIVEIS LTDA,05.070.160/0001-20,RUA MAESTRO SANSAO,375,,CENTRO,36880-000,ETANOL,10/01/2023,4.23,,R$ / litro,ALESAT,2023-11-21
SE,MG,MURIAE,MACEDO & ANDRADE COMBUSTIVEIS LTDA,05.070.160/0001-20,RUA MAESTRO SANSAO,375,,CENTRO,36880-000,GASOLINA ADITIVADA,10/01/2023,5.33,,R$ / litro,ALESAT,2023-11-21
SE,MG,MURIAE,MACEDO & ANDRADE COMBUSTIVEIS LTDA,05.070.160/0001-20,RUA MAESTRO SANSAO,375,,CENTRO,36880-000,GASOLINA,10/01/2023,5.33,,R$ / litro,ALESAT,2023-11-21
SE,MG,IPATINGA,COMERCIAL DE COMBUSTIVEIS CARAVELAS LTDA,10.865.072/0001-55,RUA JUNDIAI,95,,CARAVELAS,35164-281,ETANOL,09/01/2023,4.05,,R$ / litro,ALESAT,2023-11-21
SE,MG,IPATINGA,COMERCIAL DE COMBUSTIVEIS CARAVELAS LTDA,10.865.072/0001-55,RUA JUNDIAI,95,,CARAVELAS,35164-281,DIESEL,09/01/2023,6.05,,R$ / litro,ALESAT,2023-11-21
SE,MG,IPATINGA,COMERCIAL DE COMBUSTIVEIS CARAVELAS LTDA,10.865.072/0001-55,RUA JUNDIAI,95,,CARAVELAS,35164-281,GASOLINA,09/01/2023,4.92,,R$ / litro,ALESAT,2023-11-21
SE,MG,UBERABA,CENTRAL AUTO POSTO LTDA,07.511.410/0001-46,RUA SEGISMUNDO MENDES,306,,CENTRO,38010-140,ETANOL,11/01/2023,3.64,,R$ / litro,BRANCA,2023-11-21
SE,MG,UBERABA,CENTRAL AUTO POSTO LTDA,07.511.410/0001-46,RUA SEGISMUNDO MENDES,306,,CENTRO,38010-140,DIESEL S10,11/01/2023,6.29,,R$ / litro,BRANCA,2023-11-21
SE,MG,UBERABA,CENTRAL AUTO POSTO LTDA,07.511.410/0001-46,RUA SEGISMUNDO MENDES,306,,CENTRO,38010-140,GASOLINA,11/01/2023,4.79,,R$ / litro,BRANCA,2023-11-21
SE,MG,ITUIUTABA,POSTO EXPOPEC EIRELI,11.211.101/0001-28,AVENIDA NIVALDO INACIO MOREIRA,2500,,LAGOA AZUL I,38307-178,ETANOL,09/01/2023,3.84,,R$ / litro,BRANCA,2023-11-21
SE,MG,ITUIUTABA,POSTO EXPOPEC EIRELI,11.211.101/0001-28,AVENIDA NIVALDO INACIO MOREIRA,2500,,LAGOA AZUL I,38307-178,DIESEL S10,09/01/2023,6.19,,R$ / litro,BRANCA,2023-11-21
SE,MG,ITUIUTABA,POSTO EXPOPEC EIRELI,11.211.101/0001-28,AVENIDA NIVALDO INACIO MOREIRA,2500,,LAGOA AZUL I,38307-178,DIESEL,09/01/2023,6.09,,R$ / litro,BRANCA,2023-11-21
SE,MG,ITUIUTABA,POSTO EXPOPEC EIRELI,11.211.101/0001-28,AVENIDA NIVALDO INACIO MOREIRA,2500,,LAGOA AZUL I,38307-178,GASOLINA,09/01/2023,4.93,,R$ / litro,BRANCA,2023-11-21
SE,MG,LAVRAS,PETROLEO ELDORADO LTDA.,11.294.193/0001-57,AVENIDA SILVIO MENICUCCI,555,: AREA 1;,NOVA LAVRAS,37200-000,ETANOL,12/01/2023,4.15,,R$ / litro,IPIRANGA,2023-11-21
SE,MG,LAVRAS,PETROLEO ELDORADO LTDA.,11.294.193/0001-57,AVENIDA SILVIO MENICUCCI,555,: AREA 1;,NOVA LAVRAS,37200-000,GASOLINA,12/01/2023,4.99,,R$ / litro,IPIRANGA,2023-11-21
SE,MG,POUSO ALEGRE,POSTO NOVA MINAS EIRELI,11.335.529/0001-82,AVENIDA PINTO COBRA,100,,VILA MARIANA,37550-000,ETANOL,12/01/2023,3.95,,R$ / litro,RAIZEN,2023-11-21
SE,MG,POUSO ALEGRE,POSTO NOVA MINAS EIRELI,11.335.529/0001-82,AVENIDA PINTO COBRA,100,,VILA MARIANA,37550-000,GASOLINA ADITIVADA,12/01/2023,5.19,,R$ / litro,RAIZEN,2023-11-21
SE,MG,POUSO ALEGRE,POSTO NOVA MINAS EIRELI,11.335.529/0001-82,AVENIDA PINTO COBRA,100,,VILA MARIANA,37550-000,GASOLINA,12/01/2023,4.99,,R$ / litro,RAIZEN,2023-11-21
SE,MG,SAO SEBASTIAO DO PARAISO,ROTA EXPRESS AUTO POSTO LTDA,11.538.082/0001-49,AVENIDA ZEZE AMARAL,335,,JARDIM SAO JOSE,37950-000,ETANOL,10/01/2023,4,,R$ / litro,VIBRA ENERGIA,2023-11-21
SE,MG,SAO SEBASTIAO DO PARAISO,ROTA EXPRESS AUTO POSTO LTDA,11.538.082/0001-49,AVENIDA ZEZE AMARAL,335,,JARDIM SAO JOSE,37950-000,DIESEL S10,10/01/2023,7.89,,R$ / litro,VIBRA ENERGIA,2023-11-21
SE,MG,SAO SEBASTIAO DO PARAISO,ROTA EXPRESS AUTO POSTO LTDA,11.538.082/0001-49,AVENIDA ZEZE AMARAL,335,,JARDIM SAO JOSE,37950-000,DIESEL,10/01/2023,7.69,,R$ / litro,VIBRA ENERGIA,2023-11-21
SE,MG,SAO SEBASTIAO DO PARAISO,ROTA EXPRESS AUTO POSTO LTDA,11.538.082/0001-49,AVENIDA ZEZE AMARAL,335,,JARDIM SAO JOSE,37950-000,GASOLINA ADITIVADA,10/01/2023,5.4,,R$ / litro,VIBRA ENERGIA,2023-11-21
SE,MG,SAO SEBASTIAO DO PARAISO,ROTA EXPRESS AUTO POSTO LTDA,11.538.082/0001-49,AVENIDA ZEZE AMARAL,335,,JARDIM SAO JOSE,37950-000,GASOLINA,10/01/2023,5.4,,R$ / litro,VIBRA ENERGIA,2023-11-21
SE,MG,CARATINGA,POSTO DE COMBUSTIVEIS TEIXEIRA LTDA,11.533.358/0001-04,AVENIDA DARIO DE ANUNCIACAO GROSSI,139,,SALATIEL,35304-210,ETANOL,09/01/2023,4.19,,R$ / litro,ALESAT,2023-11-21
SE,MG,CARATINGA,POSTO DE COMBUSTIVEIS TEIXEIRA LTDA,11.533.358/0001-04,AVENIDA DARIO DE ANUNCIACAO GROSSI,139,,SALATIEL,35304-210,DIESEL S10,09/01/2023,6.39,,R$ / litro,ALESAT,2023-11-21
SE,MG,CARATINGA,POSTO DE COMBUSTIVEIS TEIXEIRA LTDA,11.533.358/0001-04,AVENIDA DARIO DE ANUNCIACAO GROSSI,139,,SALATIEL,35304-210,DIESEL,09/01/2023,6.29,,R$ / litro,ALESAT,2023-11-21
SE,MG,CARATINGA,POSTO DE COMBUSTIVEIS TEIXEIRA LTDA,11.533.358/0001-04,AVENIDA DARIO DE ANUNCIACAO GROSSI,139,,SALATIEL,35304-210,GASOLINA ADITIVADA,09/01/2023,5.49,,R$ / litro,ALESAT,2023-11-21
SE,MG,CARATINGA,POSTO DE COMBUSTIVEIS TEIXEIRA LTDA,11.533.358/0001-04,AVENIDA DARIO DE ANUNCIACAO GROSSI,139,,SALATIEL,35304-210,GASOLINA,09/01/2023,5.29,,R$ / litro,ALESAT,2023-11-21
SE,MG,PARA DE MINAS,AVANT PARA DE MINAS COMBUSTIVEIS LTDA,11.449.228/0001-80,AVENIDA PROFESSOR  MELLO CANÇADO,1020,,VILA SINHO,35660-084,ETANOL,09/01/2023,3.82,,R$ / litro,BRANCA,2023-11-21
SE,MG,PARA DE MINAS,AVANT PARA DE MINAS COMBUSTIVEIS LTDA,11.449.228/0001-80,AVENIDA PROFESSOR  MELLO CANÇADO,1020,,VILA SINHO,35660-084,GASOLINA,09/01/2023,4.92,,R$ / litro,BRANCA,2023-11-21
SE,MG,BELO HORIZONTE,GAS BRAS LTDA,04.274.096/0001-37,RODOVIA PAPA JOAO PAULO II,400,,SATELITE,31748-002,ETANOL,09/01/2023,4.09,,R$ / litro,ALESAT,2023-11-21
SE,MG,BELO HORIZONTE,GAS BRAS LTDA,04.274.096/0001-37,RODOVIA PAPA JOAO PAULO II,400,,SATELITE,31748-002,DIESEL S10,09/01/2023,6.29,,R$ / litro,ALESAT,2023-11-21
SE,MG,BELO HORIZONTE,GAS BRAS LTDA,04.274.096/0001-37,RODOVIA PAPA JOAO PAULO II,400,,SATELITE,31748-002,GASOLINA ADITIVADA,09/01/2023,5.09,,R$ / litro,ALESAT,2023-11-21
SE,MG,BELO HORIZONTE,GAS BRAS LTDA,04.274.096/0001-37,RODOVIA PAPA JOAO PAULO II,400,,SATELITE,31748-002,GASOLINA,09/01/2023,4.89,,R$ / litro,ALESAT,2023-11-21
SE,MG,ITAUNA,MARPETRO - COMERCIO E DISTRIBUICAO DE COMBUSTIVEIS LTDA,08.335.793/0001-01,RODOVIA MG-431,KM 40,552 METROS                POSTO DE GASOLINA,VILA TAVARES,35680-143,ETANOL,09/01/2023,3.99,,R$ / litro,ALESAT,2023-11-21
SE,MG,ITAUNA,MARPETRO - COMERCIO E DISTRIBUICAO DE COMBUSTIVEIS LTDA,08.335.793/0001-01,RODOVIA MG-431,KM 40,552 METROS                POSTO DE GASOLINA,VILA TAVARES,35680-143,DIESEL S10,09/01/2023,6.59,,R$ / litro,ALESAT,2023-11-21
SE,MG,ITAUNA,MARPETRO - COMERCIO E DISTRIBUICAO DE COMBUSTIVEIS LTDA,08.335.793/0001-01,RODOVIA MG-431,KM 40,552 METROS                POSTO DE GASOLINA,VILA TAVARES,35680-143,DIESEL,09/01/2023,6.49,,R$ / litro,ALESAT,2023-11-21
SE,MG,ITAUNA,MARPETRO - COMERCIO E DISTRIBUICAO DE COMBUSTIVEIS LTDA,08.335.793/0001-01,RODOVIA MG-431,KM 40,552 METROS                POSTO DE GASOLINA,VILA TAVARES,35680-143,GASOLINA,09/01/2023,5.09,,R$ / litro,ALESAT,2023-11-21
SE,MG,ARAGUARI,POSTO NASCIMENTO LTDA,07.453.243/0002-05,PRAÇA JUVENIL ALVES DE MELO,131,,JARDIM REGINA,38440-140,ETANOL,09/01/2023,3.77,,R$ / litro,BRANCA,2023-11-21
SE,MG,ARAGUARI,POSTO NASCIMENTO LTDA,07.453.243/0002-05,PRAÇA JUVENIL ALVES DE MELO,131,,JARDIM REGINA,38440-140,DIESEL S10,09/01/2023,6.05,,R$ / litro,BRANCA,2023-11-21
SE,MG,ARAGUARI,POSTO NASCIMENTO LTDA,07.453.243/0002-05,PRAÇA JUVENIL ALVES DE MELO,131,,JARDIM REGINA,38440-140,DIESEL,09/01/2023,5.91,,R$ / litro,BRANCA,2023-11-21
SE,MG,ARAGUARI,POSTO NASCIMENTO LTDA,07.453.243/0002-05,PRAÇA JUVENIL ALVES DE MELO,131,,JARDIM REGINA,38440-140,GASOLINA,09/01/2023,4.79,,R$ / litro,BRANCA,2023-11-21
SE,MG,MONTE CARMELO,AUTO POSTO JFA CORDEIRO LTDA,11.438.288/0001-05,RUA CEL. VIRGILIO ROSA,734,LETRA: A;,N S DE FATIMA,38500-000,GASOLINA,11/01/2023,4.79,,R$ / litro,BRANCA,2023-11-21
SE,MG,MONTE CARMELO,AUTO POSTO JFA CORDEIRO LTDA,11.438.288/0001-05,RUA CEL. VIRGILIO ROSA,734,LETRA: A;,N S DE FATIMA,38500-000,ETANOL,11/01/2023,3.68,,R$ / litro,BRANCA,2023-11-21
SE,MG,POCOS DE CALDAS,AUTO POSTO PAMPA LTDA.,11.836.930/0001-04,AVENIDA JOSE REMIGIO PREZIA,609,,JARDIM DOS ESTADOS,37701-102,ETANOL,10/01/2023,3.99,,R$ / litro,BRANCA,2023-11-21
SE,MG,POCOS DE CALDAS,AUTO POSTO PAMPA LTDA.,11.836.930/0001-04,AVENIDA JOSE REMIGIO PREZIA,609,,JARDIM DOS ESTADOS,37701-102,DIESEL S10,10/01/2023,6.99,,R$ / litro,BRANCA,2023-11-21
SE,MG,POCOS DE CALDAS,AUTO POSTO PAMPA LTDA.,11.836.930/0001-04,AVENIDA JOSE REMIGIO PREZIA,609,,JARDIM DOS ESTADOS,37701-102,GASOLINA ADITIVADA,10/01/2023,5.09,,R$ / litro,BRANCA,2023-11-21
SE,MG,POCOS DE CALDAS,AUTO POSTO PAMPA LTDA.,11.836.930/0001-04,AVENIDA JOSE REMIGIO PREZIA,609,,JARDIM DOS ESTADOS,37701-102,GASOLINA,10/01/2023,4.99,,R$ / litro,BRANCA,2023-11-21
SE,MG,SAO SEBASTIAO DO PARAISO,FCQ AUTO POSTO LTDA,12.387.244/0001-58,AVENIDA OLIVEIRA RESENDE,691,LETRA: A;,JARDIM VITORIA I,37950-000,ETANOL,10/01/2023,3.99,,R$ / litro,VIBRA ENERGIA,2023-11-21
SE,MG,SAO SEBASTIAO DO PARAISO,FCQ AUTO POSTO LTDA,12.387.244/0001-58,AVENIDA OLIVEIRA RESENDE,691,LETRA: A;,JARDIM VITORIA I,37950-000,DIESEL S10,10/01/2023,6.39,,R$ / litro,VIBRA ENERGIA,2023-11-21
SE,MG,SAO SEBASTIAO DO PARAISO,FCQ AUTO POSTO LTDA,12.387.244/0001-58,AVENIDA OLIVEIRA RESENDE,691,LETRA: A;,JARDIM VITORIA I,37950-000,DIESEL,10/01/2023,6.29,,R$ / litro,VIBRA ENERGIA,2023-11-21
SE,MG,SAO SEBASTIAO DO PARAISO,FCQ AUTO POSTO LTDA,12.387.244/0001-58,AVENIDA OLIVEIRA RESENDE,691,LETRA: A;,JARDIM VITORIA I,37950-000,GASOLINA,10/01/2023,5.29,,R$ / litro,VIBRA ENERGIA,2023-11-21
SE,MG,BELO HORIZONTE,POSTO CENTER NORTE LTDA,10.684.461/0001-84,AVENIDA VILARINHO,5360,,VENDA NOVA,31615-250,ETANOL,09/01/2023,3.99,,R$ / litro,VIBRA ENERGIA,2023-11-21
SE,MG,BELO HORIZONTE,POSTO CENTER NORTE LTDA,10.684.461/0001-84,AVENIDA VILARINHO,5360,,VENDA NOVA,31615-250,DIESEL S10,09/01/2023,6.19,,R$ / litro,VIBRA ENERGIA,2023-11-21
SE,MG,BELO HORIZONTE,POSTO CENTER NORTE LTDA,10.684.461/0001-84,AVENIDA VILARINHO,5360,,VENDA NOVA,31615-250,GASOLINA,09/01/2023,4.89,,R$ / litro,VIBRA ENERGIA,2023-11-21
SE,MG,SETE LAGOAS,POSTO VOLKSSETE LTDA,06.925.199/0001-45,AVENIDA PREFEITO ALBERTO MOURA,2000,,MATA GRANDE,35702-383,ETANOL,09/01/2023,4.09,,R$ / litro,VIBRA ENERGIA,2023-11-21
SE,MG,SETE LAGOAS,POSTO VOLKSSETE LTDA,06.925.199/0001-45,AVENIDA PREFEITO ALBERTO MOURA,2000,,MATA GRANDE,35702-383,DIESEL S10,09/01/2023,6.09,,R$ / litro,VIBRA ENERGIA,2023-11-21
SE,MG,SETE LAGOAS,POSTO VOLKSSETE LTDA,06.925.199/0001-45,AVENIDA PREFEITO ALBERTO MOURA,2000,,MATA GRANDE,35702-383,DIESEL,09/01/2023,5.99,,R$ / litro,VIBRA ENERGIA,2023-11-21
SE,MG,SETE LAGOAS,POSTO VOLKSSETE LTDA,06.925.199/0001-45,AVENIDA PREFEITO ALBERTO MOURA,2000,,MATA GRANDE,35702-383,GASOLINA,09/01/2023,4.89,,R$ / litro,VIBRA ENERGIA,2023-11-21
SE,MG,BELO HORIZONTE,POSTO MONTE SANTO LTDA,08.223.834/0001-78,AVENIDA DOM PEDRO II,3038,,CAICARA,30720-460,ETANOL,10/01/2023,3.98,,R$ / litro,VIBRA ENERGIA,2023-11-21
SE,MG,BELO HORIZONTE,POSTO MONTE SANTO LTDA,08.223.834/0001-78,AVENIDA DOM PEDRO II,3038,,CAICARA,30720-460,GASOLINA ADITIVADA,10/01/2023,5.08,,R$ / litro,VIBRA ENERGIA,2023-11-21
SE,MG,BELO HORIZONTE,POSTO MONTE SANTO LTDA,08.223.834/0001-78,AVENIDA DOM PEDRO II,3038,,CAICARA,30720-460,GASOLINA,10/01/2023,4.88,,R$ / litro,VIBRA ENERGIA,2023-11-21
SE,MG,JUIZ DE FORA,AUTO POSTO CHALE LTDA.,12.941.507/0001-29,AVENIDA BARAO DO RIO BRANCO,3950,,PASSOS,36021-630,ETANOL,13/01/2023,4.29,,R$ / litro,RAIZEN,2023-11-21
SE,MG,JUIZ DE FORA,AUTO POSTO CHALE LTDA.,12.941.507/0001-29,AVENIDA BARAO DO RIO BRANCO,3950,,PASSOS,36021-630,DIESEL S10,13/01/2023,6.69,,R$ / litro,RAIZEN,2023-11-21
SE,MG,JUIZ DE FORA,AUTO POSTO CHALE LTDA.,12.941.507/0001-29,AVENIDA BARAO DO RIO BRANCO,3950,,PASSOS,36021-630,GASOLINA ADITIVADA,13/01/2023,5.39,,R$ / litro,RAIZEN,2023-11-21
SE,MG,JUIZ DE FORA,AUTO POSTO CHALE LTDA.,12.941.507/0001-29,AVENIDA BARAO DO RIO BRANCO,3950,,PASSOS,36021-630,GASOLINA,13/01/2023,5.19,,R$ / litro,RAIZEN,2023-11-21
SE,MG,DIVINOPOLIS,SG COMERCIO DE COMBUSTIVEIS LTDA,13.594.690/0001-04,RUA ITAPECERICA,45,,CENTRO,35500-018,ETANOL,09/01/2023,4.09,,R$ / litro,VIBRA ENERGIA,2023-11-21
SE,MG,DIVINOPOLIS,SG COMERCIO DE COMBUSTIVEIS LTDA,13.594.690/0001-04,RUA ITAPECERICA,45,,CENTRO,35500-018,GASOLINA,09/01/2023,4.99,,R$ / litro,VIBRA ENERGIA,2023-11-21
SE,MG,GOVERNADOR VALADARES,AUTO POSTO ANDRAMAGA LTDA,13.693.566/0001-98,AVENIDA JK,2961,,VILA RICA,35045-250,ETANOL,10/01/2023,3.99,,R$ / litro,BRANCA,2023-11-21
SE,MG,GOVERNADOR VALADARES,AUTO POSTO ANDRAMAGA LTDA,13.693.566/0001-98,AVENIDA JK,2961,,VILA RICA,35045-250,DIESEL S10,10/01/2023,6.28,,R$ / litro,BRANCA,2023-11-21
SE,MG,GOVERNADOR VALADARES,AUTO POSTO ANDRAMAGA LTDA,13.693.566/0001-98,AVENIDA JK,2961,,VILA RICA,35045-250,GASOLINA ADITIVADA,10/01/2023,5.35,,R$ / litro,BRANCA,2023-11-21
SE,MG,GOVERNADOR VALADARES,AUTO POSTO ANDRAMAGA LTDA,13.693.566/0001-98,AVENIDA JK,2961,,VILA RICA,35045-250,GASOLINA,10/01/2023,5.05,,R$ / litro,BRANCA,2023-11-21
SE,MG,LAVRAS,GENTIL COMERCIO DE COMBUSTIVEIS LAVRAS LTDA,13.570.786/0001-24,RUA DOUTOR EVARISTO VILELA DE CARVALHO,5,,CONJ HABITACIONAL AGUA LIMPA,37200-000,ETANOL,12/01/2023,3.79,,R$ / litro,BRANCA,2023-11-21
SE,MG,LAVRAS,GENTIL COMERCIO DE COMBUSTIVEIS LAVRAS LTDA,13.570.786/0001-24,RUA DOUTOR EVARISTO VILELA DE CARVALHO,5,,CONJ HABITACIONAL AGUA LIMPA,37200-000,DIESEL S10,12/01/2023,5.95,,R$ / litro,BRANCA,2023-11-21
SE,MG,LAVRAS,GENTIL COMERCIO DE COMBUSTIVEIS LAVRAS LTDA,13.570.786/0001-24,RUA DOUTOR EVARISTO VILELA DE CARVALHO,5,,CONJ HABITACIONAL AGUA LIMPA,37200-000,GASOLINA,12/01/2023,4.84,,R$ / litro,BRANCA,2023-11-21
SE,MG,IPATINGA,POSTO GT LTDA,17.006.537/0008-38,AVENIDA MINAS GERAIS,458,,JARDIM PANORAMA,35162-094,ETANOL,09/01/2023,4.25,,R$ / litro,VIBRA ENERGIA,2023-11-21
SE,MG,IPATINGA,POSTO GT LTDA,17.006.537/0008-38,AVENIDA MINAS GERAIS,458,,JARDIM PANORAMA,35162-094,DIESEL S10,09/01/2023,6.29,,R$ / litro,VIBRA ENERGIA,2023-11-21
SE,MG,IPATINGA,POSTO GT LTDA,17.006.537/0008-38,AVENIDA MINAS GERAIS,458,,JARDIM PANORAMA,35162-094,DIESEL,09/01/2023,6.19,,R$ / litro,VIBRA ENERGIA,2023-11-21
SE,MG,IPATINGA,POSTO GT LTDA,17.006.537/0008-38,AVENIDA MINAS GERAIS,458,,JARDIM PANORAMA,35162-094,GASOLINA ADITIVADA,09/01/2023,5.09,,R$ / litro,VIBRA ENERGIA,2023-11-21
SE,MG,IPATINGA,POSTO GT LTDA,17.006.537/0008-38,AVENIDA MINAS GERAIS,458,,JARDIM PANORAMA,35162-094,GASOLINA,09/01/2023,4.99,,R$ / litro,VIBRA ENERGIA,2023-11-21
SE,MG,SAO JOAO DEL REI,AUTO POSTO ESPACO REAL LTDA,12.252.711/0001-32,AVENIDA TRINTA E UM DE MARCO,3000,,COLONIA DO MARCAL,36302-016,ETANOL,11/01/2023,3.99,,R$ / litro,IPIRANGA,2023-11-21
SE,MG,SAO JOAO DEL REI,AUTO POSTO ESPACO REAL LTDA,12.252.711/0001-32,AVENIDA TRINTA E UM DE MARCO,3000,,COLONIA DO MARCAL,36302-016,DIESEL S10,11/01/2023,6.47,,R$ / litro,IPIRANGA,2023-11-21
SE,MG,SAO JOAO DEL REI,AUTO POSTO ESPACO REAL LTDA,12.252.711/0001-32,AVENIDA TRINTA E UM DE MARCO,3000,,COLONIA DO MARCAL,36302-016,DIESEL,11/01/2023,6.38,,R$ / litro,IPIRANGA,2023-11-21
SE,MG,SAO JOAO DEL REI,AUTO POSTO ESPACO REAL LTDA,12.252.711/0001-32,AVENIDA TRINTA E UM DE MARCO,3000,,COLONIA DO MARCAL,36302-016,GASOLINA ADITIVADA,11/01/2023,5.29,,R$ / litro,IPIRANGA,2023-11-21
SE,MG,SAO JOAO DEL REI,AUTO POSTO ESPACO REAL LTDA,12.252.711/0001-32,AVENIDA TRINTA E UM DE MARCO,3000,,COLONIA DO MARCAL,36302-016,GASOLINA,11/01/2023,4.96,,R$ / litro,IPIRANGA,2023-11-21
SE,MG,POCOS DE CALDAS,AUTO POSTO JLP LTDA,13.438.991/0001-30,AVENIDA JOSE REMIGIO PREZIA,13,,JARDIM DOS ESTADOS,37701-102,ETANOL,10/01/2023,3.68,,R$ / litro,BRANCA,2023-11-21
SE,MG,POCOS DE CALDAS,AUTO POSTO JLP LTDA,13.438.991/0001-30,AVENIDA JOSE REMIGIO PREZIA,13,,JARDIM DOS ESTADOS,37701-102,DIESEL S10,10/01/2023,6.19,,R$ / litro,BRANCA,2023-11-21
SE,MG,POCOS DE CALDAS,AUTO POSTO JLP LTDA,13.438.991/0001-30,AVENIDA JOSE REMIGIO PREZIA,13,,JARDIM DOS ESTADOS,37701-102,GASOLINA,10/01/2023,4.77,,R$ / litro,BRANCA,2023-11-21
SE,MG,PASSOS,AUTO POSTO EXPEDICIONARIOS LTDA,14.532.993/0001-57,AVENIDA JK,407,,JARDIM COLEGIO DE PASSOS,37901-000,ETANOL,12/01/2023,3.69,,R$ / litro,BRANCA,2023-11-21
SE,MG,PASSOS,AUTO POSTO EXPEDICIONARIOS LTDA,14.532.993/0001-57,AVENIDA JK,407,,JARDIM COLEGIO DE PASSOS,37901-000,DIESEL S10,12/01/2023,6.19,,R$ / litro,BRANCA,2023-11-21
SE,MG,PASSOS,AUTO POSTO EXPEDICIONARIOS LTDA,14.532.993/0001-57,AVENIDA JK,407,,JARDIM COLEGIO DE PASSOS,37901-000,DIESEL,12/01/2023,6.09,,R$ / litro,BRANCA,2023-11-21
SE,MG,PASSOS,AUTO POSTO EXPEDICIONARIOS LTDA,14.532.993/0001-57,AVENIDA JK,407,,JARDIM COLEGIO DE PASSOS,37901-000,GASOLINA ADITIVADA,12/01/2023,4.75,,R$ / litro,BRANCA,2023-11-21
SE,MG,PASSOS,AUTO POSTO EXPEDICIONARIOS LTDA,14.532.993/0001-57,AVENIDA JK,407,,JARDIM COLEGIO DE PASSOS,37901-000,GASOLINA,12/01/2023,4.65,,R$ / litro,BRANCA,2023-11-21
SE,MG,PASSOS,BARAO AUTO POSTO LTDA,14.533.037/0001-90,RUA MATO GROSSO,1428,,JARDIM COLEGIO DE PASSOS,37900-228,ETANOL,12/01/2023,3.69,,R$ / litro,BRANCA,2023-11-21
SE,MG,PASSOS,BARAO AUTO POSTO LTDA,14.533.037/0001-90,RUA MATO GROSSO,1428,,JARDIM COLEGIO DE PASSOS,37900-228,DIESEL S10,12/01/2023,6.19,,R$ / litro,BRANCA,2023-11-21
SE,MG,PASSOS,BARAO AUTO POSTO LTDA,14.533.037/0001-90,RUA MATO GROSSO,1428,,JARDIM COLEGIO DE PASSOS,37900-228,DIESEL,12/01/2023,6.09,,R$ / litro,BRANCA,2023-11-21
SE,MG,PASSOS,BARAO AUTO POSTO LTDA,14.533.037/0001-90,RUA MATO GROSSO,1428,,JARDIM COLEGIO DE PASSOS,37900-228,GASOLINA ADITIVADA,12/01/2023,4.65,,R$ / litro,BRANCA,2023-11-21
SE,MG,PASSOS,BARAO AUTO POSTO LTDA,14.533.037/0001-90,RUA MATO GROSSO,1428,,JARDIM COLEGIO DE PASSOS,37900-228,GASOLINA,12/01/2023,4.65,,R$ / litro,BRANCA,2023-11-21
SE,MG,IPATINGA,POSTO GT LTDA,17.006.537/0009-19,AVENIDA GUIDO MARLIERI,1015,,JARDIM PANORAMA,35164-386,ETANOL,09/01/2023,4.25,,R$ / litro,VIBRA ENERGIA,2023-11-21
SE,MG,IPATINGA,POSTO GT LTDA,17.006.537/0009-19,AVENIDA GUIDO MARLIERI,1015,,JARDIM PANORAMA,35164-386,DIESEL S10,09/01/2023,6.29,,R$ / litro,VIBRA ENERGIA,2023-11-21
SE,MG,IPATINGA,POSTO GT LTDA,17.006.537/0009-19,AVENIDA GUIDO MARLIERI,1015,,JARDIM PANORAMA,35164-386,DIESEL,09/01/2023,6.19,,R$ / litro,VIBRA ENERGIA,2023-11-21
SE,MG,IPATINGA,POSTO GT LTDA,17.006.537/0009-19,AVENIDA GUIDO MARLIERI,1015,,JARDIM PANORAMA,35164-386,GASOLINA ADITIVADA,09/01/2023,5.09,,R$ / litro,VIBRA ENERGIA,2023-11-21
SE,MG,IPATINGA,POSTO GT LTDA,17.006.537/0009-19,AVENIDA GUIDO MARLIERI,1015,,JARDIM PANORAMA,35164-386,GASOLINA,09/01/2023,4.99,,R$ / litro,VIBRA ENERGIA,2023-11-21
SE,MG,BELO HORIZONTE,POSTO OLIMAR COMERCIO DE COMBUSTIVEIS LTDA,14.135.978/0001-75,AVENIDA TEREZA CRISTINA,2350,,PADRE EUSTAQUIO,30720-230,ETANOL,10/01/2023,3.88,,R$ / litro,IPIRANGA,2023-11-21
SE,MG,BELO HORIZONTE,POSTO OLIMAR COMERCIO DE COMBUSTIVEIS LTDA,14.135.978/0001-75,AVENIDA TEREZA CRISTINA,2350,,PADRE EUSTAQUIO,30720-230,GASOLINA ADITIVADA,10/01/2023,4.98,,R$ / litro,IPIRANGA,2023-11-21
SE,MG,BELO HORIZONTE,POSTO OLIMAR COMERCIO DE COMBUSTIVEIS LTDA,14.135.978/0001-75,AVENIDA TEREZA CRISTINA,2350,,PADRE EUSTAQUIO,30720-230,GASOLINA,10/01/2023,4.78,,R$ / litro,IPIRANGA,2023-11-21
SE,MG,LAVRAS,AUTO POSTO MARCAL LTDA,07.702.845/0002-59,RUA PEDRO GOMIDE DO NASCIMENTO,48,,JARDIM FABIANA,37200-000,ETANOL,12/01/2023,3.99,,R$ / litro,ALESAT,2023-11-21
SE,MG,LAVRAS,AUTO POSTO MARCAL LTDA,07.702.845/0002-59,RUA PEDRO GOMIDE DO NASCIMENTO,48,,JARDIM FABIANA,37200-000,DIESEL S10,12/01/2023,6.09,,R$ / litro,ALESAT,2023-11-21
SE,MG,LAVRAS,AUTO POSTO MARCAL LTDA,07.702.845/0002-59,RUA PEDRO GOMIDE DO NASCIMENTO,48,,JARDIM FABIANA,37200-000,GASOLINA ADITIVADA,12/01/2023,4.94,,R$ / litro,ALESAT,2023-11-21
SE,MG,LAVRAS,AUTO POSTO MARCAL LTDA,07.702.845/0002-59,RUA PEDRO GOMIDE DO NASCIMENTO,48,,JARDIM FABIANA,37200-000,GASOLINA,12/01/2023,4.89,,R$ / litro,ALESAT,2023-11-21
SE,MG,SAO SEBASTIAO DO PARAISO,AUTO POSTO ZAMBIASI LTDA,08.346.578/0001-06,RODOVIA MG 050,455,: POSTO;,SUBURBIO,37950-000,ETANOL,10/01/2023,4.69,,R$ / litro,VIBRA ENERGIA,2023-11-21
SE,MG,SAO SEBASTIAO DO PARAISO,AUTO POSTO ZAMBIASI LTDA,08.346.578/0001-06,RODOVIA MG 050,455,: POSTO;,SUBURBIO,37950-000,DIESEL S10,10/01/2023,6.18,,R$ / litro,VIBRA ENERGIA,2023-11-21
SE,MG,SAO SEBASTIAO DO PARAISO,AUTO POSTO ZAMBIASI LTDA,08.346.578/0001-06,RODOVIA MG 050,455,: POSTO;,SUBURBIO,37950-000,DIESEL,10/01/2023,6.08,,R$ / litro,VIBRA ENERGIA,2023-11-21
SE,MG,SAO SEBASTIAO DO PARAISO,AUTO POSTO ZAMBIASI LTDA,08.346.578/0001-06,RODOVIA MG 050,455,: POSTO;,SUBURBIO,37950-000,GASOLINA,10/01/2023,5.29,,R$ / litro,VIBRA ENERGIA,2023-11-21
SE,MG,ARAXA,REDE DE POSTOS OLIVEIRA LTDA,11.165.625/0003-91,PRACA CORONEL ADOLFO,27,,VILA SAO PEDRO,38183-085,ETANOL,10/01/2023,4.15,,R$ / litro,TOTALENERGIES,2023-11-21
SE,MG,ARAXA,REDE DE POSTOS OLIVEIRA LTDA,11.165.625/0003-91,PRACA CORONEL ADOLFO,27,,VILA SAO PEDRO,38183-085,GASOLINA,10/01/2023,5.18,,R$ / litro,TOTALENERGIES,2023-11-21
SE,MG,ARAXA,PETRO BULL COMBUSTIVEIS LTDA,15.746.091/0001-86,AVENIDA   AMAZONAS,308,,SAO GERALDO,38180-084,ETANOL,10/01/2023,4.09,,R$ / litro,BRANCA,2023-11-21
SE,MG,ARAXA,PETRO BULL COMBUSTIVEIS LTDA,15.746.091/0001-86,AVENIDA   AMAZONAS,308,,SAO GERALDO,38180-084,DIESEL S10,10/01/2023,6.29,,R$ / litro,BRANCA,2023-11-21
SE,MG,ARAXA,PETRO BULL COMBUSTIVEIS LTDA,15.746.091/0001-86,AVENIDA   AMAZONAS,308,,SAO GERALDO,38180-084,GASOLINA ADITIVADA,10/01/2023,5.19,,R$ / litro,BRANCA,2023-11-21
SE,MG,ARAXA,PETRO BULL COMBUSTIVEIS LTDA,15.746.091/0001-86,AVENIDA   AMAZONAS,308,,SAO GERALDO,38180-084,GASOLINA,10/01/2023,5.19,,R$ / litro,BRANCA,2023-11-21
SE,MG,TIMOTEO,COMERCIAL DE COMBUSTIVEIS FUNCIONARIOS LTDA,15.300.290/0001-66,AVENIDA ALBERTO BATISTA GALLO,2,: F;,FUNCIONARIOS,35180-406,ETANOL,12/01/2023,4.05,,R$ / litro,ALESAT,2023-11-21
SE,MG,TIMOTEO,COMERCIAL DE COMBUSTIVEIS FUNCIONARIOS LTDA,15.300.290/0001-66,AVENIDA ALBERTO BATISTA GALLO,2,: F;,FUNCIONARIOS,35180-406,DIESEL S10,12/01/2023,6.1,,R$ / litro,ALESAT,2023-11-21
SE,MG,TIMOTEO,COMERCIAL DE COMBUSTIVEIS FUNCIONARIOS LTDA,15.300.290/0001-66,AVENIDA ALBERTO BATISTA GALLO,2,: F;,FUNCIONARIOS,35180-406,DIESEL,12/01/2023,6.05,,R$ / litro,ALESAT,2023-11-21
SE,MG,TIMOTEO,COMERCIAL DE COMBUSTIVEIS FUNCIONARIOS LTDA,15.300.290/0001-66,AVENIDA ALBERTO BATISTA GALLO,2,: F;,FUNCIONARIOS,35180-406,GASOLINA,12/01/2023,4.92,,R$ / litro,ALESAT,2023-11-21
SE,MG,BELO HORIZONTE,DGET COMBUSTIVEIS EIRELI,10.651.236/0001-41,RUA DOS ASTECAS,2930,,SANTA MONICA,31530-300,ETANOL,09/01/2023,3.77,,R$ / litro,BRANCA,2023-11-21
SE,MG,BELO HORIZONTE,DGET COMBUSTIVEIS EIRELI,10.651.236/0001-41,RUA DOS ASTECAS,2930,,SANTA MONICA,31530-300,DIESEL S10,09/01/2023,6.05,,R$ / litro,BRANCA,2023-11-21
SE,MG,BELO HORIZONTE,DGET COMBUSTIVEIS EIRELI,10.651.236/0001-41,RUA DOS ASTECAS,2930,,SANTA MONICA,31530-300,GASOLINA,09/01/2023,4.83,,R$ / litro,BRANCA,2023-11-21
SE,MG,JUIZ DE FORA,CENCOSUD BRASIL COMERCIAL S.A.,39.346.861/0353-80,LADEIRA ALEXANDRE LEONEL,200,,SAO MATEUS,36033-240,ETANOL,13/01/2023,4.19,,R$ / litro,RAIZEN,2023-11-21
SE,MG,JUIZ DE FORA,CENCOSUD BRASIL COMERCIAL S.A.,39.346.861/0353-80,LADEIRA ALEXANDRE LEONEL,200,,SAO MATEUS,36033-240,DIESEL S10,13/01/2023,6.29,,R$ / litro,RAIZEN,2023-11-21
SE,MG,JUIZ DE FORA,CENCOSUD BRASIL COMERCIAL S.A.,39.346.861/0353-80,LADEIRA ALEXANDRE LEONEL,200,,SAO MATEUS,36033-240,GASOLINA ADITIVADA,13/01/2023,5.49,,R$ / litro,RAIZEN,2023-11-21
SE,MG,JUIZ DE FORA,CENCOSUD BRASIL COMERCIAL S.A.,39.346.861/0353-80,LADEIRA ALEXANDRE LEONEL,200,,SAO MATEUS,36033-240,GASOLINA,13/01/2023,5.09,,R$ / litro,RAIZEN,2023-11-21
SE,MG,JUIZ DE FORA,AUTO POSTO PIRIQUITO LTDA,16.529.734/0001-00,RUA OSORIO DE ALMEIDA,875,,POCO RICO,36020-020,ETANOL,13/01/2023,3.98,,R$ / litro,VIBRA ENERGIA,2023-11-21
SE,MG,JUIZ DE FORA,AUTO POSTO PIRIQUITO LTDA,16.529.734/0001-00,RUA OSORIO DE ALMEIDA,875,,POCO RICO,36020-020,GASOLINA,13/01/2023,4.98,,R$ / litro,VIBRA ENERGIA,2023-11-21
SE,MG,FORMIGA,AUTO POSTO AREIAS BRANCAS LTDA - ME,15.732.512/0001-10,R: RAMIRO CORREA,349,,AREIAS BRANCAS,35570-000,ETANOL,09/01/2023,4.28,,R$ / litro,IPIRANGA,2023-11-21
SE,MG,FORMIGA,AUTO POSTO AREIAS BRANCAS LTDA - ME,15.732.512/0001-10,R: RAMIRO CORREA,349,,AREIAS BRANCAS,35570-000,DIESEL S10,09/01/2023,6.58,,R$ / litro,IPIRANGA,2023-11-21
SE,MG,FORMIGA,AUTO POSTO AREIAS BRANCAS LTDA - ME,15.732.512/0001-10,R: RAMIRO CORREA,349,,AREIAS BRANCAS,35570-000,DIESEL,09/01/2023,6.48,,R$ / litro,IPIRANGA,2023-11-21
SE,MG,FORMIGA,AUTO POSTO AREIAS BRANCAS LTDA - ME,15.732.512/0001-10,R: RAMIRO CORREA,349,,AREIAS BRANCAS,35570-000,GASOLINA ADITIVADA,09/01/2023,5.38,,R$ / litro,IPIRANGA,2023-11-21
SE,MG,FORMIGA,AUTO POSTO AREIAS BRANCAS LTDA - ME,15.732.512/0001-10,R: RAMIRO CORREA,349,,AREIAS BRANCAS,35570-000,GASOLINA,09/01/2023,5.18,,R$ / litro,IPIRANGA,2023-11-21
SE,MG,CORONEL FABRICIANO,COMERCIAL DE COMBUSTIVEIS VAM LTDA,14.963.238/0001-27,AVENIDA PRESIDENTE TANCREDO DE ALMEIDA NEVES,792,,TODOS OS SANTOS,35170-054,ETANOL,11/01/2023,4.05,,R$ / litro,ALESAT,2023-11-21
SE,MG,CORONEL FABRICIANO,COMERCIAL DE COMBUSTIVEIS VAM LTDA,14.963.238/0001-27,AVENIDA PRESIDENTE TANCREDO DE ALMEIDA NEVES,792,,TODOS OS SANTOS,35170-054,DIESEL S10,11/01/2023,6.1,,R$ / litro,ALESAT,2023-11-21
SE,MG,CORONEL FABRICIANO,COMERCIAL DE COMBUSTIVEIS VAM LTDA,14.963.238/0001-27,AVENIDA PRESIDENTE TANCREDO DE ALMEIDA NEVES,792,,TODOS OS SANTOS,35170-054,DIESEL,11/01/2023,6.05,,R$ / litro,ALESAT,2023-11-21
SE,MG,CORONEL FABRICIANO,COMERCIAL DE COMBUSTIVEIS VAM LTDA,14.963.238/0001-27,AVENIDA PRESIDENTE TANCREDO DE ALMEIDA NEVES,792,,TODOS OS SANTOS,35170-054,GASOLINA,11/01/2023,4.92,,R$ / litro,ALESAT,2023-11-21
SE,MG,DIVINOPOLIS,AUTO POSTO CENTER EIRELI - EPP,17.182.997/0001-40,AVENIDA GETULIO VARGAS,535,,CENTRO,35500-024,ETANOL,09/01/2023,3.94,,R$ / litro,BRANCA,2023-11-21
SE,MG,DIVINOPOLIS,AUTO POSTO CENTER EIRELI - EPP,17.182.997/0001-40,AVENIDA GETULIO VARGAS,535,,CENTRO,35500-024,GASOLINA,09/01/2023,4.97,,R$ / litro,BRANCA,2023-11-21
SE,MG,SAO SEBASTIAO DO PARAISO,PARAISO COMERCIO DE COMBUSTIVEIS LTDA,17.081.296/0001-15,AVENIDA ZEZE AMARAL,275,,JARDIM SAO JOSE,37950-000,ETANOL,10/01/2023,3.9,,R$ / litro,BRANCA,2023-11-21
SE,MG,SAO SEBASTIAO DO PARAISO,PARAISO COMERCIO DE COMBUSTIVEIS LTDA,17.081.296/0001-15,AVENIDA ZEZE AMARAL,275,,JARDIM SAO JOSE,37950-000,DIESEL,10/01/2023,6.19,,R$ / litro,BRANCA,2023-11-21
SE,MG,SAO SEBASTIAO DO PARAISO,PARAISO COMERCIO DE COMBUSTIVEIS LTDA,17.081.296/0001-15,AVENIDA ZEZE AMARAL,275,,JARDIM SAO JOSE,37950-000,GASOLINA ADITIVADA,10/01/2023,5.2,,R$ / litro,BRANCA,2023-11-21
SE,MG,SAO SEBASTIAO DO PARAISO,PARAISO COMERCIO DE COMBUSTIVEIS LTDA,17.081.296/0001-15,AVENIDA ZEZE AMARAL,275,,JARDIM SAO JOSE,37950-000,GASOLINA,10/01/2023,5.2,,R$ / litro,BRANCA,2023-11-21
SE,MG,PATOS DE MINAS,AUTO POSTO V3 - EIRELI,15.500.817/0001-04,RUA TIRADENTES,80,,CENTRO,38700-134,ETANOL,10/01/2023,4.08,,R$ / litro,ALESAT,2023-11-21
SE,MG,PATOS DE MINAS,AUTO POSTO V3 - EIRELI,15.500.817/0001-04,RUA TIRADENTES,80,,CENTRO,38700-134,DIESEL S10,10/01/2023,6.49,,R$ / litro,ALESAT,2023-11-21
SE,MG,PATOS DE MINAS,AUTO POSTO V3 - EIRELI,15.500.817/0001-04,RUA TIRADENTES,80,,CENTRO,38700-134,GASOLINA ADITIVADA,10/01/2023,5.09,,R$ / litro,ALESAT,2023-11-21
SE,MG,PATOS DE MINAS,AUTO POSTO V3 - EIRELI,15.500.817/0001-04,RUA TIRADENTES,80,,CENTRO,38700-134,GASOLINA,10/01/2023,4.99,,R$ / litro,ALESAT,2023-11-21
SE,MG,CORONEL FABRICIANO,COMERCIAL DE COMBUSTIVEIS MELO VIANA LTDA,17.110.310/0001-61,AVENIDA GERALDO INACIO,1893,,MELO VIANA,35170-151,ETANOL,11/01/2023,4.05,,R$ / litro,ALESAT,2023-11-21
SE,MG,CORONEL FABRICIANO,COMERCIAL DE COMBUSTIVEIS MELO VIANA LTDA,17.110.310/0001-61,AVENIDA GERALDO INACIO,1893,,MELO VIANA,35170-151,DIESEL,11/01/2023,6.05,,R$ / litro,ALESAT,2023-11-21
SE,MG,CORONEL FABRICIANO,COMERCIAL DE COMBUSTIVEIS MELO VIANA LTDA,17.110.310/0001-61,AVENIDA GERALDO INACIO,1893,,MELO VIANA,35170-151,GASOLINA,11/01/2023,4.92,,R$ / litro,ALESAT,2023-11-21
SE,MG,GOVERNADOR VALADARES,POSTO GALEAO LTDA,17.352.921/0001-16,RUA MARECHAL DEODORO,489,LOTE: 0999; QUADRA: 0026; LOTE: PL1PL2 MATRIC 3.395;,CENTRO,35010-280,ETANOL,10/01/2023,3.97,,R$ / litro,BRANCA,2023-11-21
SE,MG,GOVERNADOR VALADARES,POSTO GALEAO LTDA,17.352.921/0001-16,RUA MARECHAL DEODORO,489,LOTE: 0999; QUADRA: 0026; LOTE: PL1PL2 MATRIC 3.395;,CENTRO,35010-280,GASOLINA,10/01/2023,5.02,,R$ / litro,BRANCA,2023-11-21
SE,MG,NOVA LIMA,POSTO VILA DA SERRA LTDA,16.979.906/0001-30,RODOVIA MG 030,"1,346",,VALE DO SERENO,34000-001,GASOLINA,12/01/2023,4.97,,R$ / litro,VIBRA ENERGIA,2023-11-21
SE,MG,NOVA LIMA,POSTO VILA DA SERRA LTDA,16.979.906/0001-30,RODOVIA MG 030,"1,346",,VALE DO SERENO,34000-001,ETANOL,12/01/2023,3.95,,R$ / litro,VIBRA ENERGIA,2023-11-21
SE,MG,NOVA LIMA,POSTO VILA DA SERRA LTDA,16.979.906/0001-30,RODOVIA MG 030,"1,346",,VALE DO SERENO,34000-001,DIESEL S10,12/01/2023,6.49,,R$ / litro,VIBRA ENERGIA,2023-11-21
SE,MG,POCOS DE CALDAS,AUTO POSTO E CENTRO AUTOMOTIVO WENCESLAU BRAZ LTDA,17.212.958/0001-49,AVENIDA WENCESLAU BRAZ,2000,,ESTANCIA POCOS DE CALDAS,37706-055,ETANOL,10/01/2023,3.59,,R$ / litro,BRANCA,2023-11-21
SE,MG,POCOS DE CALDAS,AUTO POSTO E CENTRO AUTOMOTIVO WENCESLAU BRAZ LTDA,17.212.958/0001-49,AVENIDA WENCESLAU BRAZ,2000,,ESTANCIA POCOS DE CALDAS,37706-055,DIESEL,10/01/2023,5.99,,R$ / litro,BRANCA,2023-11-21
SE,MG,POCOS DE CALDAS,AUTO POSTO E CENTRO AUTOMOTIVO WENCESLAU BRAZ LTDA,17.212.958/0001-49,AVENIDA WENCESLAU BRAZ,2000,,ESTANCIA POCOS DE CALDAS,37706-055,GASOLINA,10/01/2023,4.59,,R$ / litro,BRANCA,2023-11-21
SE,MG,ARAXA,PEREIRA COMERCIO DE COMBUSTIVEIS LTDA,17.428.198/0001-01,AVENIDA HITALO ROS,1300,,MORADA DO SOL,38181-419,ETANOL,10/01/2023,3.96,,R$ / litro,RIO BRANCO,2023-11-21
SE,MG,ARAXA,PEREIRA COMERCIO DE COMBUSTIVEIS LTDA,17.428.198/0001-01,AVENIDA HITALO ROS,1300,,MORADA DO SOL,38181-419,DIESEL S10,10/01/2023,6.26,,R$ / litro,RIO BRANCO,2023-11-21
SE,MG,ARAXA,PEREIRA COMERCIO DE COMBUSTIVEIS LTDA,17.428.198/0001-01,AVENIDA HITALO ROS,1300,,MORADA DO SOL,38181-419,DIESEL,10/01/2023,6.18,,R$ / litro,RIO BRANCO,2023-11-21
SE,MG,ARAXA,PEREIRA COMERCIO DE COMBUSTIVEIS LTDA,17.428.198/0001-01,AVENIDA HITALO ROS,1300,,MORADA DO SOL,38181-419,GASOLINA ADITIVADA,10/01/2023,5.15,,R$ / litro,RIO BRANCO,2023-11-21
SE,MG,ARAXA,PEREIRA COMERCIO DE COMBUSTIVEIS LTDA,17.428.198/0001-01,AVENIDA HITALO ROS,1300,,MORADA DO SOL,38181-419,GASOLINA,10/01/2023,5.15,,R$ / litro,RIO BRANCO,2023-11-21
SE,MG,CAMPO BELO,HMAX COMBUSTIVEIS E LUBRIFICANTES LTDA,17.756.002/0001-08,RUA JOAO PINHEIRO,377,,CENTRO,37270-000,ETANOL,12/01/2023,4.89,,R$ / litro,BRANCA,2023-11-21
SE,MG,CAMPO BELO,HMAX COMBUSTIVEIS E LUBRIFICANTES LTDA,17.756.002/0001-08,RUA JOAO PINHEIRO,377,,CENTRO,37270-000,GASOLINA,12/01/2023,4.89,,R$ / litro,BRANCA,2023-11-21
SE,MG,BETIM,POSTO PANAMERA LTDA,15.313.045/0001-93,AVENIDA BANDEIRANTES,1155,,CHACARA,32670-355,ETANOL,10/01/2023,3.89,,R$ / litro,VIBRA ENERGIA,2023-11-21
SE,MG,BETIM,POSTO PANAMERA LTDA,15.313.045/0001-93,AVENIDA BANDEIRANTES,1155,,CHACARA,32670-355,DIESEL S10,10/01/2023,6.07,,R$ / litro,VIBRA ENERGIA,2023-11-21
SE,MG,BETIM,POSTO PANAMERA LTDA,15.313.045/0001-93,AVENIDA BANDEIRANTES,1155,,CHACARA,32670-355,GASOLINA ADITIVADA,10/01/2023,5.04,,R$ / litro,VIBRA ENERGIA,2023-11-21
SE,MG,BETIM,POSTO PANAMERA LTDA,15.313.045/0001-93,AVENIDA BANDEIRANTES,1155,,CHACARA,32670-355,GASOLINA,10/01/2023,4.89,,R$ / litro,VIBRA ENERGIA,2023-11-21
SE,MG,CAMPO BELO,HMAX COMBUSTIVEIS E LUBRIFICANTES LTDA,17.756.002/0002-99,AVENIDA AFONSO PENA,1550,,CENTRO,37270-000,ETANOL,12/01/2023,3.89,,R$ / litro,BRANCA,2023-11-21
SE,MG,CAMPO BELO,HMAX COMBUSTIVEIS E LUBRIFICANTES LTDA,17.756.002/0002-99,AVENIDA AFONSO PENA,1550,,CENTRO,37270-000,DIESEL S10,12/01/2023,6.19,,R$ / litro,BRANCA,2023-11-21
SE,MG,CAMPO BELO,HMAX COMBUSTIVEIS E LUBRIFICANTES LTDA,17.756.002/0002-99,AVENIDA AFONSO PENA,1550,,CENTRO,37270-000,GASOLINA,12/01/2023,4.89,,R$ / litro,BRANCA,2023-11-21
SE,MG,BELO HORIZONTE,POSTO ITATIAIA LTDA,12.927.274/0001-00,AVENIDA PROFESSOR CLOVIS SALGADO,1865,,ITATIAIA,31360-280,ETANOL,09/01/2023,3.88,,R$ / litro,BRANCA,2023-11-21
SE,MG,BELO HORIZONTE,POSTO ITATIAIA LTDA,12.927.274/0001-00,AVENIDA PROFESSOR CLOVIS SALGADO,1865,,ITATIAIA,31360-280,DIESEL S10,09/01/2023,6.08,,R$ / litro,BRANCA,2023-11-21
SE,MG,BELO HORIZONTE,POSTO ITATIAIA LTDA,12.927.274/0001-00,AVENIDA PROFESSOR CLOVIS SALGADO,1865,,ITATIAIA,31360-280,DIESEL,09/01/2023,5.98,,R$ / litro,BRANCA,2023-11-21
SE,MG,BELO HORIZONTE,POSTO ITATIAIA LTDA,12.927.274/0001-00,AVENIDA PROFESSOR CLOVIS SALGADO,1865,,ITATIAIA,31360-280,GASOLINA ADITIVADA,09/01/2023,4.98,,R$ / litro,BRANCA,2023-11-21
SE,MG,BELO HORIZONTE,POSTO ITATIAIA LTDA,12.927.274/0001-00,AVENIDA PROFESSOR CLOVIS SALGADO,1865,,ITATIAIA,31360-280,GASOLINA,09/01/2023,4.88,,R$ / litro,BRANCA,2023-11-21
SE,MG,ARAXA,ALBANO DE AZEVEDO E SOUZA & CIA LTDA,03.572.854/0007-26,AVENIDA JOAO PAULO II,170,,CENTRO,38183-000,ETANOL,10/01/2023,3.98,,R$ / litro,IPIRANGA,2023-11-21
SE,MG,ARAXA,ALBANO DE AZEVEDO E SOUZA & CIA LTDA,03.572.854/0007-26,AVENIDA JOAO PAULO II,170,,CENTRO,38183-000,DIESEL S10,10/01/2023,6.29,,R$ / litro,IPIRANGA,2023-11-21
SE,MG,ARAXA,ALBANO DE AZEVEDO E SOUZA & CIA LTDA,03.572.854/0007-26,AVENIDA JOAO PAULO II,170,,CENTRO,38183-000,DIESEL,10/01/2023,6.19,,R$ / litro,IPIRANGA,2023-11-21
SE,MG,ARAXA,ALBANO DE AZEVEDO E SOUZA & CIA LTDA,03.572.854/0007-26,AVENIDA JOAO PAULO II,170,,CENTRO,38183-000,GASOLINA ADITIVADA,10/01/2023,5.25,,R$ / litro,IPIRANGA,2023-11-21
SE,MG,ARAXA,ALBANO DE AZEVEDO E SOUZA & CIA LTDA,03.572.854/0007-26,AVENIDA JOAO PAULO II,170,,CENTRO,38183-000,GASOLINA,10/01/2023,5.15,,R$ / litro,IPIRANGA,2023-11-21
SE,MG,CONSELHEIRO LAFAIETE,AUTO POSTO GIGANTE LTDA,13.093.320/0001-85,RUA CRISTOVAO DE SENA,1201,,GIGANTE,36400-001,ETANOL,09/01/2023,3.95,,R$ / litro,BRANCA,2023-11-21
SE,MG,CONSELHEIRO LAFAIETE,AUTO POSTO GIGANTE LTDA,13.093.320/0001-85,RUA CRISTOVAO DE SENA,1201,,GIGANTE,36400-001,DIESEL S10,09/01/2023,6.15,,R$ / litro,BRANCA,2023-11-21
SE,MG,CONSELHEIRO LAFAIETE,AUTO POSTO GIGANTE LTDA,13.093.320/0001-85,RUA CRISTOVAO DE SENA,1201,,GIGANTE,36400-001,DIESEL,09/01/2023,6.07,,R$ / litro,BRANCA,2023-11-21
SE,MG,CONSELHEIRO LAFAIETE,AUTO POSTO GIGANTE LTDA,13.093.320/0001-85,RUA CRISTOVAO DE SENA,1201,,GIGANTE,36400-001,GASOLINA ADITIVADA,09/01/2023,4.95,,R$ / litro,BRANCA,2023-11-21
SE,MG,CONSELHEIRO LAFAIETE,AUTO POSTO GIGANTE LTDA,13.093.320/0001-85,RUA CRISTOVAO DE SENA,1201,,GIGANTE,36400-001,GASOLINA,09/01/2023,4.95,,R$ / litro,BRANCA,2023-11-21
SE,MG,GUAXUPE,POSTO FLORESTA GUAXUPE LTDA,18.803.352/0001-40,RUA ELIANA,20,,BEBEDOURO,37800-000,ETANOL,10/01/2023,3.99,,R$ / litro,IPIRANGA,2023-11-21
SE,MG,GUAXUPE,POSTO FLORESTA GUAXUPE LTDA,18.803.352/0001-40,RUA ELIANA,20,,BEBEDOURO,37800-000,DIESEL S10,10/01/2023,6.49,,R$ / litro,IPIRANGA,2023-11-21
SE,MG,GUAXUPE,POSTO FLORESTA GUAXUPE LTDA,18.803.352/0001-40,RUA ELIANA,20,,BEBEDOURO,37800-000,GASOLINA ADITIVADA,10/01/2023,5.09,,R$ / litro,IPIRANGA,2023-11-21
SE,MG,GUAXUPE,POSTO FLORESTA GUAXUPE LTDA,18.803.352/0001-40,RUA ELIANA,20,,BEBEDOURO,37800-000,GASOLINA,10/01/2023,4.99,,R$ / litro,IPIRANGA,2023-11-21
SE,MG,GOVERNADOR VALADARES,REDE HG COMBUSTIVEIS LTDA.,13.569.064/0004-00,AVENIDA RIO/BAHIA,S/N,KM: 412 E 33 METROS;,PLANALTO,35054-060,ETANOL,11/01/2023,4.09,,R$ / litro,VIBRA ENERGIA,2023-11-21
SE,MG,GOVERNADOR VALADARES,REDE HG COMBUSTIVEIS LTDA.,13.569.064/0004-00,AVENIDA RIO/BAHIA,S/N,KM: 412 E 33 METROS;,PLANALTO,35054-060,DIESEL S10,11/01/2023,6.19,,R$ / litro,VIBRA ENERGIA,2023-11-21
SE,MG,GOVERNADOR VALADARES,REDE HG COMBUSTIVEIS LTDA.,13.569.064/0004-00,AVENIDA RIO/BAHIA,S/N,KM: 412 E 33 METROS;,PLANALTO,35054-060,DIESEL,11/01/2023,6.09,,R$ / litro,VIBRA ENERGIA,2023-11-21
SE,MG,GOVERNADOR VALADARES,REDE HG COMBUSTIVEIS LTDA.,13.569.064/0004-00,AVENIDA RIO/BAHIA,S/N,KM: 412 E 33 METROS;,PLANALTO,35054-060,GASOLINA ADITIVADA,11/01/2023,5.39,,R$ / litro,VIBRA ENERGIA,2023-11-21
SE,MG,GOVERNADOR VALADARES,REDE HG COMBUSTIVEIS LTDA.,13.569.064/0004-00,AVENIDA RIO/BAHIA,S/N,KM: 412 E 33 METROS;,PLANALTO,35054-060,GASOLINA,11/01/2023,5.09,,R$ / litro,VIBRA ENERGIA,2023-11-21
SE,MG,GOVERNADOR VALADARES,REDE HG COMBUSTIVEIS LTDA.,13.569.064/0004-00,AVENIDA RIO/BAHIA,S/N,KM: 412 E 33 METROS;,PLANALTO,35054-060,GNV,11/01/2023,5.19,,R$ / m³,VIBRA ENERGIA,2023-11-21
SE,MG,GOVERNADOR VALADARES,REDE HG COMBUSTIVEIS LTDA.,13.569.064/0008-26,AVENIDA RIO/BAHIA,S/N,KM: 420 E 56 METROS;,VILA ISA,35044-000,ETANOL,10/01/2023,4.09,,R$ / litro,RAIZEN,2023-11-21
SE,MG,GOVERNADOR VALADARES,REDE HG COMBUSTIVEIS LTDA.,13.569.064/0008-26,AVENIDA RIO/BAHIA,S/N,KM: 420 E 56 METROS;,VILA ISA,35044-000,DIESEL S10,10/01/2023,6.29,,R$ / litro,RAIZEN,2023-11-21
SE,MG,GOVERNADOR VALADARES,REDE HG COMBUSTIVEIS LTDA.,13.569.064/0008-26,AVENIDA RIO/BAHIA,S/N,KM: 420 E 56 METROS;,VILA ISA,35044-000,GASOLINA ADITIVADA,10/01/2023,5.39,,R$ / litro,RAIZEN,2023-11-21
SE,MG,GOVERNADOR VALADARES,REDE HG COMBUSTIVEIS LTDA.,13.569.064/0008-26,AVENIDA RIO/BAHIA,S/N,KM: 420 E 56 METROS;,VILA ISA,35044-000,GASOLINA,10/01/2023,5.09,,R$ / litro,RAIZEN,2023-11-21
SE,MG,MONTES CLAROS,POSTO SAO JUDAS DERIVADOS DE PETROLEO LTDA,04.233.411/0001-88,AVENIDA SAO JUDAS TADEU,334,,SAO JUDAS,39402-558,ETANOL,11/01/2023,3.73,,R$ / litro,IPIRANGA,2023-11-21
SE,MG,MONTES CLAROS,POSTO SAO JUDAS DERIVADOS DE PETROLEO LTDA,04.233.411/0001-88,AVENIDA SAO JUDAS TADEU,334,,SAO JUDAS,39402-558,GASOLINA ADITIVADA,11/01/2023,5.07,,R$ / litro,IPIRANGA,2023-11-21
SE,MG,MONTES CLAROS,POSTO SAO JUDAS DERIVADOS DE PETROLEO LTDA,04.233.411/0001-88,AVENIDA SAO JUDAS TADEU,334,,SAO JUDAS,39402-558,GASOLINA,11/01/2023,4.84,,R$ / litro,IPIRANGA,2023-11-21
SE,MG,BARBACENA,COMERCIO E DISTRIBUICAO SALES LTDA,05.418.619/0025-01,RUA BENJAMIN CONSTANT,200,,CENTRO,36200-056,ETANOL,10/01/2023,3.88,,R$ / litro,BRANCA,2023-11-21
SE,MG,BARBACENA,COMERCIO E DISTRIBUICAO SALES LTDA,05.418.619/0025-01,RUA BENJAMIN CONSTANT,200,,CENTRO,36200-056,DIESEL S10,10/01/2023,6.15,,R$ / litro,BRANCA,2023-11-21
SE,MG,BARBACENA,COMERCIO E DISTRIBUICAO SALES LTDA,05.418.619/0025-01,RUA BENJAMIN CONSTANT,200,,CENTRO,36200-056,GASOLINA ADITIVADA,10/01/2023,5.09,,R$ / litro,BRANCA,2023-11-21
SE,MG,BARBACENA,COMERCIO E DISTRIBUICAO SALES LTDA,05.418.619/0025-01,RUA BENJAMIN CONSTANT,200,,CENTRO,36200-056,GASOLINA,10/01/2023,4.99,,R$ / litro,BRANCA,2023-11-21
SE,MG,IPATINGA,COMERCIAL DE COMBUSTIVEIS IDEAL LTDA,16.876.266/0001-32,AVENIDA PEDRO NOLASCO,104,: A;,IDEAL,35162-216,ETANOL,09/01/2023,4.05,,R$ / litro,ALESAT,2023-11-21
SE,MG,IPATINGA,COMERCIAL DE COMBUSTIVEIS IDEAL LTDA,16.876.266/0001-32,AVENIDA PEDRO NOLASCO,104,: A;,IDEAL,35162-216,DIESEL S10,09/01/2023,6.1,,R$ / litro,ALESAT,2023-11-21
SE,MG,IPATINGA,COMERCIAL DE COMBUSTIVEIS IDEAL LTDA,16.876.266/0001-32,AVENIDA PEDRO NOLASCO,104,: A;,IDEAL,35162-216,DIESEL,09/01/2023,6.05,,R$ / litro,ALESAT,2023-11-21
SE,MG,IPATINGA,COMERCIAL DE COMBUSTIVEIS IDEAL LTDA,16.876.266/0001-32,AVENIDA PEDRO NOLASCO,104,: A;,IDEAL,35162-216,GASOLINA,09/01/2023,4.92,,R$ / litro,ALESAT,2023-11-21
SE,MG,POUSO ALEGRE,BRENNO VICENTE DE PAULA JUNIOR & CIA LTDA,04.878.675/0001-99,AVENIDA PREFEITO OLAVO GOMES DE OLIVEIRA,5377,,BELA VISTA,37557-260,ETANOL,12/01/2023,3.96,,R$ / litro,IPIRANGA,2023-11-21
SE,MG,POUSO ALEGRE,BRENNO VICENTE DE PAULA JUNIOR & CIA LTDA,04.878.675/0001-99,AVENIDA PREFEITO OLAVO GOMES DE OLIVEIRA,5377,,BELA VISTA,37557-260,DIESEL S10,12/01/2023,6.49,,R$ / litro,IPIRANGA,2023-11-21
SE,MG,POUSO ALEGRE,BRENNO VICENTE DE PAULA JUNIOR & CIA LTDA,04.878.675/0001-99,AVENIDA PREFEITO OLAVO GOMES DE OLIVEIRA,5377,,BELA VISTA,37557-260,DIESEL,12/01/2023,6.39,,R$ / litro,IPIRANGA,2023-11-21
SE,MG,POUSO ALEGRE,BRENNO VICENTE DE PAULA JUNIOR & CIA LTDA,04.878.675/0001-99,AVENIDA PREFEITO OLAVO GOMES DE OLIVEIRA,5377,,BELA VISTA,37557-260,GASOLINA,12/01/2023,4.99,,R$ / litro,IPIRANGA,2023-11-21
SE,MG,ITUIUTABA,POSTO 5.5. LIMITADA,02.211.749/0016-90,AVENIDA MINAS GERAIS,2955,,GERSON BADUY II,38304-285,ETANOL,09/01/2023,3.99,,R$ / litro,VIBRA ENERGIA,2023-11-21
SE,MG,ITUIUTABA,POSTO 5.5. LIMITADA,02.211.749/0016-90,AVENIDA MINAS GERAIS,2955,,GERSON BADUY II,38304-285,GASOLINA,09/01/2023,4.99,,R$ / litro,VIBRA ENERGIA,2023-11-21
SE,MG,IPATINGA,POSTO AUTO GIRO LTDA,09.140.879/0001-41,RUA CLAUDIO MOURA,777,: A;,NOVO CRUZEIRO,35164-840,ETANOL,09/01/2023,3.99,,R$ / litro,BRANCA,2023-11-21
SE,MG,IPATINGA,POSTO AUTO GIRO LTDA,09.140.879/0001-41,RUA CLAUDIO MOURA,777,: A;,NOVO CRUZEIRO,35164-840,GASOLINA ADITIVADA,09/01/2023,4.97,,R$ / litro,BRANCA,2023-11-21
SE,MG,IPATINGA,POSTO AUTO GIRO LTDA,09.140.879/0001-41,RUA CLAUDIO MOURA,777,: A;,NOVO CRUZEIRO,35164-840,GASOLINA,09/01/2023,4.92,,R$ / litro,BRANCA,2023-11-21
SE,MG,MURIAE,POSTO RADAR DE MURIAE LTDA,21.019.426/0001-67,"RUA ANTERO LOPES DE CARVALHO, RODOVIA BR 116",825,KM: 710;,SANTA HELENA,36884-124,ETANOL,10/01/2023,4.23,,R$ / litro,IPIRANGA,2023-11-21
SE,MG,MURIAE,POSTO RADAR DE MURIAE LTDA,21.019.426/0001-67,"RUA ANTERO LOPES DE CARVALHO, RODOVIA BR 116",825,KM: 710;,SANTA HELENA,36884-124,DIESEL S10,10/01/2023,6.37,,R$ / litro,IPIRANGA,2023-11-21
SE,MG,MURIAE,POSTO RADAR DE MURIAE LTDA,21.019.426/0001-67,"RUA ANTERO LOPES DE CARVALHO, RODOVIA BR 116",825,KM: 710;,SANTA HELENA,36884-124,DIESEL,10/01/2023,6.27,,R$ / litro,IPIRANGA,2023-11-21
SE,MG,MURIAE,POSTO RADAR DE MURIAE LTDA,21.019.426/0001-67,"RUA ANTERO LOPES DE CARVALHO, RODOVIA BR 116",825,KM: 710;,SANTA HELENA,36884-124,GASOLINA,10/01/2023,5.33,,R$ / litro,IPIRANGA,2023-11-21
SE,MG,MONTE CARMELO,ADILSON BORGES DA SILVA - ME,20.673.794/0001-61,RUA BOLIVIA,220,,CENTRO,38500-000,ETANOL,10/01/2023,3.78,,R$ / litro,BRANCA,2023-11-21
SE,MG,MONTE CARMELO,ADILSON BORGES DA SILVA - ME,20.673.794/0001-61,RUA BOLIVIA,220,,CENTRO,38500-000,DIESEL S10,10/01/2023,6.09,,R$ / litro,BRANCA,2023-11-21
SE,MG,MONTE CARMELO,ADILSON BORGES DA SILVA - ME,20.673.794/0001-61,RUA BOLIVIA,220,,CENTRO,38500-000,GASOLINA ADITIVADA,10/01/2023,4.84,,R$ / litro,BRANCA,2023-11-21
SE,MG,MONTE CARMELO,ADILSON BORGES DA SILVA - ME,20.673.794/0001-61,RUA BOLIVIA,220,,CENTRO,38500-000,GASOLINA,10/01/2023,4.84,,R$ / litro,BRANCA,2023-11-21
SE,MG,MURIAE,AUTO POSTO AVENIDAO DE MURIAE LTDA,19.799.637/0001-18,AVENIDA PREFEITO DANTE BRUNO,305,,DORNELAS,36884-178,ETANOL,10/01/2023,4.23,,R$ / litro,VIBRA ENERGIA,2023-11-21
SE,MG,MURIAE,AUTO POSTO AVENIDAO DE MURIAE LTDA,19.799.637/0001-18,AVENIDA PREFEITO DANTE BRUNO,305,,DORNELAS,36884-178,GASOLINA ADITIVADA,10/01/2023,5.38,,R$ / litro,VIBRA ENERGIA,2023-11-21
SE,MG,MURIAE,AUTO POSTO AVENIDAO DE MURIAE LTDA,19.799.637/0001-18,AVENIDA PREFEITO DANTE BRUNO,305,,DORNELAS,36884-178,GASOLINA,10/01/2023,5.33,,R$ / litro,VIBRA ENERGIA,2023-11-21
SE,MG,SAO SEBASTIAO DO PARAISO,POSTO COOLAPA LTDA,20.763.342/0001-70,RUA NORALDINO LIMA,200,,VILA DALVA,37950-000,ETANOL,10/01/2023,3.95,,R$ / litro,RAIZEN,2023-11-21
SE,MG,SAO SEBASTIAO DO PARAISO,POSTO COOLAPA LTDA,20.763.342/0001-70,RUA NORALDINO LIMA,200,,VILA DALVA,37950-000,DIESEL S10,10/01/2023,6.27,,R$ / litro,RAIZEN,2023-11-21
SE,MG,SAO SEBASTIAO DO PARAISO,POSTO COOLAPA LTDA,20.763.342/0001-70,RUA NORALDINO LIMA,200,,VILA DALVA,37950-000,DIESEL,10/01/2023,6.17,,R$ / litro,RAIZEN,2023-11-21
SE,MG,SAO SEBASTIAO DO PARAISO,POSTO COOLAPA LTDA,20.763.342/0001-70,RUA NORALDINO LIMA,200,,VILA DALVA,37950-000,GASOLINA,10/01/2023,5.26,,R$ / litro,RAIZEN,2023-11-21
SE,MG,BARBACENA,POSTO BELVEDERE DE BARBACENA LTDA.,19.482.441/0001-03,RUA JOAO PINHEIRO,431,,SANTA TEREZA II,36201-128,ETANOL,10/01/2023,4.39,,R$ / litro,VIBRA ENERGIA,2023-11-21
SE,MG,BARBACENA,POSTO BELVEDERE DE BARBACENA LTDA.,19.482.441/0001-03,RUA JOAO PINHEIRO,431,,SANTA TEREZA II,36201-128,DIESEL S10,10/01/2023,6.59,,R$ / litro,VIBRA ENERGIA,2023-11-21
SE,MG,BARBACENA,POSTO BELVEDERE DE BARBACENA LTDA.,19.482.441/0001-03,RUA JOAO PINHEIRO,431,,SANTA TEREZA II,36201-128,DIESEL,10/01/2023,6.49,,R$ / litro,VIBRA ENERGIA,2023-11-21
SE,MG,BARBACENA,POSTO BELVEDERE DE BARBACENA LTDA.,19.482.441/0001-03,RUA JOAO PINHEIRO,431,,SANTA TEREZA II,36201-128,GASOLINA ADITIVADA,10/01/2023,5.39,,R$ / litro,VIBRA ENERGIA,2023-11-21
SE,MG,BARBACENA,POSTO BELVEDERE DE BARBACENA LTDA.,19.482.441/0001-03,RUA JOAO PINHEIRO,431,,SANTA TEREZA II,36201-128,GASOLINA,10/01/2023,5.29,,R$ / litro,VIBRA ENERGIA,2023-11-21
SE,MG,LAVRAS,AUTO POSTO PAIS DE GALE LTDA,20.922.136/0001-66,AVENIDA JUSCELINO KUBITSCHECK,358,,RETIRO,37200-000,ETANOL,12/01/2023,3.97,,R$ / litro,RAIZEN,2023-11-21
SE,MG,LAVRAS,AUTO POSTO PAIS DE GALE LTDA,20.922.136/0001-66,AVENIDA JUSCELINO KUBITSCHECK,358,,RETIRO,37200-000,GASOLINA,12/01/2023,4.89,,R$ / litro,RAIZEN,2023-11-21
SE,MG,UBERLANDIA,VIA SUL POSTO SERVICE LTDA,02.631.526/0001-03,RUA DA CARIOCA,2077,,PATRIMONIO,38411-046,ETANOL,10/01/2023,4.19,,R$ / litro,VIBRA ENERGIA,2023-11-21
SE,MG,UBERLANDIA,VIA SUL POSTO SERVICE LTDA,02.631.526/0001-03,RUA DA CARIOCA,2077,,PATRIMONIO,38411-046,GASOLINA ADITIVADA,10/01/2023,5.39,,R$ / litro,VIBRA ENERGIA,2023-11-21
SE,MG,UBERLANDIA,VIA SUL POSTO SERVICE LTDA,02.631.526/0001-03,RUA DA CARIOCA,2077,,PATRIMONIO,38411-046,GASOLINA,10/01/2023,5.19,,R$ / litro,VIBRA ENERGIA,2023-11-21
SE,MG,SETE LAGOAS,POSTO VAPABUCU LTDA,21.309.034/0003-02,AVENIDA RAQUEL TEIXEIRA VIANA,1177,,CANAA,35700-293,ETANOL,09/01/2023,4.05,,R$ / litro,BRANCA,2023-11-21
SE,MG,SETE LAGOAS,POSTO VAPABUCU LTDA,21.309.034/0003-02,AVENIDA RAQUEL TEIXEIRA VIANA,1177,,CANAA,35700-293,DIESEL S10,09/01/2023,6.09,,R$ / litro,BRANCA,2023-11-21
SE,MG,SETE LAGOAS,POSTO VAPABUCU LTDA,21.309.034/0003-02,AVENIDA RAQUEL TEIXEIRA VIANA,1177,,CANAA,35700-293,DIESEL,09/01/2023,5.99,,R$ / litro,BRANCA,2023-11-21
SE,MG,SETE LAGOAS,POSTO VAPABUCU LTDA,21.309.034/0003-02,AVENIDA RAQUEL TEIXEIRA VIANA,1177,,CANAA,35700-293,GASOLINA,09/01/2023,4.82,,R$ / litro,BRANCA,2023-11-21
SE,MG,NOVA LIMA,PORTOPETRO COMBUSTIVEIS LTDA,03.167.395/0001-00,RODOVIA JANUARIO CARNEIRO,3480,LOTE  7 E 8               QUADRA2,BOSQUE RESIDENCIAL DO JAMBREIRO,34004-842,DIESEL S10,12/01/2023,6.48,,R$ / litro,RAIZEN,2023-11-21
SE,MG,NOVA LIMA,PORTOPETRO COMBUSTIVEIS LTDA,03.167.395/0001-00,RODOVIA JANUARIO CARNEIRO,3480,LOTE  7 E 8               QUADRA2,BOSQUE RESIDENCIAL DO JAMBREIRO,34004-842,GASOLINA ADITIVADA,12/01/2023,5.19,,R$ / litro,RAIZEN,2023-11-21
SE,MG,CAMPO BELO,AUTO POSTO AGLE LTDA,21.804.120/0003-83,AVENIDA BELO HORIZONTE,1090,,CENTENARIO,37270-000,ETANOL,13/01/2023,3.89,,R$ / litro,BRANCA,2023-11-21
SE,MG,CAMPO BELO,AUTO POSTO AGLE LTDA,21.804.120/0003-83,AVENIDA BELO HORIZONTE,1090,,CENTENARIO,37270-000,DIESEL,13/01/2023,6.19,,R$ / litro,BRANCA,2023-11-21
SE,MG,CAMPO BELO,AUTO POSTO AGLE LTDA,21.804.120/0003-83,AVENIDA BELO HORIZONTE,1090,,CENTENARIO,37270-000,GASOLINA,13/01/2023,4.89,,R$ / litro,BRANCA,2023-11-21
SE,MG,PASSOS,AUTO POSTO ITALIA LTDA,22.392.066/0001-07,RUA JOAO TEIXEIRA MENDES,265,,NOSSA SENHORA APARECIDA,37902-419,ETANOL,12/01/2023,3.79,,R$ / litro,VIBRA ENERGIA,2023-11-21
SE,MG,PASSOS,AUTO POSTO ITALIA LTDA,22.392.066/0001-07,RUA JOAO TEIXEIRA MENDES,265,,NOSSA SENHORA APARECIDA,37902-419,DIESEL S10,12/01/2023,6.39,,R$ / litro,VIBRA ENERGIA,2023-11-21
SE,MG,PASSOS,AUTO POSTO ITALIA LTDA,22.392.066/0001-07,RUA JOAO TEIXEIRA MENDES,265,,NOSSA SENHORA APARECIDA,37902-419,DIESEL,12/01/2023,6.29,,R$ / litro,VIBRA ENERGIA,2023-11-21
SE,MG,PASSOS,AUTO POSTO ITALIA LTDA,22.392.066/0001-07,RUA JOAO TEIXEIRA MENDES,265,,NOSSA SENHORA APARECIDA,37902-419,GASOLINA,12/01/2023,4.89,,R$ / litro,VIBRA ENERGIA,2023-11-21
SE,MG,BETIM,ABC DISTRIBUICAO DE PETROLEO LTDA,13.117.591/0004-76,RUA ESPIRITO SANTO,173,,DECAMAO,32603-064,ETANOL,10/01/2023,3.89,,R$ / litro,BRANCA,2023-11-21
SE,MG,BETIM,ABC DISTRIBUICAO DE PETROLEO LTDA,13.117.591/0004-76,RUA ESPIRITO SANTO,173,,DECAMAO,32603-064,DIESEL S10,10/01/2023,6.09,,R$ / litro,BRANCA,2023-11-21
SE,MG,BETIM,ABC DISTRIBUICAO DE PETROLEO LTDA,13.117.591/0004-76,RUA ESPIRITO SANTO,173,,DECAMAO,32603-064,GASOLINA,10/01/2023,4.89,,R$ / litro,BRANCA,2023-11-21
SE,MG,CAMPO BELO,AUTO POSTO JARDIM AEROPORTO LTDA,22.440.988/0001-42,RUA VEREADOR FRANCISCO ARAUJO RODARTE,1586,,PASSA TEMPO,37270-000,ETANOL,12/01/2023,3.99,,R$ / litro,VIBRA ENERGIA,2023-11-21
SE,MG,CAMPO BELO,AUTO POSTO JARDIM AEROPORTO LTDA,22.440.988/0001-42,RUA VEREADOR FRANCISCO ARAUJO RODARTE,1586,,PASSA TEMPO,37270-000,DIESEL S10,12/01/2023,6.37,,R$ / litro,VIBRA ENERGIA,2023-11-21
SE,MG,CAMPO BELO,AUTO POSTO JARDIM AEROPORTO LTDA,22.440.988/0001-42,RUA VEREADOR FRANCISCO ARAUJO RODARTE,1586,,PASSA TEMPO,37270-000,DIESEL,12/01/2023,6.27,,R$ / litro,VIBRA ENERGIA,2023-11-21
SE,MG,CAMPO BELO,AUTO POSTO JARDIM AEROPORTO LTDA,22.440.988/0001-42,RUA VEREADOR FRANCISCO ARAUJO RODARTE,1586,,PASSA TEMPO,37270-000,GASOLINA ADITIVADA,12/01/2023,4.99,,R$ / litro,VIBRA ENERGIA,2023-11-21
SE,MG,CAMPO BELO,AUTO POSTO JARDIM AEROPORTO LTDA,22.440.988/0001-42,RUA VEREADOR FRANCISCO ARAUJO RODARTE,1586,,PASSA TEMPO,37270-000,GASOLINA,12/01/2023,4.89,,R$ / litro,VIBRA ENERGIA,2023-11-21
SE,MG,CONSELHEIRO LAFAIETE,POSTO ELOHIM LTDA,01.708.132/0002-16,R BARAO DE POUSO ALEGRE,701,,SAO DIMAS,36400-000,ETANOL,09/01/2023,3.77,,R$ / litro,ALESAT,2023-11-21
SE,MG,CONSELHEIRO LAFAIETE,POSTO ELOHIM LTDA,01.708.132/0002-16,R BARAO DE POUSO ALEGRE,701,,SAO DIMAS,36400-000,DIESEL S10,09/01/2023,6.1,,R$ / litro,ALESAT,2023-11-21
SE,MG,CONSELHEIRO LAFAIETE,POSTO ELOHIM LTDA,01.708.132/0002-16,R BARAO DE POUSO ALEGRE,701,,SAO DIMAS,36400-000,DIESEL,09/01/2023,5.99,,R$ / litro,ALESAT,2023-11-21
SE,MG,CONSELHEIRO LAFAIETE,POSTO ELOHIM LTDA,01.708.132/0002-16,R BARAO DE POUSO ALEGRE,701,,SAO DIMAS,36400-000,GASOLINA ADITIVADA,09/01/2023,4.9,,R$ / litro,ALESAT,2023-11-21
SE,MG,CONSELHEIRO LAFAIETE,POSTO ELOHIM LTDA,01.708.132/0002-16,R BARAO DE POUSO ALEGRE,701,,SAO DIMAS,36400-000,GASOLINA,09/01/2023,4.85,,R$ / litro,ALESAT,2023-11-21
SE,MG,UBERABA,CINQUENTAO COMERCIO DE COMBUSTIVEIS LTDA,04.224.679/0004-04,RUA JOAO PINHEIRO,434,,CENTRO,38010-040,ETANOL,11/01/2023,3.59,,R$ / litro,BRANCA,2023-11-21
SE,MG,UBERABA,CINQUENTAO COMERCIO DE COMBUSTIVEIS LTDA,04.224.679/0004-04,RUA JOAO PINHEIRO,434,,CENTRO,38010-040,DIESEL S10,11/01/2023,5.99,,R$ / litro,BRANCA,2023-11-21
SE,MG,UBERABA,CINQUENTAO COMERCIO DE COMBUSTIVEIS LTDA,04.224.679/0004-04,RUA JOAO PINHEIRO,434,,CENTRO,38010-040,DIESEL,11/01/2023,5.89,,R$ / litro,BRANCA,2023-11-21
SE,MG,UBERABA,CINQUENTAO COMERCIO DE COMBUSTIVEIS LTDA,04.224.679/0004-04,RUA JOAO PINHEIRO,434,,CENTRO,38010-040,GASOLINA,11/01/2023,4.84,,R$ / litro,BRANCA,2023-11-21
SE,MG,ARAGUARI,CARILLI DIAS COMERCIO DE COMBUSTIVEIS LTDA,23.350.635/0001-14,AVENIDA MATO GROSSO,1740,,CENTRO,38440-046,ETANOL,09/01/2023,3.99,,R$ / litro,IPIRANGA,2023-11-21
SE,MG,ARAGUARI,CARILLI DIAS COMERCIO DE COMBUSTIVEIS LTDA,23.350.635/0001-14,AVENIDA MATO GROSSO,1740,,CENTRO,38440-046,DIESEL S10,09/01/2023,6.59,,R$ / litro,IPIRANGA,2023-11-21
SE,MG,ARAGUARI,CARILLI DIAS COMERCIO DE COMBUSTIVEIS LTDA,23.350.635/0001-14,AVENIDA MATO GROSSO,1740,,CENTRO,38440-046,DIESEL,09/01/2023,6.49,,R$ / litro,IPIRANGA,2023-11-21
SE,MG,ARAGUARI,CARILLI DIAS COMERCIO DE COMBUSTIVEIS LTDA,23.350.635/0001-14,AVENIDA MATO GROSSO,1740,,CENTRO,38440-046,GASOLINA,09/01/2023,4.99,,R$ / litro,IPIRANGA,2023-11-21
SE,MG,CAMPO BELO,ABC DISTRIBUICAO DE PETROLEO LTDA,13.117.591/0003-95,AVENIDA SAO JOAO,825,,CENTRO,37270-000,ETANOL,12/01/2023,3.89,,R$ / litro,BRANCA,2023-11-21
SE,MG,CAMPO BELO,ABC DISTRIBUICAO DE PETROLEO LTDA,13.117.591/0003-95,AVENIDA SAO JOAO,825,,CENTRO,37270-000,DIESEL S10,12/01/2023,6.34,,R$ / litro,BRANCA,2023-11-21
SE,MG,CAMPO BELO,ABC DISTRIBUICAO DE PETROLEO LTDA,13.117.591/0003-95,AVENIDA SAO JOAO,825,,CENTRO,37270-000,GASOLINA,12/01/2023,4.99,,R$ / litro,BRANCA,2023-11-21
SE,MG,UBERABA,AUTO POSTO RIBEIRO E PAIVA LTDA,23.869.913/0001-44,AVENIDA FRANCISCO PAGLIARO,30,,SAO BENEDITO,38020-340,ETANOL,11/01/2023,3.59,,R$ / litro,BRANCA,2023-11-21
SE,MG,UBERABA,AUTO POSTO RIBEIRO E PAIVA LTDA,23.869.913/0001-44,AVENIDA FRANCISCO PAGLIARO,30,,SAO BENEDITO,38020-340,DIESEL S10,11/01/2023,6.19,,R$ / litro,BRANCA,2023-11-21
SE,MG,UBERABA,AUTO POSTO RIBEIRO E PAIVA LTDA,23.869.913/0001-44,AVENIDA FRANCISCO PAGLIARO,30,,SAO BENEDITO,38020-340,GASOLINA,11/01/2023,4.74,,R$ / litro,BRANCA,2023-11-21
SE,MG,ARAGUARI,AUTO POSTO GAMELEIRA LTDA,18.801.824/0002-07,AVENIDA  TEODORETO VELOSO DE CARVALHO,7373,,SIBIPIRUNA,38445-198,ETANOL,09/01/2023,3.74,,R$ / litro,BRANCA,2023-11-21
SE,MG,ARAGUARI,AUTO POSTO GAMELEIRA LTDA,18.801.824/0002-07,AVENIDA  TEODORETO VELOSO DE CARVALHO,7373,,SIBIPIRUNA,38445-198,DIESEL S10,09/01/2023,6.04,,R$ / litro,BRANCA,2023-11-21
SE,MG,ARAGUARI,AUTO POSTO GAMELEIRA LTDA,18.801.824/0002-07,AVENIDA  TEODORETO VELOSO DE CARVALHO,7373,,SIBIPIRUNA,38445-198,DIESEL,09/01/2023,5.94,,R$ / litro,BRANCA,2023-11-21
SE,MG,ARAGUARI,AUTO POSTO GAMELEIRA LTDA,18.801.824/0002-07,AVENIDA  TEODORETO VELOSO DE CARVALHO,7373,,SIBIPIRUNA,38445-198,GASOLINA,09/01/2023,4.79,,R$ / litro,BRANCA,2023-11-21
SE,MG,TIMOTEO,POSTO REDE RIVA 6 LTDA - EPP,23.928.593/0001-56,AVENIDA ACESITA,91,,OLARIA,35180-207,ETANOL,12/01/2023,4.09,,R$ / litro,VIBRA ENERGIA,2023-11-21
SE,MG,TIMOTEO,POSTO REDE RIVA 6 LTDA - EPP,23.928.593/0001-56,AVENIDA ACESITA,91,,OLARIA,35180-207,DIESEL S10,12/01/2023,6.29,,R$ / litro,VIBRA ENERGIA,2023-11-21
SE,MG,TIMOTEO,POSTO REDE RIVA 6 LTDA - EPP,23.928.593/0001-56,AVENIDA ACESITA,91,,OLARIA,35180-207,DIESEL,12/01/2023,6.19,,R$ / litro,VIBRA ENERGIA,2023-11-21
SE,MG,TIMOTEO,POSTO REDE RIVA 6 LTDA - EPP,23.928.593/0001-56,AVENIDA ACESITA,91,,OLARIA,35180-207,GASOLINA ADITIVADA,12/01/2023,5.14,,R$ / litro,VIBRA ENERGIA,2023-11-21
SE,MG,TIMOTEO,POSTO REDE RIVA 6 LTDA - EPP,23.928.593/0001-56,AVENIDA ACESITA,91,,OLARIA,35180-207,GASOLINA,12/01/2023,4.99,,R$ / litro,VIBRA ENERGIA,2023-11-21
SE,MG,CARATINGA,CARATINGA COMBUSTIVEIS LTDA,23.981.936/0001-46,AVENIDA JOAO CAETANO NASCIMENTO,1225,SALA  03,LIMOEIRO,35300-104,ETANOL,09/01/2023,4.19,,R$ / litro,ALESAT,2023-11-21
SE,MG,CARATINGA,CARATINGA COMBUSTIVEIS LTDA,23.981.936/0001-46,AVENIDA JOAO CAETANO NASCIMENTO,1225,SALA  03,LIMOEIRO,35300-104,DIESEL S10,09/01/2023,6.29,,R$ / litro,ALESAT,2023-11-21
SE,MG,CARATINGA,CARATINGA COMBUSTIVEIS LTDA,23.981.936/0001-46,AVENIDA JOAO CAETANO NASCIMENTO,1225,SALA  03,LIMOEIRO,35300-104,DIESEL,09/01/2023,6.19,,R$ / litro,ALESAT,2023-11-21
SE,MG,CARATINGA,CARATINGA COMBUSTIVEIS LTDA,23.981.936/0001-46,AVENIDA JOAO CAETANO NASCIMENTO,1225,SALA  03,LIMOEIRO,35300-104,GASOLINA,09/01/2023,5.29,,R$ / litro,ALESAT,2023-11-21
SE,MG,UBERABA,COMERCIO DE COMBUSTIVEIS PORTO SEGURO LTDA,20.872.365/0001-13,AVENIDA SANTOS DUMONT,1750,,SANTA MARIA,38050-400,ETANOL,11/01/2023,3.89,,R$ / litro,RAIZEN,2023-11-21
SE,MG,UBERABA,COMERCIO DE COMBUSTIVEIS PORTO SEGURO LTDA,20.872.365/0001-13,AVENIDA SANTOS DUMONT,1750,,SANTA MARIA,38050-400,GASOLINA ADITIVADA,11/01/2023,5.29,,R$ / litro,RAIZEN,2023-11-21
SE,MG,UBERABA,COMERCIO DE COMBUSTIVEIS PORTO SEGURO LTDA,20.872.365/0001-13,AVENIDA SANTOS DUMONT,1750,,SANTA MARIA,38050-400,GASOLINA,11/01/2023,4.89,,R$ / litro,RAIZEN,2023-11-21
SE,MG,SETE LAGOAS,AUTO POSTO RAINHA DA PAZ LTDA,23.472.757/0001-83,AVENIDA MUCIO JOSE REIS,40,,CENTRO,35700-640,DIESEL,09/01/2023,5.95,,R$ / litro,BRANCA,2023-11-21
SE,MG,SETE LAGOAS,AUTO POSTO RAINHA DA PAZ LTDA,23.472.757/0001-83,AVENIDA MUCIO JOSE REIS,40,,CENTRO,35700-640,GASOLINA ADITIVADA,09/01/2023,4.95,,R$ / litro,BRANCA,2023-11-21
SE,MG,SETE LAGOAS,AUTO POSTO RAINHA DA PAZ LTDA,23.472.757/0001-83,AVENIDA MUCIO JOSE REIS,40,,CENTRO,35700-640,GASOLINA,09/01/2023,4.85,,R$ / litro,BRANCA,2023-11-21
SE,MG,SETE LAGOAS,AUTO POSTO RAINHA DA PAZ LTDA,23.472.757/0001-83,AVENIDA MUCIO JOSE REIS,40,,CENTRO,35700-640,ETANOL,09/01/2023,3.85,,R$ / litro,BRANCA,2023-11-21
SE,MG,SETE LAGOAS,AUTO POSTO RAINHA DA PAZ LTDA,23.472.757/0001-83,AVENIDA MUCIO JOSE REIS,40,,CENTRO,35700-640,DIESEL S10,09/01/2023,6.04,,R$ / litro,BRANCA,2023-11-21
SE,MG,JUIZ DE FORA,AUTO POSTO SALVATERRA LTDA,24.659.912/0001-38,AVENIDA DEUSDEDITH SALGADO,5250,,SALVATERRA,36033-007,ETANOL,13/01/2023,4.2,,R$ / litro,IPIRANGA,2023-11-21
SE,MG,JUIZ DE FORA,AUTO POSTO SALVATERRA LTDA,24.659.912/0001-38,AVENIDA DEUSDEDITH SALGADO,5250,,SALVATERRA,36033-007,DIESEL S10,13/01/2023,6.39,,R$ / litro,IPIRANGA,2023-11-21
SE,MG,JUIZ DE FORA,AUTO POSTO SALVATERRA LTDA,24.659.912/0001-38,AVENIDA DEUSDEDITH SALGADO,5250,,SALVATERRA,36033-007,DIESEL,13/01/2023,6.39,,R$ / litro,IPIRANGA,2023-11-21
SE,MG,JUIZ DE FORA,AUTO POSTO SALVATERRA LTDA,24.659.912/0001-38,AVENIDA DEUSDEDITH SALGADO,5250,,SALVATERRA,36033-007,GASOLINA ADITIVADA,13/01/2023,5.3,,R$ / litro,IPIRANGA,2023-11-21
SE,MG,JUIZ DE FORA,AUTO POSTO SALVATERRA LTDA,24.659.912/0001-38,AVENIDA DEUSDEDITH SALGADO,5250,,SALVATERRA,36033-007,GASOLINA,13/01/2023,5.1,,R$ / litro,IPIRANGA,2023-11-21
SE,MG,BARBACENA,COMERCIO DE COMBUSTIVEIS E LUBRIFICANTES SBT LTDA,25.060.649/0001-29,RODOVIA BR 040,S/N,KM    718,CORREIA DE ALMEIDA,36208-000,ETANOL,10/01/2023,3.88,,R$ / litro,BRANCA,2023-11-21
SE,MG,BARBACENA,COMERCIO DE COMBUSTIVEIS E LUBRIFICANTES SBT LTDA,25.060.649/0001-29,RODOVIA BR 040,S/N,KM    718,CORREIA DE ALMEIDA,36208-000,DIESEL S10,10/01/2023,5.99,,R$ / litro,BRANCA,2023-11-21
SE,MG,BARBACENA,COMERCIO DE COMBUSTIVEIS E LUBRIFICANTES SBT LTDA,25.060.649/0001-29,RODOVIA BR 040,S/N,KM    718,CORREIA DE ALMEIDA,36208-000,DIESEL,10/01/2023,5.59,,R$ / litro,BRANCA,2023-11-21
SE,MG,BARBACENA,COMERCIO DE COMBUSTIVEIS E LUBRIFICANTES SBT LTDA,25.060.649/0001-29,RODOVIA BR 040,S/N,KM    718,CORREIA DE ALMEIDA,36208-000,GASOLINA,10/01/2023,4.69,,R$ / litro,BRANCA,2023-11-21
SE,MG,LAVRAS,GX I POSTO DE COMBUSTIVEIS LTDA,23.836.656/0001-44,AVENIDA EVARISTO GOMES GUERRA,1351,,JARDIM GLORIA,37200-000,ETANOL,12/01/2023,4.19,,R$ / litro,VIBRA ENERGIA,2023-11-21
SE,MG,LAVRAS,GX I POSTO DE COMBUSTIVEIS LTDA,23.836.656/0001-44,AVENIDA EVARISTO GOMES GUERRA,1351,,JARDIM GLORIA,37200-000,DIESEL S10,12/01/2023,6.29,,R$ / litro,VIBRA ENERGIA,2023-11-21
SE,MG,LAVRAS,GX I POSTO DE COMBUSTIVEIS LTDA,23.836.656/0001-44,AVENIDA EVARISTO GOMES GUERRA,1351,,JARDIM GLORIA,37200-000,GASOLINA ADITIVADA,12/01/2023,5.15,,R$ / litro,VIBRA ENERGIA,2023-11-21
SE,MG,LAVRAS,GX I POSTO DE COMBUSTIVEIS LTDA,23.836.656/0001-44,AVENIDA EVARISTO GOMES GUERRA,1351,,JARDIM GLORIA,37200-000,GASOLINA,12/01/2023,5.07,,R$ / litro,VIBRA ENERGIA,2023-11-21
SE,MG,BETIM,POSTO JARDIM DA CIDADE LTDA  - ME,06.284.318/0001-28,AVENIDA TEOTONIO PARREIRA COELHO,115,,JARDIM DA CIDADE,32604-255,ETANOL,10/01/2023,3.89,,R$ / litro,IPIRANGA,2023-11-21
SE,MG,BETIM,POSTO JARDIM DA CIDADE LTDA  - ME,06.284.318/0001-28,AVENIDA TEOTONIO PARREIRA COELHO,115,,JARDIM DA CIDADE,32604-255,DIESEL S10,10/01/2023,6.49,,R$ / litro,IPIRANGA,2023-11-21
SE,MG,BETIM,POSTO JARDIM DA CIDADE LTDA  - ME,06.284.318/0001-28,AVENIDA TEOTONIO PARREIRA COELHO,115,,JARDIM DA CIDADE,32604-255,GASOLINA ADITIVADA,10/01/2023,5.09,,R$ / litro,IPIRANGA,2023-11-21
SE,MG,BETIM,POSTO JARDIM DA CIDADE LTDA  - ME,06.284.318/0001-28,AVENIDA TEOTONIO PARREIRA COELHO,115,,JARDIM DA CIDADE,32604-255,GASOLINA,10/01/2023,4.89,,R$ / litro,IPIRANGA,2023-11-21
SE,MG,BARBACENA,AUTO POSTO SEGREDINHO LTDA,24.440.725/0001-69,AVENIDA GOVERNADOR BIAS FORTES,1605,B,PONTILHAO,36204-168,ETANOL,10/01/2023,3.88,,R$ / litro,IPIRANGA,2023-11-21
SE,MG,BARBACENA,AUTO POSTO SEGREDINHO LTDA,24.440.725/0001-69,AVENIDA GOVERNADOR BIAS FORTES,1605,B,PONTILHAO,36204-168,DIESEL S10,10/01/2023,6.06,,R$ / litro,IPIRANGA,2023-11-21
SE,MG,BARBACENA,AUTO POSTO SEGREDINHO LTDA,24.440.725/0001-69,AVENIDA GOVERNADOR BIAS FORTES,1605,B,PONTILHAO,36204-168,DIESEL,10/01/2023,5.96,,R$ / litro,IPIRANGA,2023-11-21
SE,MG,BARBACENA,AUTO POSTO SEGREDINHO LTDA,24.440.725/0001-69,AVENIDA GOVERNADOR BIAS FORTES,1605,B,PONTILHAO,36204-168,GASOLINA,10/01/2023,4.99,,R$ / litro,IPIRANGA,2023-11-21
SE,MG,UBERABA,AUTO POSTO ESTORIL DE UBERABA LTDA,26.459.294/0001-08,AVENIDA GUILHERME FERREIRA,2051,,SAO BENEDITO,38022-200,ETANOL,11/01/2023,3.85,,R$ / litro,BRANCA,2023-11-21
SE,MG,UBERABA,AUTO POSTO ESTORIL DE UBERABA LTDA,26.459.294/0001-08,AVENIDA GUILHERME FERREIRA,2051,,SAO BENEDITO,38022-200,DIESEL S10,11/01/2023,6.2,,R$ / litro,BRANCA,2023-11-21
SE,MG,UBERABA,AUTO POSTO ESTORIL DE UBERABA LTDA,26.459.294/0001-08,AVENIDA GUILHERME FERREIRA,2051,,SAO BENEDITO,38022-200,DIESEL,11/01/2023,6.1,,R$ / litro,BRANCA,2023-11-21
SE,MG,UBERABA,AUTO POSTO ESTORIL DE UBERABA LTDA,26.459.294/0001-08,AVENIDA GUILHERME FERREIRA,2051,,SAO BENEDITO,38022-200,GASOLINA,11/01/2023,4.95,,R$ / litro,BRANCA,2023-11-21
SE,MG,FRUTAL,AUTO POSTO V8 DE FRUTAL LTDA,26.181.714/0001-37,RUA PEDRO RODRIGUES DA SILVEIRA,445,,ALTO BOA VISTA,38200-000,ETANOL,12/01/2023,3.79,,R$ / litro,BRANCA,2023-11-21
SE,MG,FRUTAL,AUTO POSTO V8 DE FRUTAL LTDA,26.181.714/0001-37,RUA PEDRO RODRIGUES DA SILVEIRA,445,,ALTO BOA VISTA,38200-000,DIESEL S10,12/01/2023,6.49,,R$ / litro,BRANCA,2023-11-21
SE,MG,FRUTAL,AUTO POSTO V8 DE FRUTAL LTDA,26.181.714/0001-37,RUA PEDRO RODRIGUES DA SILVEIRA,445,,ALTO BOA VISTA,38200-000,DIESEL,12/01/2023,6.39,,R$ / litro,BRANCA,2023-11-21
SE,MG,FRUTAL,AUTO POSTO V8 DE FRUTAL LTDA,26.181.714/0001-37,RUA PEDRO RODRIGUES DA SILVEIRA,445,,ALTO BOA VISTA,38200-000,GASOLINA,12/01/2023,4.89,,R$ / litro,BRANCA,2023-11-21
SE,MG,CARATINGA,CIMINI PRAIS CIA LTDA - ME,04.637.870/0001-27,AVENIDA PRESIDENTE TANCREDO NEVES,1243,,SALATIEL,35300-543,GASOLINA ADITIVADA,09/01/2023,5.49,,R$ / litro,RAIZEN,2023-11-21
SE,MG,CARATINGA,CIMINI PRAIS CIA LTDA - ME,04.637.870/0001-27,AVENIDA PRESIDENTE TANCREDO NEVES,1243,,SALATIEL,35300-543,GASOLINA,09/01/2023,5.29,,R$ / litro,RAIZEN,2023-11-21
SE,MG,CARATINGA,CIMINI PRAIS CIA LTDA - ME,04.637.870/0001-27,AVENIDA PRESIDENTE TANCREDO NEVES,1243,,SALATIEL,35300-543,ETANOL,09/01/2023,4.19,,R$ / litro,RAIZEN,2023-11-21
SE,MG,CARATINGA,CIMINI PRAIS CIA LTDA - ME,04.637.870/0001-27,AVENIDA PRESIDENTE TANCREDO NEVES,1243,,SALATIEL,35300-543,DIESEL S10,09/01/2023,6.39,,R$ / litro,RAIZEN,2023-11-21
SE,MG,CARATINGA,CIMINI PRAIS CIA LTDA - ME,04.637.870/0001-27,AVENIDA PRESIDENTE TANCREDO NEVES,1243,,SALATIEL,35300-543,DIESEL,09/01/2023,6.29,,R$ / litro,RAIZEN,2023-11-21
SE,MG,JUIZ DE FORA,L2 AUTO POSTO LTDA,27.089.396/0001-41,RUA OSORIO DE ALMEIDA,19,,POCO RICO,36020-020,ETANOL,13/01/2023,4.2,,R$ / litro,VIBRA ENERGIA,2023-11-21
SE,MG,JUIZ DE FORA,L2 AUTO POSTO LTDA,27.089.396/0001-41,RUA OSORIO DE ALMEIDA,19,,POCO RICO,36020-020,DIESEL S10,13/01/2023,5.99,,R$ / litro,VIBRA ENERGIA,2023-11-21
SE,MG,JUIZ DE FORA,L2 AUTO POSTO LTDA,27.089.396/0001-41,RUA OSORIO DE ALMEIDA,19,,POCO RICO,36020-020,GASOLINA ADITIVADA,13/01/2023,5.2,,R$ / litro,VIBRA ENERGIA,2023-11-21
SE,MG,JUIZ DE FORA,L2 AUTO POSTO LTDA,27.089.396/0001-41,RUA OSORIO DE ALMEIDA,19,,POCO RICO,36020-020,GASOLINA,13/01/2023,5.1,,R$ / litro,VIBRA ENERGIA,2023-11-21
SE,MG,UBERABA,CINQUENTAO COMERCIO DE COMBUSTIVEIS LTDA,04.224.679/0006-68,AVENIDA LEOPOLDINO DE OLIVEIRA,3040,,ESTADOS UNIDOS,38015-000,ETANOL,11/01/2023,3.59,,R$ / litro,BRANCA,2023-11-21
SE,MG,UBERABA,CINQUENTAO COMERCIO DE COMBUSTIVEIS LTDA,04.224.679/0006-68,AVENIDA LEOPOLDINO DE OLIVEIRA,3040,,ESTADOS UNIDOS,38015-000,DIESEL S10,11/01/2023,5.99,,R$ / litro,BRANCA,2023-11-21
SE,MG,UBERABA,CINQUENTAO COMERCIO DE COMBUSTIVEIS LTDA,04.224.679/0006-68,AVENIDA LEOPOLDINO DE OLIVEIRA,3040,,ESTADOS UNIDOS,38015-000,DIESEL,11/01/2023,5.89,,R$ / litro,BRANCA,2023-11-21
SE,MG,UBERABA,CINQUENTAO COMERCIO DE COMBUSTIVEIS LTDA,04.224.679/0006-68,AVENIDA LEOPOLDINO DE OLIVEIRA,3040,,ESTADOS UNIDOS,38015-000,GASOLINA ADITIVADA,11/01/2023,4.84,,R$ / litro,BRANCA,2023-11-21
SE,MG,UBERABA,CINQUENTAO COMERCIO DE COMBUSTIVEIS LTDA,04.224.679/0006-68,AVENIDA LEOPOLDINO DE OLIVEIRA,3040,,ESTADOS UNIDOS,38015-000,GASOLINA,11/01/2023,4.84,,R$ / litro,BRANCA,2023-11-21
SE,MG,LAVRAS,POSTO TREVAO II COMERCIO DE COMBUSTIVEIS LTDA,19.796.948/0001-23,RODOVIA BR 265,1595,,JARDIM SAMAUMA,37200-000,ETANOL,12/01/2023,4.16,,R$ / litro,VIBRA ENERGIA,2023-11-21
SE,MG,LAVRAS,POSTO TREVAO II COMERCIO DE COMBUSTIVEIS LTDA,19.796.948/0001-23,RODOVIA BR 265,1595,,JARDIM SAMAUMA,37200-000,DIESEL S10,12/01/2023,6.32,,R$ / litro,VIBRA ENERGIA,2023-11-21
SE,MG,LAVRAS,POSTO TREVAO II COMERCIO DE COMBUSTIVEIS LTDA,19.796.948/0001-23,RODOVIA BR 265,1595,,JARDIM SAMAUMA,37200-000,DIESEL,12/01/2023,5.2,,R$ / litro,VIBRA ENERGIA,2023-11-21
SE,MG,LAVRAS,POSTO TREVAO II COMERCIO DE COMBUSTIVEIS LTDA,19.796.948/0001-23,RODOVIA BR 265,1595,,JARDIM SAMAUMA,37200-000,GASOLINA ADITIVADA,12/01/2023,5.12,,R$ / litro,VIBRA ENERGIA,2023-11-21
SE,MG,LAVRAS,POSTO TREVAO II COMERCIO DE COMBUSTIVEIS LTDA,19.796.948/0001-23,RODOVIA BR 265,1595,,JARDIM SAMAUMA,37200-000,GASOLINA,12/01/2023,5.09,,R$ / litro,VIBRA ENERGIA,2023-11-21
SE,MG,DIVINOPOLIS,COMERCIO DE COMBUSTIVEIS SANTA RITA LTDA,26.232.467/0001-50,RUA JK,850 C,,BOM PASTOR,35500-155,ETANOL,10/01/2023,4.05,,R$ / litro,IPIRANGA,2023-11-21
SE,MG,DIVINOPOLIS,COMERCIO DE COMBUSTIVEIS SANTA RITA LTDA,26.232.467/0001-50,RUA JK,850 C,,BOM PASTOR,35500-155,DIESEL S10,10/01/2023,6.49,,R$ / litro,IPIRANGA,2023-11-21
SE,MG,DIVINOPOLIS,COMERCIO DE COMBUSTIVEIS SANTA RITA LTDA,26.232.467/0001-50,RUA JK,850 C,,BOM PASTOR,35500-155,GASOLINA ADITIVADA,10/01/2023,5.25,,R$ / litro,IPIRANGA,2023-11-21
SE,MG,DIVINOPOLIS,COMERCIO DE COMBUSTIVEIS SANTA RITA LTDA,26.232.467/0001-50,RUA JK,850 C,,BOM PASTOR,35500-155,GASOLINA,10/01/2023,5.05,,R$ / litro,IPIRANGA,2023-11-21
SE,MG,SAO JOAO DEL REI,COMERCIO DE COMBUSTIVEIS SJDR LTDA,27.895.026/0001-00,AVENIDA TRINTA E UM DE MARCO,2436,,COLONIA DO MARCAL,36302-016,ETANOL,11/01/2023,3.83,,R$ / litro,BRANCA,2023-11-21
SE,MG,SAO JOAO DEL REI,COMERCIO DE COMBUSTIVEIS SJDR LTDA,27.895.026/0001-00,AVENIDA TRINTA E UM DE MARCO,2436,,COLONIA DO MARCAL,36302-016,GASOLINA,11/01/2023,4.87,,R$ / litro,BRANCA,2023-11-21
SE,MG,SAO JOAO DEL REI,POSTO PETROLUCK'S LTDA - ME,27.352.915/0001-12,RUA SAO JOAO,359,,SAO JOSE OPERARIO,36309-308,DIESEL S10,12/01/2023,6.49,,R$ / litro,BRANCA,2023-11-21
SE,MG,SAO JOAO DEL REI,POSTO PETROLUCK'S LTDA - ME,27.352.915/0001-12,RUA SAO JOAO,359,,SAO JOSE OPERARIO,36309-308,DIESEL,12/01/2023,6.19,,R$ / litro,BRANCA,2023-11-21
SE,MG,SAO JOAO DEL REI,POSTO PETROLUCK'S LTDA - ME,27.352.915/0001-12,RUA SAO JOAO,359,,SAO JOSE OPERARIO,36309-308,GASOLINA ADITIVADA,12/01/2023,5.24,,R$ / litro,BRANCA,2023-11-21
SE,MG,SAO JOAO DEL REI,POSTO PETROLUCK'S LTDA - ME,27.352.915/0001-12,RUA SAO JOAO,359,,SAO JOSE OPERARIO,36309-308,GASOLINA,12/01/2023,4.99,,R$ / litro,BRANCA,2023-11-21
SE,MG,SAO JOAO DEL REI,POSTO PETROLUCK'S LTDA - ME,27.352.915/0001-12,RUA SAO JOAO,359,,SAO JOSE OPERARIO,36309-308,ETANOL,12/01/2023,3.99,,R$ / litro,BRANCA,2023-11-21
SE,MG,BETIM,REDE DOM PEDRO DE POSTOS LTDA.,20.415.295/0015-70,RODOVIA BR-381 FERNAO DIAS,S/N,KM    496,BRASILEIA,32600-260,ETANOL,10/01/2023,4.09,,R$ / litro,IPIRANGA,2023-11-21
SE,MG,BETIM,REDE DOM PEDRO DE POSTOS LTDA.,20.415.295/0015-70,RODOVIA BR-381 FERNAO DIAS,S/N,KM    496,BRASILEIA,32600-260,DIESEL S10,10/01/2023,6.19,,R$ / litro,IPIRANGA,2023-11-21
SE,MG,BETIM,REDE DOM PEDRO DE POSTOS LTDA.,20.415.295/0015-70,RODOVIA BR-381 FERNAO DIAS,S/N,KM    496,BRASILEIA,32600-260,DIESEL,10/01/2023,6.09,,R$ / litro,IPIRANGA,2023-11-21
SE,MG,BETIM,REDE DOM PEDRO DE POSTOS LTDA.,20.415.295/0015-70,RODOVIA BR-381 FERNAO DIAS,S/N,KM    496,BRASILEIA,32600-260,GASOLINA,10/01/2023,4.89,,R$ / litro,IPIRANGA,2023-11-21
SE,MG,FORMIGA,AUTO POSTO LAVAJATO LTDA,29.467.161/0001-71,PRACA BERNARDINO NOGUEIRA,2,,CENTRO,35570-144,DIESEL,09/01/2023,6.29,,R$ / litro,VIBRA ENERGIA,2023-11-21
SE,MG,FORMIGA,AUTO POSTO LAVAJATO LTDA,29.467.161/0001-71,PRACA BERNARDINO NOGUEIRA,2,,CENTRO,35570-144,GASOLINA ADITIVADA,09/01/2023,5.29,,R$ / litro,VIBRA ENERGIA,2023-11-21
SE,MG,FORMIGA,AUTO POSTO LAVAJATO LTDA,29.467.161/0001-71,PRACA BERNARDINO NOGUEIRA,2,,CENTRO,35570-144,GASOLINA,09/01/2023,5.19,,R$ / litro,VIBRA ENERGIA,2023-11-21
SE,MG,SETE LAGOAS,POSTO INTERLAGOS LTDA,23.556.740/0001-04,AVENIDA PREFEITO ALBERTO MOURA,325,,DISTRITO INDUSTRIAL,35702-383,ETANOL,10/01/2023,3.86,,R$ / litro,VIBRA ENERGIA,2023-11-21
SE,MG,SETE LAGOAS,POSTO INTERLAGOS LTDA,23.556.740/0001-04,AVENIDA PREFEITO ALBERTO MOURA,325,,DISTRITO INDUSTRIAL,35702-383,DIESEL S10,10/01/2023,6.19,,R$ / litro,VIBRA ENERGIA,2023-11-21
SE,MG,SETE LAGOAS,POSTO INTERLAGOS LTDA,23.556.740/0001-04,AVENIDA PREFEITO ALBERTO MOURA,325,,DISTRITO INDUSTRIAL,35702-383,DIESEL,10/01/2023,5.97,,R$ / litro,VIBRA ENERGIA,2023-11-21
SE,MG,SETE LAGOAS,POSTO INTERLAGOS LTDA,23.556.740/0001-04,AVENIDA PREFEITO ALBERTO MOURA,325,,DISTRITO INDUSTRIAL,35702-383,GASOLINA ADITIVADA,10/01/2023,4.89,,R$ / litro,VIBRA ENERGIA,2023-11-21
SE,MG,SETE LAGOAS,POSTO INTERLAGOS LTDA,23.556.740/0001-04,AVENIDA PREFEITO ALBERTO MOURA,325,,DISTRITO INDUSTRIAL,35702-383,GASOLINA,10/01/2023,4.89,,R$ / litro,VIBRA ENERGIA,2023-11-21
SE,MG,BETIM,REDE DOM PEDRO DE POSTOS LTDA.,20.415.295/0014-99,RODOVIA BR-381 FERNAO DIAS,S/N,KM: 482;,DISTRITO INDUSTRIAL JARDIM PIEMONT NORTE,32689-898,ETANOL,10/01/2023,4.09,,R$ / litro,IPIRANGA,2023-11-21
SE,MG,BETIM,REDE DOM PEDRO DE POSTOS LTDA.,20.415.295/0014-99,RODOVIA BR-381 FERNAO DIAS,S/N,KM: 482;,DISTRITO INDUSTRIAL JARDIM PIEMONT NORTE,32689-898,DIESEL S10,10/01/2023,6.19,,R$ / litro,IPIRANGA,2023-11-21
SE,MG,BETIM,REDE DOM PEDRO DE POSTOS LTDA.,20.415.295/0014-99,RODOVIA BR-381 FERNAO DIAS,S/N,KM: 482;,DISTRITO INDUSTRIAL JARDIM PIEMONT NORTE,32689-898,DIESEL,10/01/2023,6.09,,R$ / litro,IPIRANGA,2023-11-21
SE,MG,BETIM,REDE DOM PEDRO DE POSTOS LTDA.,20.415.295/0014-99,RODOVIA BR-381 FERNAO DIAS,S/N,KM: 482;,DISTRITO INDUSTRIAL JARDIM PIEMONT NORTE,32689-898,GASOLINA,10/01/2023,4.89,,R$ / litro,IPIRANGA,2023-11-21
SE,MG,CONSELHEIRO LAFAIETE,POSTO DE COMBUSTIVEL VIA PRACA DA BANDEIRA LTDA,30.866.182/0001-49,PRACA DA BANDEIRA,1,,CARIJOS,36406-113,ETANOL,09/01/2023,4.15,,R$ / litro,IPIRANGA,2023-11-21
SE,MG,CONSELHEIRO LAFAIETE,POSTO DE COMBUSTIVEL VIA PRACA DA BANDEIRA LTDA,30.866.182/0001-49,PRACA DA BANDEIRA,1,,CARIJOS,36406-113,DIESEL S10,09/01/2023,6.89,,R$ / litro,IPIRANGA,2023-11-21
SE,MG,CONSELHEIRO LAFAIETE,POSTO DE COMBUSTIVEL VIA PRACA DA BANDEIRA LTDA,30.866.182/0001-49,PRACA DA BANDEIRA,1,,CARIJOS,36406-113,DIESEL,09/01/2023,6.79,,R$ / litro,IPIRANGA,2023-11-21
SE,MG,CONSELHEIRO LAFAIETE,POSTO DE COMBUSTIVEL VIA PRACA DA BANDEIRA LTDA,30.866.182/0001-49,PRACA DA BANDEIRA,1,,CARIJOS,36406-113,GASOLINA ADITIVADA,09/01/2023,5.29,,R$ / litro,IPIRANGA,2023-11-21
SE,MG,CONSELHEIRO LAFAIETE,POSTO DE COMBUSTIVEL VIA PRACA DA BANDEIRA LTDA,30.866.182/0001-49,PRACA DA BANDEIRA,1,,CARIJOS,36406-113,GASOLINA,09/01/2023,5.19,,R$ / litro,IPIRANGA,2023-11-21
SE,MG,POUSO ALEGRE,REDE DOM PEDRO DE POSTOS LTDA.,20.415.295/0048-38,AVENIDA MOISES LOPES,670,,FRANCISCA AUGUSTA RIOS,37557-031,DIESEL,12/01/2023,6.39,,R$ / litro,VIBRA ENERGIA,2023-11-21
SE,MG,POUSO ALEGRE,REDE DOM PEDRO DE POSTOS LTDA.,20.415.295/0048-38,AVENIDA MOISES LOPES,670,,FRANCISCA AUGUSTA RIOS,37557-031,GASOLINA ADITIVADA,12/01/2023,5.19,,R$ / litro,VIBRA ENERGIA,2023-11-21
SE,MG,POUSO ALEGRE,REDE DOM PEDRO DE POSTOS LTDA.,20.415.295/0048-38,AVENIDA MOISES LOPES,670,,FRANCISCA AUGUSTA RIOS,37557-031,GASOLINA,12/01/2023,4.99,,R$ / litro,VIBRA ENERGIA,2023-11-21
SE,MG,POUSO ALEGRE,REDE DOM PEDRO DE POSTOS LTDA.,20.415.295/0048-38,AVENIDA MOISES LOPES,670,,FRANCISCA AUGUSTA RIOS,37557-031,ETANOL,12/01/2023,3.99,,R$ / litro,VIBRA ENERGIA,2023-11-21
SE,MG,POUSO ALEGRE,REDE DOM PEDRO DE POSTOS LTDA.,20.415.295/0048-38,AVENIDA MOISES LOPES,670,,FRANCISCA AUGUSTA RIOS,37557-031,DIESEL S10,12/01/2023,6.49,,R$ / litro,VIBRA ENERGIA,2023-11-21
SE,MG,CARATINGA,COMERCIO DE COMBUSTIVEIS PRESIDENTE TANCREDO NEVES LTDA,32.334.785/0001-25,AVENIDA PRESIDENTE TANCREDO NEVES,2325,,ZACARIAS,35300-571,ETANOL,09/01/2023,4.17,,R$ / litro,ALESAT,2023-11-21
SE,MG,CARATINGA,COMERCIO DE COMBUSTIVEIS PRESIDENTE TANCREDO NEVES LTDA,32.334.785/0001-25,AVENIDA PRESIDENTE TANCREDO NEVES,2325,,ZACARIAS,35300-571,DIESEL S10,09/01/2023,6.25,,R$ / litro,ALESAT,2023-11-21
SE,MG,CARATINGA,COMERCIO DE COMBUSTIVEIS PRESIDENTE TANCREDO NEVES LTDA,32.334.785/0001-25,AVENIDA PRESIDENTE TANCREDO NEVES,2325,,ZACARIAS,35300-571,DIESEL,09/01/2023,6.19,,R$ / litro,ALESAT,2023-11-21
SE,MG,CARATINGA,COMERCIO DE COMBUSTIVEIS PRESIDENTE TANCREDO NEVES LTDA,32.334.785/0001-25,AVENIDA PRESIDENTE TANCREDO NEVES,2325,,ZACARIAS,35300-571,GASOLINA,09/01/2023,5.28,,R$ / litro,ALESAT,2023-11-21
SE,MG,BETIM,REDE DOM PEDRO DE POSTOS LTDA.,20.415.295/0043-23,RUA MARIA DAS MERCES LIMA,10,,BETIM INDUSTRIAL,32670-446,ETANOL,10/01/2023,4.09,,R$ / litro,IPIRANGA,2023-11-21
SE,MG,BETIM,REDE DOM PEDRO DE POSTOS LTDA.,20.415.295/0043-23,RUA MARIA DAS MERCES LIMA,10,,BETIM INDUSTRIAL,32670-446,DIESEL S10,10/01/2023,6.19,,R$ / litro,IPIRANGA,2023-11-21
SE,MG,BETIM,REDE DOM PEDRO DE POSTOS LTDA.,20.415.295/0043-23,RUA MARIA DAS MERCES LIMA,10,,BETIM INDUSTRIAL,32670-446,DIESEL,10/01/2023,6.09,,R$ / litro,IPIRANGA,2023-11-21
SE,MG,BETIM,REDE DOM PEDRO DE POSTOS LTDA.,20.415.295/0043-23,RUA MARIA DAS MERCES LIMA,10,,BETIM INDUSTRIAL,32670-446,GASOLINA,10/01/2023,4.89,,R$ / litro,IPIRANGA,2023-11-21
SE,MG,UBERABA,AUTO POSTO STREET LTDA,17.927.036/0002-07,AVENIDA BERNARDO SEIBEL,541,,DISTRITO INDUSTRIAL I,38056-610,DIESEL S10,11/01/2023,6.49,,R$ / litro,VIBRA ENERGIA,2023-11-21
SE,MG,UBERABA,AUTO POSTO STREET LTDA,17.927.036/0002-07,AVENIDA BERNARDO SEIBEL,541,,DISTRITO INDUSTRIAL I,38056-610,DIESEL,11/01/2023,6.44,,R$ / litro,VIBRA ENERGIA,2023-11-21
SE,MG,UBERLANDIA,OLIVEIRA CARNEIRO COMERCIO DE COMBUSTIVEIS LTDA,07.857.349/0002-74,AVENIDA ALDO BORGES LEAO,1950,,MORADA NOVA,38421-051,ETANOL,11/01/2023,3.78,,R$ / litro,VIBRA ENERGIA,2023-11-21
SE,MG,UBERLANDIA,OLIVEIRA CARNEIRO COMERCIO DE COMBUSTIVEIS LTDA,07.857.349/0002-74,AVENIDA ALDO BORGES LEAO,1950,,MORADA NOVA,38421-051,DIESEL S10,11/01/2023,6.07,,R$ / litro,VIBRA ENERGIA,2023-11-21
SE,MG,UBERLANDIA,OLIVEIRA CARNEIRO COMERCIO DE COMBUSTIVEIS LTDA,07.857.349/0002-74,AVENIDA ALDO BORGES LEAO,1950,,MORADA NOVA,38421-051,DIESEL,11/01/2023,5.97,,R$ / litro,VIBRA ENERGIA,2023-11-21
SE,MG,UBERLANDIA,OLIVEIRA CARNEIRO COMERCIO DE COMBUSTIVEIS LTDA,07.857.349/0002-74,AVENIDA ALDO BORGES LEAO,1950,,MORADA NOVA,38421-051,GASOLINA,11/01/2023,4.88,,R$ / litro,VIBRA ENERGIA,2023-11-21
SE,MG,MONTES CLAROS,"RENON, COSTA & CIA LTDA",04.309.086/0002-70,AVENIDA DEPUTADO PLINIO RIBEIRO,3150,,JARDIM PALMEIRAS,39402-194,ETANOL,11/01/2023,3.89,,R$ / litro,IPIRANGA,2023-11-21
SE,MG,MONTES CLAROS,"RENON, COSTA & CIA LTDA",04.309.086/0002-70,AVENIDA DEPUTADO PLINIO RIBEIRO,3150,,JARDIM PALMEIRAS,39402-194,DIESEL S10,11/01/2023,6.29,,R$ / litro,IPIRANGA,2023-11-21
SE,MG,MONTES CLAROS,"RENON, COSTA & CIA LTDA",04.309.086/0002-70,AVENIDA DEPUTADO PLINIO RIBEIRO,3150,,JARDIM PALMEIRAS,39402-194,DIESEL,11/01/2023,6.19,,R$ / litro,IPIRANGA,2023-11-21
SE,MG,MONTES CLAROS,"RENON, COSTA & CIA LTDA",04.309.086/0002-70,AVENIDA DEPUTADO PLINIO RIBEIRO,3150,,JARDIM PALMEIRAS,39402-194,GASOLINA ADITIVADA,11/01/2023,5.09,,R$ / litro,IPIRANGA,2023-11-21
SE,MG,MONTES CLAROS,"RENON, COSTA & CIA LTDA",04.309.086/0002-70,AVENIDA DEPUTADO PLINIO RIBEIRO,3150,,JARDIM PALMEIRAS,39402-194,GASOLINA,11/01/2023,4.99,,R$ / litro,IPIRANGA,2023-11-21
SE,MG,POUSO ALEGRE,NUNES COMERCIO DE COMBUSTIVEIS LTDA,33.699.713/0001-44,RUA COMENDADOR JOSE GARCIA,1026,,CASCALHO,37553-100,ETANOL,12/01/2023,3.67,,R$ / litro,RAIZEN,2023-11-21
SE,MG,POUSO ALEGRE,NUNES COMERCIO DE COMBUSTIVEIS LTDA,33.699.713/0001-44,RUA COMENDADOR JOSE GARCIA,1026,,CASCALHO,37553-100,GASOLINA ADITIVADA,12/01/2023,5.17,,R$ / litro,RAIZEN,2023-11-21
SE,MG,POUSO ALEGRE,NUNES COMERCIO DE COMBUSTIVEIS LTDA,33.699.713/0001-44,RUA COMENDADOR JOSE GARCIA,1026,,CASCALHO,37553-100,GASOLINA,12/01/2023,4.77,,R$ / litro,RAIZEN,2023-11-21
SE,MG,POUSO ALEGRE,REDE DOM PEDRO DE POSTOS LTDA.,20.415.295/0062-96,RUA FRANCISCO MASSAFERA,191,,SAO JOAO,37550-456,ETANOL,12/01/2023,3.79,,R$ / litro,BRANCA,2023-11-21
SE,MG,POUSO ALEGRE,REDE DOM PEDRO DE POSTOS LTDA.,20.415.295/0062-96,RUA FRANCISCO MASSAFERA,191,,SAO JOAO,37550-456,DIESEL S10,12/01/2023,6.19,,R$ / litro,BRANCA,2023-11-21
SE,MG,POUSO ALEGRE,REDE DOM PEDRO DE POSTOS LTDA.,20.415.295/0062-96,RUA FRANCISCO MASSAFERA,191,,SAO JOAO,37550-456,GASOLINA,12/01/2023,4.89,,R$ / litro,BRANCA,2023-11-21
SE,MG,FORMIGA,AUTO POSTO SERRA LTDA,36.109.872/0001-30,RUA DOUTOR TEIXEIRA SOARES,468,,CENTRO,35570-090,ETANOL,09/01/2023,4.29,,R$ / litro,VIBRA ENERGIA,2023-11-21
SE,MG,FORMIGA,AUTO POSTO SERRA LTDA,36.109.872/0001-30,RUA DOUTOR TEIXEIRA SOARES,468,,CENTRO,35570-090,DIESEL S10,09/01/2023,6.69,,R$ / litro,VIBRA ENERGIA,2023-11-21
SE,MG,FORMIGA,AUTO POSTO SERRA LTDA,36.109.872/0001-30,RUA DOUTOR TEIXEIRA SOARES,468,,CENTRO,35570-090,DIESEL,09/01/2023,6.59,,R$ / litro,VIBRA ENERGIA,2023-11-21
SE,MG,FORMIGA,AUTO POSTO SERRA LTDA,36.109.872/0001-30,RUA DOUTOR TEIXEIRA SOARES,468,,CENTRO,35570-090,GASOLINA,09/01/2023,5.19,,R$ / litro,VIBRA ENERGIA,2023-11-21
SE,MG,UBERLANDIA,DMA DISTRIBUIDORA S/A,01.928.075/0183-09,RUA BR-050 - SENTIDO UBERABA,7085,KM    73 POSTO,PANORAMA,38400-760,ETANOL,10/01/2023,3.79,,R$ / litro,VIBRA ENERGIA,2023-11-21
SE,MG,UBERLANDIA,DMA DISTRIBUIDORA S/A,01.928.075/0183-09,RUA BR-050 - SENTIDO UBERABA,7085,KM    73 POSTO,PANORAMA,38400-760,DIESEL S10,10/01/2023,6.19,,R$ / litro,VIBRA ENERGIA,2023-11-21
SE,MG,UBERLANDIA,DMA DISTRIBUIDORA S/A,01.928.075/0183-09,RUA BR-050 - SENTIDO UBERABA,7085,KM    73 POSTO,PANORAMA,38400-760,GASOLINA ADITIVADA,10/01/2023,4.99,,R$ / litro,VIBRA ENERGIA,2023-11-21
SE,MG,UBERLANDIA,DMA DISTRIBUIDORA S/A,01.928.075/0183-09,RUA BR-050 - SENTIDO UBERABA,7085,KM    73 POSTO,PANORAMA,38400-760,GASOLINA,10/01/2023,4.89,,R$ / litro,VIBRA ENERGIA,2023-11-21
SE,MG,PATOS DE MINAS,ABC DISTRIBUICAO DE PETROLEO LTDA,13.117.591/0005-57,RUA DONA LUIZA,1400,,CRISTO REDENTOR,38700-229,ETANOL,10/01/2023,3.89,,R$ / litro,BRANCA,2023-11-21
SE,MG,PATOS DE MINAS,ABC DISTRIBUICAO DE PETROLEO LTDA,13.117.591/0005-57,RUA DONA LUIZA,1400,,CRISTO REDENTOR,38700-229,DIESEL S10,10/01/2023,6.29,,R$ / litro,BRANCA,2023-11-21
SE,MG,PATOS DE MINAS,ABC DISTRIBUICAO DE PETROLEO LTDA,13.117.591/0005-57,RUA DONA LUIZA,1400,,CRISTO REDENTOR,38700-229,GASOLINA ADITIVADA,10/01/2023,4.94,,R$ / litro,BRANCA,2023-11-21
SE,MG,PATOS DE MINAS,ABC DISTRIBUICAO DE PETROLEO LTDA,13.117.591/0005-57,RUA DONA LUIZA,1400,,CRISTO REDENTOR,38700-229,GASOLINA,10/01/2023,4.94,,R$ / litro,BRANCA,2023-11-21
SE,MG,CONTAGEM,DMA DISTRIBUIDORA S/A,01.928.075/0186-51,RODOVIA BR-381,3700,KM    3.5 POSTO,RIACHO DAS PEDRAS,32280-680,ETANOL,09/01/2023,3.82,,R$ / litro,VIBRA ENERGIA,2023-11-21
SE,MG,CONTAGEM,DMA DISTRIBUIDORA S/A,01.928.075/0186-51,RODOVIA BR-381,3700,KM    3.5 POSTO,RIACHO DAS PEDRAS,32280-680,DIESEL S10,09/01/2023,6.09,,R$ / litro,VIBRA ENERGIA,2023-11-21
SE,MG,CONTAGEM,DMA DISTRIBUIDORA S/A,01.928.075/0186-51,RODOVIA BR-381,3700,KM    3.5 POSTO,RIACHO DAS PEDRAS,32280-680,GASOLINA ADITIVADA,09/01/2023,4.87,,R$ / litro,VIBRA ENERGIA,2023-11-21
SE,MG,CONTAGEM,DMA DISTRIBUIDORA S/A,01.928.075/0186-51,RODOVIA BR-381,3700,KM    3.5 POSTO,RIACHO DAS PEDRAS,32280-680,GASOLINA,09/01/2023,4.77,,R$ / litro,VIBRA ENERGIA,2023-11-21
SE,MG,CONTAGEM,REDE DOM PEDRO DE POSTOS LTDA.,20.415.295/0023-80,AVENIDA HELENA DE VASCONCELOS COSTA,1235,,CINCAO,32371-685,ETANOL,09/01/2023,4.09,,R$ / litro,IPIRANGA,2023-11-21
SE,MG,CONTAGEM,REDE DOM PEDRO DE POSTOS LTDA.,20.415.295/0023-80,AVENIDA HELENA DE VASCONCELOS COSTA,1235,,CINCAO,32371-685,DIESEL S10,09/01/2023,6.29,,R$ / litro,IPIRANGA,2023-11-21
SE,MG,CONTAGEM,REDE DOM PEDRO DE POSTOS LTDA.,20.415.295/0023-80,AVENIDA HELENA DE VASCONCELOS COSTA,1235,,CINCAO,32371-685,DIESEL,09/01/2023,6.19,,R$ / litro,IPIRANGA,2023-11-21
SE,MG,CONTAGEM,REDE DOM PEDRO DE POSTOS LTDA.,20.415.295/0023-80,AVENIDA HELENA DE VASCONCELOS COSTA,1235,,CINCAO,32371-685,GASOLINA,09/01/2023,4.99,,R$ / litro,IPIRANGA,2023-11-21
SE,MG,JUIZ DE FORA,FL COMERCIO DE COMBUSTIVEIS LTDA,36.939.426/0001-52,AVENIDA DEUSDEDITH SALGADO,4992,AREA 1-A3,TEIXEIRAS,36033-000,GASOLINA ADITIVADA,13/01/2023,5.2,,R$ / litro,VIBRA ENERGIA,2023-11-21
SE,MG,JUIZ DE FORA,FL COMERCIO DE COMBUSTIVEIS LTDA,36.939.426/0001-52,AVENIDA DEUSDEDITH SALGADO,4992,AREA 1-A3,TEIXEIRAS,36033-000,GASOLINA,13/01/2023,5.1,,R$ / litro,VIBRA ENERGIA,2023-11-21
SE,MG,FORMIGA,ABC DISTRIBUICAO DE PETROLEO LTDA,13.117.591/0007-19,AVENIDA TABELIAO JUCA ALMEIDA,511,,QUINZINHO,35570-200,ETANOL,09/01/2023,3.99,,R$ / litro,BRANCA,2023-11-21
SE,MG,FORMIGA,ABC DISTRIBUICAO DE PETROLEO LTDA,13.117.591/0007-19,AVENIDA TABELIAO JUCA ALMEIDA,511,,QUINZINHO,35570-200,DIESEL S10,09/01/2023,6.19,,R$ / litro,BRANCA,2023-11-21
SE,MG,FORMIGA,ABC DISTRIBUICAO DE PETROLEO LTDA,13.117.591/0007-19,AVENIDA TABELIAO JUCA ALMEIDA,511,,QUINZINHO,35570-200,GASOLINA ADITIVADA,09/01/2023,4.99,,R$ / litro,BRANCA,2023-11-21
SE,MG,FORMIGA,ABC DISTRIBUICAO DE PETROLEO LTDA,13.117.591/0007-19,AVENIDA TABELIAO JUCA ALMEIDA,511,,QUINZINHO,35570-200,GASOLINA,09/01/2023,4.99,,R$ / litro,BRANCA,2023-11-21
SE,MG,FRUTAL,WAP COMERCIO DE COMBUSTIVEIS LTDA,35.419.054/0001-70,AVENIDA EUVALDO LODI,549,,NOSSA SENHORA APARECIDA,38200-000,ETANOL,11/01/2023,3.68,,R$ / litro,BRANCA,2023-11-21
SE,MG,FRUTAL,WAP COMERCIO DE COMBUSTIVEIS LTDA,35.419.054/0001-70,AVENIDA EUVALDO LODI,549,,NOSSA SENHORA APARECIDA,38200-000,GASOLINA,11/01/2023,4.68,,R$ / litro,BRANCA,2023-11-21
SE,MG,FRUTAL,COOPERATIVA MISTA DOS PRODUTORES RURAIS DE FRUTAL LTDA,18.581.025/0008-68,AVENIDA JOSE DE ALENCAR,1099,,NOSSA SENHORA DO CARMO,38202-160,ETANOL,11/01/2023,3.82,,R$ / litro,BRANCA,2023-11-21
SE,MG,FRUTAL,COOPERATIVA MISTA DOS PRODUTORES RURAIS DE FRUTAL LTDA,18.581.025/0008-68,AVENIDA JOSE DE ALENCAR,1099,,NOSSA SENHORA DO CARMO,38202-160,DIESEL S10,11/01/2023,6.27,,R$ / litro,BRANCA,2023-11-21
SE,MG,FRUTAL,COOPERATIVA MISTA DOS PRODUTORES RURAIS DE FRUTAL LTDA,18.581.025/0008-68,AVENIDA JOSE DE ALENCAR,1099,,NOSSA SENHORA DO CARMO,38202-160,DIESEL,11/01/2023,6.2,,R$ / litro,BRANCA,2023-11-21
SE,MG,FRUTAL,COOPERATIVA MISTA DOS PRODUTORES RURAIS DE FRUTAL LTDA,18.581.025/0008-68,AVENIDA JOSE DE ALENCAR,1099,,NOSSA SENHORA DO CARMO,38202-160,GASOLINA,11/01/2023,4.89,,R$ / litro,BRANCA,2023-11-21
SE,MG,ARAGUARI,MG COMERCIO DE COMBUSTIVEIS LTDA,36.203.543/0001-53,RODOVIA BR-050,KM 41,,DISTRITO INDUSTRIAL,38446-232,ETANOL,09/01/2023,3.65,,R$ / litro,IPIRANGA,2023-11-21
SE,MG,ARAGUARI,MG COMERCIO DE COMBUSTIVEIS LTDA,36.203.543/0001-53,RODOVIA BR-050,KM 41,,DISTRITO INDUSTRIAL,38446-232,DIESEL S10,09/01/2023,6.09,,R$ / litro,IPIRANGA,2023-11-21
SE,MG,ARAGUARI,MG COMERCIO DE COMBUSTIVEIS LTDA,36.203.543/0001-53,RODOVIA BR-050,KM 41,,DISTRITO INDUSTRIAL,38446-232,DIESEL,09/01/2023,5.94,,R$ / litro,IPIRANGA,2023-11-21
SE,MG,ARAGUARI,MG COMERCIO DE COMBUSTIVEIS LTDA,36.203.543/0001-53,RODOVIA BR-050,KM 41,,DISTRITO INDUSTRIAL,38446-232,GASOLINA,09/01/2023,4.99,,R$ / litro,IPIRANGA,2023-11-21
SE,MG,UBERLANDIA,NORTON COMERCIO DE COMBUSTIVEIS LTDA,05.581.810/0001-00,AVENIDA BRASIL,2403,,BRASIL,38400-718,ETANOL,11/01/2023,3.79,,R$ / litro,IPIRANGA,2023-11-21
SE,MG,UBERLANDIA,NORTON COMERCIO DE COMBUSTIVEIS LTDA,05.581.810/0001-00,AVENIDA BRASIL,2403,,BRASIL,38400-718,GASOLINA ADITIVADA,11/01/2023,4.99,,R$ / litro,IPIRANGA,2023-11-21
SE,MG,UBERLANDIA,NORTON COMERCIO DE COMBUSTIVEIS LTDA,05.581.810/0001-00,AVENIDA BRASIL,2403,,BRASIL,38400-718,GASOLINA,11/01/2023,4.89,,R$ / litro,IPIRANGA,2023-11-21
SE,MG,UBERABA,REDE SUPER S 2.0 LTDA,44.097.360/0005-52,RUA SAO LUIS,40,,SANTA MARTA,38061-460,ETANOL,11/01/2023,3.89,,R$ / litro,IPIRANGA,2023-11-21
SE,MG,UBERABA,REDE SUPER S 2.0 LTDA,44.097.360/0005-52,RUA SAO LUIS,40,,SANTA MARTA,38061-460,DIESEL S10,11/01/2023,6.79,,R$ / litro,IPIRANGA,2023-11-21
SE,MG,UBERABA,REDE SUPER S 2.0 LTDA,44.097.360/0005-52,RUA SAO LUIS,40,,SANTA MARTA,38061-460,DIESEL,11/01/2023,6.69,,R$ / litro,IPIRANGA,2023-11-21
SE,MG,UBERABA,REDE SUPER S 2.0 LTDA,44.097.360/0005-52,RUA SAO LUIS,40,,SANTA MARTA,38061-460,GASOLINA,11/01/2023,4.89,,R$ / litro,IPIRANGA,2023-11-21
SE,MG,UBERABA,REDE SUPER S 2.0 LTDA,44.097.360/0002-00,AVENIDA SANTOS DUMONT,2645,,SANTA MARIA,38050-400,ETANOL,11/01/2023,3.89,,R$ / litro,IPIRANGA,2023-11-21
SE,MG,UBERABA,REDE SUPER S 2.0 LTDA,44.097.360/0002-00,AVENIDA SANTOS DUMONT,2645,,SANTA MARIA,38050-400,DIESEL S10,11/01/2023,6.79,,R$ / litro,IPIRANGA,2023-11-21
SE,MG,UBERABA,REDE SUPER S 2.0 LTDA,44.097.360/0002-00,AVENIDA SANTOS DUMONT,2645,,SANTA MARIA,38050-400,GASOLINA,11/01/2023,4.89,,R$ / litro,IPIRANGA,2023-11-21
SE,MG,UBERABA,REDE SUPER S 2.0 LTDA,44.097.360/0003-90,AVENIDA NENE SABINO,1167,,OLINDA,38055-500,ETANOL,11/01/2023,3.69,,R$ / litro,IPIRANGA,2023-11-21
SE,MG,UBERABA,REDE SUPER S 2.0 LTDA,44.097.360/0003-90,AVENIDA NENE SABINO,1167,,OLINDA,38055-500,GASOLINA ADITIVADA,11/01/2023,5.09,,R$ / litro,IPIRANGA,2023-11-21
SE,MG,UBERABA,REDE SUPER S 2.0 LTDA,44.097.360/0003-90,AVENIDA NENE SABINO,1167,,OLINDA,38055-500,GASOLINA,11/01/2023,4.89,,R$ / litro,IPIRANGA,2023-11-21
SE,MG,FRUTAL,AUTO POSTO DOS LAGOS LTDA,27.569.768/0001-37,AVENIDA BRASILIA,169,,NOSSA SENHORA APARECIDA,38204-078,ETANOL,12/01/2023,3.95,,R$ / litro,TOTALENERGIES,2023-11-21
SE,MG,FRUTAL,AUTO POSTO DOS LAGOS LTDA,27.569.768/0001-37,AVENIDA BRASILIA,169,,NOSSA SENHORA APARECIDA,38204-078,DIESEL S10,12/01/2023,6.55,,R$ / litro,TOTALENERGIES,2023-11-21
SE,MG,FRUTAL,AUTO POSTO DOS LAGOS LTDA,27.569.768/0001-37,AVENIDA BRASILIA,169,,NOSSA SENHORA APARECIDA,38204-078,GASOLINA ADITIVADA,12/01/2023,5.15,,R$ / litro,TOTALENERGIES,2023-11-21
SE,MG,FRUTAL,AUTO POSTO DOS LAGOS LTDA,27.569.768/0001-37,AVENIDA BRASILIA,169,,NOSSA SENHORA APARECIDA,38204-078,GASOLINA,12/01/2023,4.95,,R$ / litro,TOTALENERGIES,2023-11-21
SE,MG,UBERABA,REDE SUPER S 2.0 LTDA,44.097.360/0004-71,AVENIDA LEOPOLDINO DE OLIVEIRA,4529,,MERCES,38060-000,GASOLINA,11/01/2023,4.89,,R$ / litro,IPIRANGA,2023-11-21
SE,MG,BARBACENA,POSTO MIRANDA LTDA,19.590.280/0001-63,RUA HENRIQUE DINIZ,45,47,CENTRO,36202-370,ETANOL,17/01/2023,3.89,,R$ / litro,RAIZEN,2023-11-21
SE,MG,BARBACENA,POSTO MIRANDA LTDA,19.590.280/0001-63,RUA HENRIQUE DINIZ,45,47,CENTRO,36202-370,DIESEL S10,17/01/2023,6.05,,R$ / litro,RAIZEN,2023-11-21
SE,MG,BARBACENA,POSTO MIRANDA LTDA,19.590.280/0001-63,RUA HENRIQUE DINIZ,45,47,CENTRO,36202-370,GASOLINA ADITIVADA,17/01/2023,5.39,,R$ / litro,RAIZEN,2023-11-21
SE,MG,BARBACENA,POSTO MIRANDA LTDA,19.590.280/0001-63,RUA HENRIQUE DINIZ,45,47,CENTRO,36202-370,GASOLINA,17/01/2023,4.99,,R$ / litro,RAIZEN,2023-11-21
SE,MG,BARBACENA,APEC VEICULOS S/A,17.078.536/0002-03,RUA SETE DE SETEMBRO,819,,,36200-078,ETANOL,17/01/2023,3.89,,R$ / litro,RAIZEN,2023-11-21
SE,MG,BARBACENA,APEC VEICULOS S/A,17.078.536/0002-03,RUA SETE DE SETEMBRO,819,,,36200-078,DIESEL S10,17/01/2023,6.05,,R$ / litro,RAIZEN,2023-11-21
SE,MG,BARBACENA,APEC VEICULOS S/A,17.078.536/0002-03,RUA SETE DE SETEMBRO,819,,,36200-078,GASOLINA ADITIVADA,17/01/2023,5.39,,R$ / litro,RAIZEN,2023-11-21
SE,MG,BARBACENA,APEC VEICULOS S/A,17.078.536/0002-03,RUA SETE DE SETEMBRO,819,,,36200-078,GASOLINA,17/01/2023,4.99,,R$ / litro,RAIZEN,2023-11-21
SE,MG,BARBACENA,POSTO CABANA LTDA,04.155.747/0001-70,RODOVIA BR-040,S/N,KM: 699;,CAICARAS,36205-666,ETANOL,18/01/2023,3.98,,R$ / litro,RAIZEN,2023-11-21
SE,MG,BARBACENA,POSTO CABANA LTDA,04.155.747/0001-70,RODOVIA BR-040,S/N,KM: 699;,CAICARAS,36205-666,DIESEL S10,18/01/2023,6.19,,R$ / litro,RAIZEN,2023-11-21
SE,MG,BARBACENA,POSTO CABANA LTDA,04.155.747/0001-70,RODOVIA BR-040,S/N,KM: 699;,CAICARAS,36205-666,DIESEL,18/01/2023,6.09,,R$ / litro,RAIZEN,2023-11-21
SE,MG,BARBACENA,POSTO CABANA LTDA,04.155.747/0001-70,RODOVIA BR-040,S/N,KM: 699;,CAICARAS,36205-666,GASOLINA ADITIVADA,18/01/2023,5.29,,R$ / litro,RAIZEN,2023-11-21
SE,MG,BARBACENA,POSTO CABANA LTDA,04.155.747/0001-70,RODOVIA BR-040,S/N,KM: 699;,CAICARAS,36205-666,GASOLINA,18/01/2023,4.99,,R$ / litro,RAIZEN,2023-11-21
SE,MG,BETIM,POSTO VILA FERNAO DIAS LTDA,08.418.243/0001-56,RODOVIA BR-381 FERNAO DIAS,S/N,KM: 487;,JARDIM TERESOPOLIS,32681-200,ETANOL,17/01/2023,3.89,,R$ / litro,IPIRANGA,2023-11-21
SE,MG,BETIM,POSTO VILA FERNAO DIAS LTDA,08.418.243/0001-56,RODOVIA BR-381 FERNAO DIAS,S/N,KM: 487;,JARDIM TERESOPOLIS,32681-200,DIESEL S10,17/01/2023,6.06,,R$ / litro,IPIRANGA,2023-11-21
SE,MG,BETIM,POSTO VILA FERNAO DIAS LTDA,08.418.243/0001-56,RODOVIA BR-381 FERNAO DIAS,S/N,KM: 487;,JARDIM TERESOPOLIS,32681-200,DIESEL,17/01/2023,5.96,,R$ / litro,IPIRANGA,2023-11-21
SE,MG,BETIM,POSTO VILA FERNAO DIAS LTDA,08.418.243/0001-56,RODOVIA BR-381 FERNAO DIAS,S/N,KM: 487;,JARDIM TERESOPOLIS,32681-200,GASOLINA ADITIVADA,17/01/2023,4.99,,R$ / litro,IPIRANGA,2023-11-21
SE,MG,BETIM,POSTO VILA FERNAO DIAS LTDA,08.418.243/0001-56,RODOVIA BR-381 FERNAO DIAS,S/N,KM: 487;,JARDIM TERESOPOLIS,32681-200,GASOLINA,17/01/2023,4.79,,R$ / litro,IPIRANGA,2023-11-21
SE,MG,BETIM,POSTO ALTEROSA LTDA,08.077.863/0001-79,AVENIDA CAMPO DE OURIQUE,1265,,JARDIM ALTEROSA,32660-000,ETANOL,17/01/2023,3.99,,R$ / litro,VIBRA ENERGIA,2023-11-21
SE,MG,BETIM,POSTO ALTEROSA LTDA,08.077.863/0001-79,AVENIDA CAMPO DE OURIQUE,1265,,JARDIM ALTEROSA,32660-000,DIESEL S10,17/01/2023,6.19,,R$ / litro,VIBRA ENERGIA,2023-11-21
SE,MG,BETIM,POSTO ALTEROSA LTDA,08.077.863/0001-79,AVENIDA CAMPO DE OURIQUE,1265,,JARDIM ALTEROSA,32660-000,DIESEL,17/01/2023,6.09,,R$ / litro,VIBRA ENERGIA,2023-11-21
SE,MG,BETIM,POSTO ALTEROSA LTDA,08.077.863/0001-79,AVENIDA CAMPO DE OURIQUE,1265,,JARDIM ALTEROSA,32660-000,GASOLINA ADITIVADA,17/01/2023,4.99,,R$ / litro,VIBRA ENERGIA,2023-11-21
SE,MG,BETIM,POSTO ALTEROSA LTDA,08.077.863/0001-79,AVENIDA CAMPO DE OURIQUE,1265,,JARDIM ALTEROSA,32660-000,GASOLINA,17/01/2023,4.99,,R$ / litro,VIBRA ENERGIA,2023-11-21
SE,MG,BETIM,MILLENNIUM DERIVADOS DE PETROLEO LTDA,03.848.560/0001-99,AVENIDA EDMEIA MATTOS LAZAROTTI,1441,,ANGOLA,32604-228,ETANOL,17/01/2023,3.89,,R$ / litro,ALESAT,2023-11-21
SE,MG,BETIM,MILLENNIUM DERIVADOS DE PETROLEO LTDA,03.848.560/0001-99,AVENIDA EDMEIA MATTOS LAZAROTTI,1441,,ANGOLA,32604-228,DIESEL S10,17/01/2023,6.09,,R$ / litro,ALESAT,2023-11-21
SE,MG,BETIM,MILLENNIUM DERIVADOS DE PETROLEO LTDA,03.848.560/0001-99,AVENIDA EDMEIA MATTOS LAZAROTTI,1441,,ANGOLA,32604-228,GASOLINA ADITIVADA,17/01/2023,5.01,,R$ / litro,ALESAT,2023-11-21
SE,MG,BETIM,MILLENNIUM DERIVADOS DE PETROLEO LTDA,03.848.560/0001-99,AVENIDA EDMEIA MATTOS LAZAROTTI,1441,,ANGOLA,32604-228,GASOLINA,17/01/2023,4.89,,R$ / litro,ALESAT,2023-11-21
SE,MG,BETIM,MILLENNIUM DERIVADOS DE PETROLEO LTDA,03.848.560/0001-99,AVENIDA EDMEIA MATTOS LAZAROTTI,1441,,ANGOLA,32604-228,GNV,17/01/2023,5.24,,R$ / m³,ALESAT,2023-11-21
SE,MG,BETIM,POSTO VILA LIBERDADE LTDA,07.320.833/0001-89,AVENIDA EDMEIA MATTOS LAZZAROTTI,1381,,ANGOLA,32603-055,ETANOL,17/01/2023,3.89,,R$ / litro,IPIRANGA,2023-11-21
SE,MG,BETIM,POSTO VILA LIBERDADE LTDA,07.320.833/0001-89,AVENIDA EDMEIA MATTOS LAZZAROTTI,1381,,ANGOLA,32603-055,DIESEL S10,17/01/2023,6.09,,R$ / litro,IPIRANGA,2023-11-21
SE,MG,BETIM,POSTO VILA LIBERDADE LTDA,07.320.833/0001-89,AVENIDA EDMEIA MATTOS LAZZAROTTI,1381,,ANGOLA,32603-055,GASOLINA ADITIVADA,17/01/2023,4.99,,R$ / litro,IPIRANGA,2023-11-21
SE,MG,BETIM,POSTO VILA LIBERDADE LTDA,07.320.833/0001-89,AVENIDA EDMEIA MATTOS LAZZAROTTI,1381,,ANGOLA,32603-055,GASOLINA,17/01/2023,4.89,,R$ / litro,IPIRANGA,2023-11-21
SE,MG,BETIM,POSTO CIDADE NOVA LIMITADA,18.695.064/0003-81,AVENIDA JUIZ MARCO TULIO ISAAC,330,,CENTRO,32600-002,ETANOL,17/01/2023,3.89,,R$ / litro,RAIZEN,2023-11-21
SE,MG,BETIM,POSTO CIDADE NOVA LIMITADA,18.695.064/0003-81,AVENIDA JUIZ MARCO TULIO ISAAC,330,,CENTRO,32600-002,DIESEL S10,17/01/2023,6.08,,R$ / litro,RAIZEN,2023-11-21
SE,MG,BETIM,POSTO CIDADE NOVA LIMITADA,18.695.064/0003-81,AVENIDA JUIZ MARCO TULIO ISAAC,330,,CENTRO,32600-002,GASOLINA,17/01/2023,4.89,,R$ / litro,RAIZEN,2023-11-21
SE,MG,BETIM,POSTO PAMPAS LTDA,20.256.228/0001-54,RODOVIA BR-381 FERNAO DIAS,S/N,KM    493,BETIM INDUSTRIAL,32670-420,ETANOL,17/01/2023,3.89,,R$ / litro,RAIZEN,2023-11-21
SE,MG,BETIM,POSTO PAMPAS LTDA,20.256.228/0001-54,RODOVIA BR-381 FERNAO DIAS,S/N,KM    493,BETIM INDUSTRIAL,32670-420,DIESEL S10,17/01/2023,6.06,,R$ / litro,RAIZEN,2023-11-21
SE,MG,BETIM,POSTO PAMPAS LTDA,20.256.228/0001-54,RODOVIA BR-381 FERNAO DIAS,S/N,KM    493,BETIM INDUSTRIAL,32670-420,DIESEL,17/01/2023,5.96,,R$ / litro,RAIZEN,2023-11-21
SE,MG,BETIM,POSTO PAMPAS LTDA,20.256.228/0001-54,RODOVIA BR-381 FERNAO DIAS,S/N,KM    493,BETIM INDUSTRIAL,32670-420,GASOLINA ADITIVADA,17/01/2023,5.29,,R$ / litro,RAIZEN,2023-11-21
SE,MG,BETIM,POSTO PAMPAS LTDA,20.256.228/0001-54,RODOVIA BR-381 FERNAO DIAS,S/N,KM    493,BETIM INDUSTRIAL,32670-420,GASOLINA,17/01/2023,4.89,,R$ / litro,RAIZEN,2023-11-21
SE,MG,BETIM,AUTO POSTO RODRIGO LTDA,04.134.973/0001-74,AVENIDA ARTUR DA SILVA BERNARDES,355,,INGA,32604-475,ETANOL,17/01/2023,3.89,,R$ / litro,BRANCA,2023-11-21
SE,MG,BETIM,AUTO POSTO RODRIGO LTDA,04.134.973/0001-74,AVENIDA ARTUR DA SILVA BERNARDES,355,,INGA,32604-475,DIESEL S10,17/01/2023,6.09,,R$ / litro,BRANCA,2023-11-21
SE,MG,BETIM,AUTO POSTO RODRIGO LTDA,04.134.973/0001-74,AVENIDA ARTUR DA SILVA BERNARDES,355,,INGA,32604-475,DIESEL,17/01/2023,5.99,,R$ / litro,BRANCA,2023-11-21
SE,MG,BETIM,AUTO POSTO RODRIGO LTDA,04.134.973/0001-74,AVENIDA ARTUR DA SILVA BERNARDES,355,,INGA,32604-475,GASOLINA,17/01/2023,4.89,,R$ / litro,BRANCA,2023-11-21
SE,MG,BETIM,POSTO VILA AMARAL LTDA,03.785.237/0001-13,AVENIDA EDMEIA MATTOS LAZZAROTTI,1100,,CENTRO,32600-004,ETANOL,17/01/2023,3.89,,R$ / litro,IPIRANGA,2023-11-21
SE,MG,BETIM,POSTO VILA AMARAL LTDA,03.785.237/0001-13,AVENIDA EDMEIA MATTOS LAZZAROTTI,1100,,CENTRO,32600-004,DIESEL S10,17/01/2023,6.09,,R$ / litro,IPIRANGA,2023-11-21
SE,MG,BETIM,POSTO VILA AMARAL LTDA,03.785.237/0001-13,AVENIDA EDMEIA MATTOS LAZZAROTTI,1100,,CENTRO,32600-004,GASOLINA,17/01/2023,4.89,,R$ / litro,IPIRANGA,2023-11-21
SE,MG,BETIM,POSTO URANO LTDA,03.588.462/0001-60,RODOVIA BR-381 FERNAO DIAS,S/N,KM    490 NORTE,SANTA CRUZ,32667-465,ETANOL,17/01/2023,4.09,,R$ / litro,VIBRA ENERGIA,2023-11-21
SE,MG,BETIM,POSTO URANO LTDA,03.588.462/0001-60,RODOVIA BR-381 FERNAO DIAS,S/N,KM    490 NORTE,SANTA CRUZ,32667-465,DIESEL S10,17/01/2023,6.29,,R$ / litro,VIBRA ENERGIA,2023-11-21
SE,MG,BETIM,POSTO URANO LTDA,03.588.462/0001-60,RODOVIA BR-381 FERNAO DIAS,S/N,KM    490 NORTE,SANTA CRUZ,32667-465,DIESEL,17/01/2023,6.09,,R$ / litro,VIBRA ENERGIA,2023-11-21
SE,MG,BETIM,POSTO URANO LTDA,03.588.462/0001-60,RODOVIA BR-381 FERNAO DIAS,S/N,KM    490 NORTE,SANTA CRUZ,32667-465,GASOLINA ADITIVADA,17/01/2023,5.29,,R$ / litro,VIBRA ENERGIA,2023-11-21
SE,MG,BETIM,POSTO URANO LTDA,03.588.462/0001-60,RODOVIA BR-381 FERNAO DIAS,S/N,KM    490 NORTE,SANTA CRUZ,32667-465,GASOLINA,17/01/2023,5.09,,R$ / litro,VIBRA ENERGIA,2023-11-21
SE,MG,CARATINGA,POSTO BURITIRAMA LTDA,65.336.240/0001-07,RUA DONA JULICA,115,0,CENTRO,35300-038,ETANOL,16/01/2023,3.99,,R$ / litro,BRANCA,2023-11-21
SE,MG,CARATINGA,POSTO BURITIRAMA LTDA,65.336.240/0001-07,RUA DONA JULICA,115,0,CENTRO,35300-038,GASOLINA,16/01/2023,5.15,,R$ / litro,BRANCA,2023-11-21
SE,MG,CARATINGA,GOMES E CIMINI LTDA,68.513.779/0001-82,AVENIDA PRESIDENTE TANCREDO NEVES,2749,POSTO,CENTRO,35300-102,ETANOL,16/01/2023,3.99,,R$ / litro,ALESAT,2023-11-21
SE,MG,CARATINGA,GOMES E CIMINI LTDA,68.513.779/0001-82,AVENIDA PRESIDENTE TANCREDO NEVES,2749,POSTO,CENTRO,35300-102,DIESEL S10,16/01/2023,6.29,,R$ / litro,ALESAT,2023-11-21
SE,MG,CARATINGA,GOMES E CIMINI LTDA,68.513.779/0001-82,AVENIDA PRESIDENTE TANCREDO NEVES,2749,POSTO,CENTRO,35300-102,DIESEL,16/01/2023,6.19,,R$ / litro,ALESAT,2023-11-21
SE,MG,CARATINGA,GOMES E CIMINI LTDA,68.513.779/0001-82,AVENIDA PRESIDENTE TANCREDO NEVES,2749,POSTO,CENTRO,35300-102,GASOLINA,16/01/2023,5.17,,R$ / litro,ALESAT,2023-11-21
SE,MG,CARATINGA,J MENDES DE AQUINO & CIA. LTDA,42.978.668/0001-58,PRACA CESARIO ALVIM,80,,,35300-036,ETANOL,16/01/2023,4.09,,R$ / litro,BRANCA,2023-11-21
SE,MG,CARATINGA,J MENDES DE AQUINO & CIA. LTDA,42.978.668/0001-58,PRACA CESARIO ALVIM,80,,,35300-036,GASOLINA ADITIVADA,16/01/2023,5.15,,R$ / litro,BRANCA,2023-11-21
SE,MG,CARATINGA,J MENDES DE AQUINO & CIA. LTDA,42.978.668/0001-58,PRACA CESARIO ALVIM,80,,,35300-036,GASOLINA,16/01/2023,5.15,,R$ / litro,BRANCA,2023-11-21
SE,MG,CARATINGA,POSTO BOA ESTRELA EIRELI,20.811.410/0001-20,AVENIDA PRES TANCREDO NEVES,2812,A,ZACARIAS,35300-101,ETANOL,16/01/2023,4.39,,R$ / litro,VIBRA ENERGIA,2023-11-21
SE,MG,CARATINGA,POSTO BOA ESTRELA EIRELI,20.811.410/0001-20,AVENIDA PRES TANCREDO NEVES,2812,A,ZACARIAS,35300-101,DIESEL S10,16/01/2023,6.59,,R$ / litro,VIBRA ENERGIA,2023-11-21
SE,MG,CARATINGA,POSTO BOA ESTRELA EIRELI,20.811.410/0001-20,AVENIDA PRES TANCREDO NEVES,2812,A,ZACARIAS,35300-101,GASOLINA ADITIVADA,16/01/2023,5.39,,R$ / litro,VIBRA ENERGIA,2023-11-21
SE,MG,CONSELHEIRO LAFAIETE,POSTO DE COMBUSTÍVEIS LETÍCIA LTDA.,19.720.564/0001-27,MARGEM BR 040,24407,KM 628,SANTA CRUZ,36400-000,ETANOL,16/01/2023,3.99,,R$ / litro,IPIRANGA,2023-11-21
SE,MG,CONSELHEIRO LAFAIETE,POSTO DE COMBUSTÍVEIS LETÍCIA LTDA.,19.720.564/0001-27,MARGEM BR 040,24407,KM 628,SANTA CRUZ,36400-000,DIESEL S10,16/01/2023,6.5,,R$ / litro,IPIRANGA,2023-11-21
SE,MG,CONSELHEIRO LAFAIETE,POSTO DE COMBUSTÍVEIS LETÍCIA LTDA.,19.720.564/0001-27,MARGEM BR 040,24407,KM 628,SANTA CRUZ,36400-000,DIESEL,16/01/2023,6.32,,R$ / litro,IPIRANGA,2023-11-21
SE,MG,CONSELHEIRO LAFAIETE,POSTO DE COMBUSTÍVEIS LETÍCIA LTDA.,19.720.564/0001-27,MARGEM BR 040,24407,KM 628,SANTA CRUZ,36400-000,GASOLINA ADITIVADA,16/01/2023,4.99,,R$ / litro,IPIRANGA,2023-11-21
SE,MG,CONSELHEIRO LAFAIETE,POSTO DE COMBUSTÍVEIS LETÍCIA LTDA.,19.720.564/0001-27,MARGEM BR 040,24407,KM 628,SANTA CRUZ,36400-000,GASOLINA,16/01/2023,4.84,,R$ / litro,IPIRANGA,2023-11-21
SE,MG,CONSELHEIRO LAFAIETE,PETROVIA COMERCIO DE COMBUSTIVEIS,05.797.257/0001-30,AVENIDA PREFEITO TELESFORO CANDIDO DE REZENDE,817,,CENTRO,36400-056,ETANOL,16/01/2023,3.99,,R$ / litro,IPIRANGA,2023-11-21
SE,MG,CONSELHEIRO LAFAIETE,PETROVIA COMERCIO DE COMBUSTIVEIS,05.797.257/0001-30,AVENIDA PREFEITO TELESFORO CANDIDO DE REZENDE,817,,CENTRO,36400-056,DIESEL,16/01/2023,6.79,,R$ / litro,IPIRANGA,2023-11-21
SE,MG,CONSELHEIRO LAFAIETE,PETROVIA COMERCIO DE COMBUSTIVEIS,05.797.257/0001-30,AVENIDA PREFEITO TELESFORO CANDIDO DE REZENDE,817,,CENTRO,36400-056,GASOLINA ADITIVADA,16/01/2023,5.28,,R$ / litro,IPIRANGA,2023-11-21
SE,MG,CONSELHEIRO LAFAIETE,PETROVIA COMERCIO DE COMBUSTIVEIS,05.797.257/0001-30,AVENIDA PREFEITO TELESFORO CANDIDO DE REZENDE,817,,CENTRO,36400-056,GASOLINA,16/01/2023,5.18,,R$ / litro,IPIRANGA,2023-11-21
SE,MG,CONSELHEIRO LAFAIETE,POSTO MONTEIRO LTDA,04.973.540/0001-02,RUA JOSE FELICIO CARDOSO,172,,JARDIM AMERICA,36400-001,ETANOL,16/01/2023,3.99,,R$ / litro,BRANCA,2023-11-21
SE,MG,CONSELHEIRO LAFAIETE,POSTO MONTEIRO LTDA,04.973.540/0001-02,RUA JOSE FELICIO CARDOSO,172,,JARDIM AMERICA,36400-001,DIESEL S10,16/01/2023,6.98,,R$ / litro,BRANCA,2023-11-21
SE,MG,CONSELHEIRO LAFAIETE,POSTO MONTEIRO LTDA,04.973.540/0001-02,RUA JOSE FELICIO CARDOSO,172,,JARDIM AMERICA,36400-001,GASOLINA,16/01/2023,4.89,,R$ / litro,BRANCA,2023-11-21
SE,MG,CONSELHEIRO LAFAIETE,POSTO IRMAOS TRINDADE LTDA,05.248.606/0001-64,"AVENIDA FURTADO,",372,,CENTRO,36400-000,ETANOL,16/01/2023,3.98,,R$ / litro,VIBRA ENERGIA,2023-11-21
SE,MG,CONSELHEIRO LAFAIETE,POSTO IRMAOS TRINDADE LTDA,05.248.606/0001-64,"AVENIDA FURTADO,",372,,CENTRO,36400-000,DIESEL S10,16/01/2023,6.89,,R$ / litro,VIBRA ENERGIA,2023-11-21
SE,MG,CONSELHEIRO LAFAIETE,POSTO IRMAOS TRINDADE LTDA,05.248.606/0001-64,"AVENIDA FURTADO,",372,,CENTRO,36400-000,GASOLINA,16/01/2023,4.99,,R$ / litro,VIBRA ENERGIA,2023-11-21
SE,MG,CONSELHEIRO LAFAIETE,MS & FILHOS LTDA,04.008.565/0001-76,RUA ALFREDO ELIAS MAFUZ,540,,SANTA MATILDE,36405-100,ETANOL,16/01/2023,3.99,,R$ / litro,ALESAT,2023-11-21
SE,MG,CONSELHEIRO LAFAIETE,MS & FILHOS LTDA,04.008.565/0001-76,RUA ALFREDO ELIAS MAFUZ,540,,SANTA MATILDE,36405-100,DIESEL S10,16/01/2023,6.29,,R$ / litro,ALESAT,2023-11-21
SE,MG,CONSELHEIRO LAFAIETE,MS & FILHOS LTDA,04.008.565/0001-76,RUA ALFREDO ELIAS MAFUZ,540,,SANTA MATILDE,36405-100,GASOLINA,16/01/2023,4.95,,R$ / litro,ALESAT,2023-11-21
SE,MG,CONTAGEM,POSTO VILA MARIA DIAS LTDA,08.986.856/0001-90,AVENIDA BABITA CAMARGOS,1330,,CIDADE INDUSTRIAL,32210-180,ETANOL,16/01/2023,3.89,,R$ / litro,IPIRANGA,2023-11-21
SE,MG,CONTAGEM,POSTO VILA MARIA DIAS LTDA,08.986.856/0001-90,AVENIDA BABITA CAMARGOS,1330,,CIDADE INDUSTRIAL,32210-180,DIESEL S10,16/01/2023,6.07,,R$ / litro,IPIRANGA,2023-11-21
SE,MG,CONTAGEM,POSTO VILA MARIA DIAS LTDA,08.986.856/0001-90,AVENIDA BABITA CAMARGOS,1330,,CIDADE INDUSTRIAL,32210-180,GASOLINA ADITIVADA,16/01/2023,5.06,,R$ / litro,IPIRANGA,2023-11-21
SE,MG,CONTAGEM,POSTO VILA MARIA DIAS LTDA,08.986.856/0001-90,AVENIDA BABITA CAMARGOS,1330,,CIDADE INDUSTRIAL,32210-180,GASOLINA,16/01/2023,4.89,,R$ / litro,IPIRANGA,2023-11-21
SE,MG,CONTAGEM,EMPREENDIMENTOS BRITO LIMA LTDA,03.812.019/0004-73,AVENIDA SEVERINO BALLESTEROS,256,,GUANABARA,32145-480,ETANOL,16/01/2023,3.79,,R$ / litro,VIBRA ENERGIA,2023-11-21
SE,MG,CONTAGEM,EMPREENDIMENTOS BRITO LIMA LTDA,03.812.019/0004-73,AVENIDA SEVERINO BALLESTEROS,256,,GUANABARA,32145-480,DIESEL S10,16/01/2023,6.07,,R$ / litro,VIBRA ENERGIA,2023-11-21
SE,MG,CONTAGEM,EMPREENDIMENTOS BRITO LIMA LTDA,03.812.019/0004-73,AVENIDA SEVERINO BALLESTEROS,256,,GUANABARA,32145-480,DIESEL,16/01/2023,5.97,,R$ / litro,VIBRA ENERGIA,2023-11-21
SE,MG,CONTAGEM,EMPREENDIMENTOS BRITO LIMA LTDA,03.812.019/0004-73,AVENIDA SEVERINO BALLESTEROS,256,,GUANABARA,32145-480,GASOLINA,16/01/2023,4.85,,R$ / litro,VIBRA ENERGIA,2023-11-21
SE,MG,CONTAGEM,POSTO ZEPPE OASIS LTDA,06.341.290/0001-13,VIA EXPRESSA,2600,,CINCO/PEROBAS,32370-485,ETANOL,16/01/2023,3.77,,R$ / litro,VIBRA ENERGIA,2023-11-21
SE,MG,CONTAGEM,POSTO ZEPPE OASIS LTDA,06.341.290/0001-13,VIA EXPRESSA,2600,,CINCO/PEROBAS,32370-485,DIESEL S10,16/01/2023,6.07,,R$ / litro,VIBRA ENERGIA,2023-11-21
SE,MG,CONTAGEM,POSTO ZEPPE OASIS LTDA,06.341.290/0001-13,VIA EXPRESSA,2600,,CINCO/PEROBAS,32370-485,DIESEL,16/01/2023,5.97,,R$ / litro,VIBRA ENERGIA,2023-11-21
SE,MG,CONTAGEM,POSTO ZEPPE OASIS LTDA,06.341.290/0001-13,VIA EXPRESSA,2600,,CINCO/PEROBAS,32370-485,GASOLINA,16/01/2023,4.77,,R$ / litro,VIBRA ENERGIA,2023-11-21
SE,MG,CONTAGEM,VENETO EMPREENDIMENTO COMERCIAL LTDA,05.655.316/0001-35,AVENIDA JOAO CESAR DE OLIVEIRA,4125,,NOVO ELDORADO,32341-001,ETANOL,16/01/2023,3.77,,R$ / litro,VIBRA ENERGIA,2023-11-21
SE,MG,CONTAGEM,VENETO EMPREENDIMENTO COMERCIAL LTDA,05.655.316/0001-35,AVENIDA JOAO CESAR DE OLIVEIRA,4125,,NOVO ELDORADO,32341-001,DIESEL S10,16/01/2023,6.07,,R$ / litro,VIBRA ENERGIA,2023-11-21
SE,MG,CONTAGEM,VENETO EMPREENDIMENTO COMERCIAL LTDA,05.655.316/0001-35,AVENIDA JOAO CESAR DE OLIVEIRA,4125,,NOVO ELDORADO,32341-001,GASOLINA,16/01/2023,4.77,,R$ / litro,VIBRA ENERGIA,2023-11-21
SE,MG,CONTAGEM,POSTO OLEGARIO MACIEL LTDA,17.158.627/0001-78,AVENIDA CORONEL BENJAMIM GUIMARAES,2288,,DISTRITO INDUSTRIAL,32223-000,ETANOL,16/01/2023,3.89,,R$ / litro,VIBRA ENERGIA,2023-11-21
SE,MG,CONTAGEM,POSTO OLEGARIO MACIEL LTDA,17.158.627/0001-78,AVENIDA CORONEL BENJAMIM GUIMARAES,2288,,DISTRITO INDUSTRIAL,32223-000,DIESEL S10,16/01/2023,6.09,,R$ / litro,VIBRA ENERGIA,2023-11-21
SE,MG,CONTAGEM,POSTO OLEGARIO MACIEL LTDA,17.158.627/0001-78,AVENIDA CORONEL BENJAMIM GUIMARAES,2288,,DISTRITO INDUSTRIAL,32223-000,DIESEL,16/01/2023,5.99,,R$ / litro,VIBRA ENERGIA,2023-11-21
SE,MG,CONTAGEM,POSTO OLEGARIO MACIEL LTDA,17.158.627/0001-78,AVENIDA CORONEL BENJAMIM GUIMARAES,2288,,DISTRITO INDUSTRIAL,32223-000,GASOLINA,16/01/2023,4.79,,R$ / litro,VIBRA ENERGIA,2023-11-21
SE,MG,CONTAGEM,FARIA REVENDEDORA DE COMBUSTIVEIS LTDA,04.373.546/0001-49,AVENIDA HELENA DE VASCONCELOS COSTA,4514,,CINCAO,32371-685,ETANOL,16/01/2023,3.77,,R$ / litro,RAIZEN,2023-11-21
SE,MG,CONTAGEM,FARIA REVENDEDORA DE COMBUSTIVEIS LTDA,04.373.546/0001-49,AVENIDA HELENA DE VASCONCELOS COSTA,4514,,CINCAO,32371-685,DIESEL S10,16/01/2023,6.09,,R$ / litro,RAIZEN,2023-11-21
SE,MG,CONTAGEM,FARIA REVENDEDORA DE COMBUSTIVEIS LTDA,04.373.546/0001-49,AVENIDA HELENA DE VASCONCELOS COSTA,4514,,CINCAO,32371-685,DIESEL,16/01/2023,5.99,,R$ / litro,RAIZEN,2023-11-21
SE,MG,CONTAGEM,FARIA REVENDEDORA DE COMBUSTIVEIS LTDA,04.373.546/0001-49,AVENIDA HELENA DE VASCONCELOS COSTA,4514,,CINCAO,32371-685,GASOLINA,16/01/2023,4.78,,R$ / litro,RAIZEN,2023-11-21
SE,MG,CONTAGEM,FERREIRA PARTICIPACOES E EMPREENDIMENTOS LTDA,00.671.320/0001-73,RUA CORONEL AUGUSTO CAMARGOS,301,,NSRA DO CARMO,32015-740,ETANOL,16/01/2023,3.79,,R$ / litro,ALESAT,2023-11-21
SE,MG,CONTAGEM,FERREIRA PARTICIPACOES E EMPREENDIMENTOS LTDA,00.671.320/0001-73,RUA CORONEL AUGUSTO CAMARGOS,301,,NSRA DO CARMO,32015-740,DIESEL,16/01/2023,5.98,,R$ / litro,ALESAT,2023-11-21
SE,MG,CONTAGEM,FERREIRA PARTICIPACOES E EMPREENDIMENTOS LTDA,00.671.320/0001-73,RUA CORONEL AUGUSTO CAMARGOS,301,,NSRA DO CARMO,32015-740,GASOLINA,16/01/2023,4.84,,R$ / litro,ALESAT,2023-11-21
SE,MG,CONTAGEM,RIO GRANDE COMBUSTIVEIS LTDA,03.754.139/0001-19,PRACA PAULO PINHEIRO CHAGAS,217,,ELDORADO,32341-350,ETANOL,16/01/2023,3.89,,R$ / litro,IPIRANGA,2023-11-21
SE,MG,CONTAGEM,RIO GRANDE COMBUSTIVEIS LTDA,03.754.139/0001-19,PRACA PAULO PINHEIRO CHAGAS,217,,ELDORADO,32341-350,GASOLINA,16/01/2023,4.79,,R$ / litro,IPIRANGA,2023-11-21
SE,MG,CONTAGEM,MILLENIUM-COMERCIO DE DERIVADOS DE PETROLEO LTDA,03.808.767/0001-30,RUA TOMAZ DE ANDRADE,85,,INDUSTRIAL-3 SECAO,32223-000,ETANOL,16/01/2023,3.89,,R$ / litro,IPIRANGA,2023-11-21
SE,MG,CONTAGEM,MILLENIUM-COMERCIO DE DERIVADOS DE PETROLEO LTDA,03.808.767/0001-30,RUA TOMAZ DE ANDRADE,85,,INDUSTRIAL-3 SECAO,32223-000,GASOLINA,16/01/2023,4.79,,R$ / litro,IPIRANGA,2023-11-21
SE,MG,CONTAGEM,POSTO VIP LTDA,17.261.819/0001-05,AVENIDA JOSE FARIA DA ROCHA,3347,,CIDADE JD ELDORADO,32310-210,ETANOL,16/01/2023,3.89,,R$ / litro,RAIZEN,2023-11-21
SE,MG,CONTAGEM,POSTO VIP LTDA,17.261.819/0001-05,AVENIDA JOSE FARIA DA ROCHA,3347,,CIDADE JD ELDORADO,32310-210,GASOLINA,16/01/2023,4.79,,R$ / litro,RAIZEN,2023-11-21
SE,MG,CONTAGEM,POSTO QUATRO RODAS LTDA,16.696.445/0001-98,AVENIDA TITO FULGENCIO,950,,JARDIM INDUSTRIAL,32215-000,ETANOL,16/01/2023,3.86,,R$ / litro,IPIRANGA,2023-11-21
SE,MG,CONTAGEM,POSTO QUATRO RODAS LTDA,16.696.445/0001-98,AVENIDA TITO FULGENCIO,950,,JARDIM INDUSTRIAL,32215-000,DIESEL S10,16/01/2023,6.07,,R$ / litro,IPIRANGA,2023-11-21
SE,MG,CONTAGEM,POSTO QUATRO RODAS LTDA,16.696.445/0001-98,AVENIDA TITO FULGENCIO,950,,JARDIM INDUSTRIAL,32215-000,GASOLINA ADITIVADA,16/01/2023,4.98,,R$ / litro,IPIRANGA,2023-11-21
SE,MG,CONTAGEM,POSTO QUATRO RODAS LTDA,16.696.445/0001-98,AVENIDA TITO FULGENCIO,950,,JARDIM INDUSTRIAL,32215-000,GASOLINA,16/01/2023,4.78,,R$ / litro,IPIRANGA,2023-11-21
SE,MG,CONTAGEM,POSTO QUATRO RODAS LTDA,16.696.445/0001-98,AVENIDA TITO FULGENCIO,950,,JARDIM INDUSTRIAL,32215-000,GNV,16/01/2023,4.89,,R$ / m³,IPIRANGA,2023-11-21
SE,MG,CONTAGEM,LOYOLA & ABREU LTDA.,04.029.462/0001-92,AVENIDA CORONEL BENJAMIM GUIMARAES,556,,INDUSTRIAL,32235-000,ETANOL,16/01/2023,3.85,,R$ / litro,IPIRANGA,2023-11-21
SE,MG,CONTAGEM,LOYOLA & ABREU LTDA.,04.029.462/0001-92,AVENIDA CORONEL BENJAMIM GUIMARAES,556,,INDUSTRIAL,32235-000,GASOLINA,16/01/2023,4.79,,R$ / litro,IPIRANGA,2023-11-21
SE,MG,CONTAGEM,POSTO ALAMO LTDA,03.527.723/0001-31,VIA EXPRESSA DE CONTAGEM,"12,165",,PETROLANDIA,32070-005,ETANOL,17/01/2023,3.77,,R$ / litro,RAIZEN,2023-11-21
SE,MG,CONTAGEM,POSTO ALAMO LTDA,03.527.723/0001-31,VIA EXPRESSA DE CONTAGEM,"12,165",,PETROLANDIA,32070-005,GASOLINA,17/01/2023,4.78,,R$ / litro,RAIZEN,2023-11-21
SE,MG,CONTAGEM,POSTO MISSISSIPPI LTDA,01.687.534/0001-09,AVENIDA ESTRELA DALVA,44,,JD.RIACHO DAS PEDRAS,32241-260,ETANOL,17/01/2023,3.88,,R$ / litro,BRANCA,2023-11-21
SE,MG,CONTAGEM,POSTO MISSISSIPPI LTDA,01.687.534/0001-09,AVENIDA ESTRELA DALVA,44,,JD.RIACHO DAS PEDRAS,32241-260,DIESEL S10,17/01/2023,6.07,,R$ / litro,BRANCA,2023-11-21
SE,MG,CONTAGEM,POSTO MISSISSIPPI LTDA,01.687.534/0001-09,AVENIDA ESTRELA DALVA,44,,JD.RIACHO DAS PEDRAS,32241-260,DIESEL,17/01/2023,5.97,,R$ / litro,BRANCA,2023-11-21
SE,MG,CONTAGEM,POSTO MISSISSIPPI LTDA,01.687.534/0001-09,AVENIDA ESTRELA DALVA,44,,JD.RIACHO DAS PEDRAS,32241-260,GASOLINA,17/01/2023,4.78,,R$ / litro,BRANCA,2023-11-21
SE,MG,CONTAGEM,POSTO TROVAO LTDA,01.333.257/0001-28,AVENIDA TITO FULGENCIO,1189,,JARDIM INDUSTRIAL,32215-000,ETANOL,16/01/2023,3.86,,R$ / litro,VIBRA ENERGIA,2023-11-21
SE,MG,CONTAGEM,POSTO TROVAO LTDA,01.333.257/0001-28,AVENIDA TITO FULGENCIO,1189,,JARDIM INDUSTRIAL,32215-000,DIESEL S10,16/01/2023,6.07,,R$ / litro,VIBRA ENERGIA,2023-11-21
SE,MG,CONTAGEM,POSTO TROVAO LTDA,01.333.257/0001-28,AVENIDA TITO FULGENCIO,1189,,JARDIM INDUSTRIAL,32215-000,DIESEL,16/01/2023,5.97,,R$ / litro,VIBRA ENERGIA,2023-11-21
SE,MG,CONTAGEM,POSTO TROVAO LTDA,01.333.257/0001-28,AVENIDA TITO FULGENCIO,1189,,JARDIM INDUSTRIAL,32215-000,GASOLINA,16/01/2023,4.77,,R$ / litro,VIBRA ENERGIA,2023-11-21
SE,MG,CONTAGEM,POSTO TROVAO LTDA,01.333.257/0001-28,AVENIDA TITO FULGENCIO,1189,,JARDIM INDUSTRIAL,32215-000,GNV,16/01/2023,4.86,,R$ / m³,VIBRA ENERGIA,2023-11-21
SE,MG,CONTAGEM,POSTO OKLAHOMA LTDA,00.688.814/0001-60,RUA TIRADENTES,1904,,INDUSTRIAL,32230-020,ETANOL,17/01/2023,3.89,,R$ / litro,RAIZEN,2023-11-21
SE,MG,CONTAGEM,POSTO OKLAHOMA LTDA,00.688.814/0001-60,RUA TIRADENTES,1904,,INDUSTRIAL,32230-020,DIESEL S10,17/01/2023,6.07,,R$ / litro,RAIZEN,2023-11-21
SE,MG,CONTAGEM,POSTO OKLAHOMA LTDA,00.688.814/0001-60,RUA TIRADENTES,1904,,INDUSTRIAL,32230-020,DIESEL,17/01/2023,5.97,,R$ / litro,RAIZEN,2023-11-21
SE,MG,CONTAGEM,POSTO OKLAHOMA LTDA,00.688.814/0001-60,RUA TIRADENTES,1904,,INDUSTRIAL,32230-020,GASOLINA ADITIVADA,17/01/2023,4.99,,R$ / litro,RAIZEN,2023-11-21
SE,MG,CONTAGEM,POSTO OKLAHOMA LTDA,00.688.814/0001-60,RUA TIRADENTES,1904,,INDUSTRIAL,32230-020,GASOLINA,17/01/2023,4.79,,R$ / litro,RAIZEN,2023-11-21
SE,MG,CURVELO,POSTO TREVO LTDA,19.986.561/0001-30,RODOVIA BR 040,S/N,KM    424,DISTRITO JK,35790-000,ETANOL,19/01/2023,3.84,,R$ / litro,ALESAT,2023-11-21
SE,MG,CURVELO,POSTO TREVO LTDA,19.986.561/0001-30,RODOVIA BR 040,S/N,KM    424,DISTRITO JK,35790-000,DIESEL S10,19/01/2023,6.05,,R$ / litro,ALESAT,2023-11-21
SE,MG,CURVELO,POSTO TREVO LTDA,19.986.561/0001-30,RODOVIA BR 040,S/N,KM    424,DISTRITO JK,35790-000,DIESEL,19/01/2023,5.95,,R$ / litro,ALESAT,2023-11-21
SE,MG,CURVELO,POSTO TREVO LTDA,19.986.561/0001-30,RODOVIA BR 040,S/N,KM    424,DISTRITO JK,35790-000,GASOLINA,19/01/2023,4.77,,R$ / litro,ALESAT,2023-11-21
SE,MG,CURVELO,POSTO DENISE II LTDA,17.191.347/0001-61,RODOVIA BR 135 KM 10,SN,,CONTORNO CURVELO,35790-000,ETANOL,17/01/2023,4.05,,R$ / litro,RAIZEN,2023-11-21
SE,MG,CURVELO,POSTO DENISE II LTDA,17.191.347/0001-61,RODOVIA BR 135 KM 10,SN,,CONTORNO CURVELO,35790-000,DIESEL S10,17/01/2023,6.27,,R$ / litro,RAIZEN,2023-11-21
SE,MG,CURVELO,POSTO DENISE II LTDA,17.191.347/0001-61,RODOVIA BR 135 KM 10,SN,,CONTORNO CURVELO,35790-000,DIESEL,17/01/2023,6.17,,R$ / litro,RAIZEN,2023-11-21
SE,MG,CURVELO,POSTO DENISE II LTDA,17.191.347/0001-61,RODOVIA BR 135 KM 10,SN,,CONTORNO CURVELO,35790-000,GASOLINA ADITIVADA,17/01/2023,5.55,,R$ / litro,RAIZEN,2023-11-21
SE,MG,CURVELO,POSTO DENISE II LTDA,17.191.347/0001-61,RODOVIA BR 135 KM 10,SN,,CONTORNO CURVELO,35790-000,GASOLINA,17/01/2023,5.25,,R$ / litro,RAIZEN,2023-11-21
SE,MG,CURVELO,POSTO LODETHI LTDA,03.394.890/0001-51,RUA AFONSO PENA,750,,CENTRO,35790-000,ETANOL,17/01/2023,3.93,,R$ / litro,ALESAT,2023-11-21
SE,MG,CURVELO,POSTO LODETHI LTDA,03.394.890/0001-51,RUA AFONSO PENA,750,,CENTRO,35790-000,DIESEL,17/01/2023,6.15,,R$ / litro,ALESAT,2023-11-21
SE,MG,CURVELO,POSTO LODETHI LTDA,03.394.890/0001-51,RUA AFONSO PENA,750,,CENTRO,35790-000,GASOLINA,17/01/2023,5.09,,R$ / litro,ALESAT,2023-11-21
SE,MG,DIVINOPOLIS,MASTER AUTO POSTO LTDA.,03.762.040/0001-69,AVENIDA JK,2135,,BOM PASTOR,35500-155,ETANOL,16/01/2023,3.85,,R$ / litro,VIBRA ENERGIA,2023-11-21
SE,MG,DIVINOPOLIS,MASTER AUTO POSTO LTDA.,03.762.040/0001-69,AVENIDA JK,2135,,BOM PASTOR,35500-155,DIESEL S10,16/01/2023,6.49,,R$ / litro,VIBRA ENERGIA,2023-11-21
SE,MG,DIVINOPOLIS,MASTER AUTO POSTO LTDA.,03.762.040/0001-69,AVENIDA JK,2135,,BOM PASTOR,35500-155,DIESEL,16/01/2023,6.39,,R$ / litro,VIBRA ENERGIA,2023-11-21
SE,MG,DIVINOPOLIS,MASTER AUTO POSTO LTDA.,03.762.040/0001-69,AVENIDA JK,2135,,BOM PASTOR,35500-155,GASOLINA ADITIVADA,16/01/2023,5.15,,R$ / litro,VIBRA ENERGIA,2023-11-21
SE,MG,DIVINOPOLIS,MASTER AUTO POSTO LTDA.,03.762.040/0001-69,AVENIDA JK,2135,,BOM PASTOR,35500-155,GASOLINA,16/01/2023,4.95,,R$ / litro,VIBRA ENERGIA,2023-11-21
SE,MG,DIVINOPOLIS,AUTO POSTO PEÇANHA LTDA.,05.052.425/0001-68,AVENIDA GOVERNADOR MAGALHÃES PINTO,251,,NITERÓI,35500-221,ETANOL,17/01/2023,3.79,,R$ / litro,BRANCA,2023-11-21
SE,MG,DIVINOPOLIS,AUTO POSTO PEÇANHA LTDA.,05.052.425/0001-68,AVENIDA GOVERNADOR MAGALHÃES PINTO,251,,NITERÓI,35500-221,DIESEL,17/01/2023,6.08,,R$ / litro,BRANCA,2023-11-21
SE,MG,DIVINOPOLIS,AUTO POSTO PEÇANHA LTDA.,05.052.425/0001-68,AVENIDA GOVERNADOR MAGALHÃES PINTO,251,,NITERÓI,35500-221,GASOLINA,17/01/2023,4.79,,R$ / litro,BRANCA,2023-11-21
SE,MG,DIVINOPOLIS,POSTO LAVA JATO LTDA,20.159.778/0001-55,RUA JK,2078,,BOM PASTOR,35500-155,DIESEL S10,16/01/2023,6.39,,R$ / litro,IPIRANGA,2023-11-21
SE,MG,DIVINOPOLIS,POSTO LAVA JATO LTDA,20.159.778/0001-55,RUA JK,2078,,BOM PASTOR,35500-155,GASOLINA,16/01/2023,4.95,,R$ / litro,IPIRANGA,2023-11-21
SE,MG,DIVINOPOLIS,POSTO LAVA JATO LTDA,20.159.778/0001-55,RUA JK,2078,,BOM PASTOR,35500-155,ETANOL,16/01/2023,3.85,,R$ / litro,IPIRANGA,2023-11-21
SE,MG,DIVINOPOLIS,AUTO POSTO INTERLAGOS LTDA,03.646.827/0001-65,RUA DOLORES DE AGUIAR RABELO,358,,INTERLAGOS,35500-491,ETANOL,17/01/2023,3.75,,R$ / litro,BRANCA,2023-11-21
SE,MG,DIVINOPOLIS,AUTO POSTO INTERLAGOS LTDA,03.646.827/0001-65,RUA DOLORES DE AGUIAR RABELO,358,,INTERLAGOS,35500-491,DIESEL S10,17/01/2023,5.99,,R$ / litro,BRANCA,2023-11-21
SE,MG,DIVINOPOLIS,AUTO POSTO INTERLAGOS LTDA,03.646.827/0001-65,RUA DOLORES DE AGUIAR RABELO,358,,INTERLAGOS,35500-491,GASOLINA,17/01/2023,4.85,,R$ / litro,BRANCA,2023-11-21
SE,MG,DIVINOPOLIS,POSTO AVENIDA LTDA,20.152.427/0001-12,AVENIDA GETULIO VARGAS,690,,CENTRO,35500-024,ETANOL,17/01/2023,3.79,,R$ / litro,BRANCA,2023-11-21
SE,MG,DIVINOPOLIS,POSTO AVENIDA LTDA,20.152.427/0001-12,AVENIDA GETULIO VARGAS,690,,CENTRO,35500-024,GASOLINA,17/01/2023,4.79,,R$ / litro,BRANCA,2023-11-21
SE,MG,DIVINOPOLIS,POSTO SERVE BEM LIMITADA,19.414.788/0001-00,RUA GOIAS,540,,PORTO VELHO,35500-433,ETANOL,17/01/2023,3.82,,R$ / litro,IPIRANGA,2023-11-21
SE,MG,DIVINOPOLIS,POSTO SERVE BEM LIMITADA,19.414.788/0001-00,RUA GOIAS,540,,PORTO VELHO,35500-433,DIESEL S10,17/01/2023,6.19,,R$ / litro,IPIRANGA,2023-11-21
SE,MG,DIVINOPOLIS,POSTO SERVE BEM LIMITADA,19.414.788/0001-00,RUA GOIAS,540,,PORTO VELHO,35500-433,DIESEL,17/01/2023,6.09,,R$ / litro,IPIRANGA,2023-11-21
SE,MG,DIVINOPOLIS,POSTO SERVE BEM LIMITADA,19.414.788/0001-00,RUA GOIAS,540,,PORTO VELHO,35500-433,GASOLINA,17/01/2023,4.98,,R$ / litro,IPIRANGA,2023-11-21
SE,MG,DIVINOPOLIS,POSTO MINAS GERAIS LTDA,16.773.939/0001-29,RUA GOIAS,585,,PORTO VELHO,35500-433,DIESEL S10,17/01/2023,6.38,,R$ / litro,BRANCA,2023-11-21
SE,MG,DIVINOPOLIS,POSTO MINAS GERAIS LTDA,16.773.939/0001-29,RUA GOIAS,585,,PORTO VELHO,35500-433,DIESEL,17/01/2023,6.28,,R$ / litro,BRANCA,2023-11-21
SE,MG,DIVINOPOLIS,AUTO POSTO SC LTDA,02.391.574/0001-63,AVENIDA SETE DE SETEMBRO,740,,SANTA CLARA,35500-188,ETANOL,17/01/2023,4.35,,R$ / litro,VIBRA ENERGIA,2023-11-21
SE,MG,DIVINOPOLIS,AUTO POSTO SC LTDA,02.391.574/0001-63,AVENIDA SETE DE SETEMBRO,740,,SANTA CLARA,35500-188,GASOLINA ADITIVADA,17/01/2023,5.19,,R$ / litro,VIBRA ENERGIA,2023-11-21
SE,MG,DIVINOPOLIS,AUTO POSTO SC LTDA,02.391.574/0001-63,AVENIDA SETE DE SETEMBRO,740,,SANTA CLARA,35500-188,GASOLINA,17/01/2023,5.12,,R$ / litro,VIBRA ENERGIA,2023-11-21
SE,MG,FORMIGA,2000 ABASTECIMENTO E SERVICOS LTDA,03.896.246/0001-81,AVENIDA ABILIO MACHADO,300,,SAGR COR DE JESUS,35570-000,ETANOL,17/01/2023,3.99,,R$ / litro,BRANCA,2023-11-21
SE,MG,FORMIGA,2000 ABASTECIMENTO E SERVICOS LTDA,03.896.246/0001-81,AVENIDA ABILIO MACHADO,300,,SAGR COR DE JESUS,35570-000,DIESEL S10,17/01/2023,6.09,,R$ / litro,BRANCA,2023-11-21
SE,MG,FORMIGA,2000 ABASTECIMENTO E SERVICOS LTDA,03.896.246/0001-81,AVENIDA ABILIO MACHADO,300,,SAGR COR DE JESUS,35570-000,GASOLINA ADITIVADA,17/01/2023,5.19,,R$ / litro,BRANCA,2023-11-21
SE,MG,FORMIGA,2000 ABASTECIMENTO E SERVICOS LTDA,03.896.246/0001-81,AVENIDA ABILIO MACHADO,300,,SAGR COR DE JESUS,35570-000,GASOLINA,17/01/2023,5.09,,R$ / litro,BRANCA,2023-11-21
SE,MG,FORMIGA,POSTO JIPAO LTDA,02.217.881/0001-22,AVENIDA BRASIL,1100,,MANGABEIRAS,35570-000,ETANOL,17/01/2023,3.83,,R$ / litro,BRANCA,2023-11-21
SE,MG,FORMIGA,POSTO JIPAO LTDA,02.217.881/0001-22,AVENIDA BRASIL,1100,,MANGABEIRAS,35570-000,DIESEL S10,17/01/2023,5.77,,R$ / litro,BRANCA,2023-11-21
SE,MG,FORMIGA,POSTO JIPAO LTDA,02.217.881/0001-22,AVENIDA BRASIL,1100,,MANGABEIRAS,35570-000,GASOLINA,17/01/2023,4.89,,R$ / litro,BRANCA,2023-11-21
SE,MG,FRUTAL,AUTO POSTO AVENIDAS FRUTAL LTDA,05.266.995/0001-50,AVENIDA BRASILIA,130,,N SRA APARECIDA,38200-000,ETANOL,17/01/2023,3.89,,R$ / litro,BRANCA,2023-11-21
SE,MG,FRUTAL,AUTO POSTO AVENIDAS FRUTAL LTDA,05.266.995/0001-50,AVENIDA BRASILIA,130,,N SRA APARECIDA,38200-000,DIESEL S10,17/01/2023,6.09,,R$ / litro,BRANCA,2023-11-21
SE,MG,FRUTAL,AUTO POSTO AVENIDAS FRUTAL LTDA,05.266.995/0001-50,AVENIDA BRASILIA,130,,N SRA APARECIDA,38200-000,DIESEL,17/01/2023,5.99,,R$ / litro,BRANCA,2023-11-21
SE,MG,FRUTAL,AUTO POSTO AVENIDAS FRUTAL LTDA,05.266.995/0001-50,AVENIDA BRASILIA,130,,N SRA APARECIDA,38200-000,GASOLINA,17/01/2023,4.99,,R$ / litro,BRANCA,2023-11-21
SE,MG,FRUTAL,POSTO DO PAULO LTDA,21.656.293/0001-30,AVENIDA JOSE DE ALENCAR,755,,NS DO CARMO,38200-000,ETANOL,18/01/2023,3.68,,R$ / litro,CIAPETRO,2023-11-21
SE,MG,FRUTAL,POSTO DO PAULO LTDA,21.656.293/0001-30,AVENIDA JOSE DE ALENCAR,755,,NS DO CARMO,38200-000,DIESEL,18/01/2023,5.84,,R$ / litro,CIAPETRO,2023-11-21
SE,MG,FRUTAL,POSTO DO PAULO LTDA,21.656.293/0001-30,AVENIDA JOSE DE ALENCAR,755,,NS DO CARMO,38200-000,GASOLINA,18/01/2023,4.68,,R$ / litro,CIAPETRO,2023-11-21
SE,MG,FRUTAL,BELA VISTA PETRO LTDA,03.068.322/0001-60,"RODOVIA BR 364 KM 30,5",SN,,ZONA RURAL,38200-000,ETANOL,18/01/2023,3.99,,R$ / litro,ALESAT,2023-11-21
SE,MG,FRUTAL,BELA VISTA PETRO LTDA,03.068.322/0001-60,"RODOVIA BR 364 KM 30,5",SN,,ZONA RURAL,38200-000,DIESEL S10,18/01/2023,6.41,,R$ / litro,ALESAT,2023-11-21
SE,MG,FRUTAL,BELA VISTA PETRO LTDA,03.068.322/0001-60,"RODOVIA BR 364 KM 30,5",SN,,ZONA RURAL,38200-000,DIESEL,18/01/2023,6.33,,R$ / litro,ALESAT,2023-11-21
SE,MG,FRUTAL,BELA VISTA PETRO LTDA,03.068.322/0001-60,"RODOVIA BR 364 KM 30,5",SN,,ZONA RURAL,38200-000,GASOLINA ADITIVADA,18/01/2023,5.15,,R$ / litro,ALESAT,2023-11-21
SE,MG,FRUTAL,BELA VISTA PETRO LTDA,03.068.322/0001-60,"RODOVIA BR 364 KM 30,5",SN,,ZONA RURAL,38200-000,GASOLINA,18/01/2023,4.99,,R$ / litro,ALESAT,2023-11-21
SE,MG,GOVERNADOR VALADARES,CM COMERCIO DE COMBUSTIVEIS SP LTDA,07.668.145/0001-04,AVENIDA MOACIR PALETA,307,,SAO PEDRO,35020-360,ETANOL,17/01/2023,3.99,,R$ / litro,BRANCA,2023-11-21
SE,MG,GOVERNADOR VALADARES,CM COMERCIO DE COMBUSTIVEIS SP LTDA,07.668.145/0001-04,AVENIDA MOACIR PALETA,307,,SAO PEDRO,35020-360,DIESEL S10,17/01/2023,6.09,,R$ / litro,BRANCA,2023-11-21
SE,MG,GOVERNADOR VALADARES,CM COMERCIO DE COMBUSTIVEIS SP LTDA,07.668.145/0001-04,AVENIDA MOACIR PALETA,307,,SAO PEDRO,35020-360,GASOLINA ADITIVADA,17/01/2023,5.14,,R$ / litro,BRANCA,2023-11-21
SE,MG,GOVERNADOR VALADARES,CM COMERCIO DE COMBUSTIVEIS SP LTDA,07.668.145/0001-04,AVENIDA MOACIR PALETA,307,,SAO PEDRO,35020-360,GASOLINA,17/01/2023,5.04,,R$ / litro,BRANCA,2023-11-21
SE,MG,GOVERNADOR VALADARES,AUTO POSTO BELO VALE LTDA,03.605.837/0001-52,AVENIDA RIO BAHIA,418,,VILA BRETAS,35030-000,ETANOL,17/01/2023,3.99,,R$ / litro,IPIRANGA,2023-11-21
SE,MG,GOVERNADOR VALADARES,AUTO POSTO BELO VALE LTDA,03.605.837/0001-52,AVENIDA RIO BAHIA,418,,VILA BRETAS,35030-000,DIESEL S10,17/01/2023,6.29,,R$ / litro,IPIRANGA,2023-11-21
SE,MG,GOVERNADOR VALADARES,AUTO POSTO BELO VALE LTDA,03.605.837/0001-52,AVENIDA RIO BAHIA,418,,VILA BRETAS,35030-000,DIESEL,17/01/2023,6.15,,R$ / litro,IPIRANGA,2023-11-21
SE,MG,GOVERNADOR VALADARES,AUTO POSTO BELO VALE LTDA,03.605.837/0001-52,AVENIDA RIO BAHIA,418,,VILA BRETAS,35030-000,GASOLINA ADITIVADA,17/01/2023,5.2,,R$ / litro,IPIRANGA,2023-11-21
SE,MG,GOVERNADOR VALADARES,AUTO POSTO BELO VALE LTDA,03.605.837/0001-52,AVENIDA RIO BAHIA,418,,VILA BRETAS,35030-000,GASOLINA,17/01/2023,5.05,,R$ / litro,IPIRANGA,2023-11-21
SE,MG,GOVERNADOR VALADARES,NORTE GV COMBUSTIVEIS LTDA,06.289.407/0001-67,AVENIDA JK,1150,,SAO PAULO,35030-210,ETANOL,17/01/2023,3.99,,R$ / litro,IPIRANGA,2023-11-21
SE,MG,GOVERNADOR VALADARES,NORTE GV COMBUSTIVEIS LTDA,06.289.407/0001-67,AVENIDA JK,1150,,SAO PAULO,35030-210,DIESEL S10,17/01/2023,6.05,,R$ / litro,IPIRANGA,2023-11-21
SE,MG,GOVERNADOR VALADARES,NORTE GV COMBUSTIVEIS LTDA,06.289.407/0001-67,AVENIDA JK,1150,,SAO PAULO,35030-210,GASOLINA ADITIVADA,17/01/2023,5.14,,R$ / litro,IPIRANGA,2023-11-21
SE,MG,GOVERNADOR VALADARES,NORTE GV COMBUSTIVEIS LTDA,06.289.407/0001-67,AVENIDA JK,1150,,SAO PAULO,35030-210,GASOLINA,17/01/2023,5.04,,R$ / litro,IPIRANGA,2023-11-21
SE,MG,GOVERNADOR VALADARES,AUTO POSTO MIRANTE LTDA,21.061.742/0001-05,AVENIDA RIO BAHIA,657,,VILA RICA,35045-410,ETANOL,18/01/2023,3.99,,R$ / litro,VIBRA ENERGIA,2023-11-21
SE,MG,GOVERNADOR VALADARES,AUTO POSTO MIRANTE LTDA,21.061.742/0001-05,AVENIDA RIO BAHIA,657,,VILA RICA,35045-410,DIESEL S10,18/01/2023,6.29,,R$ / litro,VIBRA ENERGIA,2023-11-21
SE,MG,GOVERNADOR VALADARES,AUTO POSTO MIRANTE LTDA,21.061.742/0001-05,AVENIDA RIO BAHIA,657,,VILA RICA,35045-410,DIESEL,18/01/2023,6.15,,R$ / litro,VIBRA ENERGIA,2023-11-21
SE,MG,GOVERNADOR VALADARES,AUTO POSTO MIRANTE LTDA,21.061.742/0001-05,AVENIDA RIO BAHIA,657,,VILA RICA,35045-410,GASOLINA ADITIVADA,18/01/2023,5.11,,R$ / litro,VIBRA ENERGIA,2023-11-21
SE,MG,GOVERNADOR VALADARES,AUTO POSTO MIRANTE LTDA,21.061.742/0001-05,AVENIDA RIO BAHIA,657,,VILA RICA,35045-410,GASOLINA,18/01/2023,5.05,,R$ / litro,VIBRA ENERGIA,2023-11-21
SE,MG,GOVERNADOR VALADARES,POSTO MONTE SIAO LTDA,19.242.858/0001-90,AVENIDA MOACIR PALLETA,941,,S PEDRO,35020-360,ETANOL,17/01/2023,3.99,,R$ / litro,BRANCA,2023-11-21
SE,MG,GOVERNADOR VALADARES,POSTO MONTE SIAO LTDA,19.242.858/0001-90,AVENIDA MOACIR PALLETA,941,,S PEDRO,35020-360,DIESEL S10,17/01/2023,6.09,,R$ / litro,BRANCA,2023-11-21
SE,MG,GOVERNADOR VALADARES,POSTO MONTE SIAO LTDA,19.242.858/0001-90,AVENIDA MOACIR PALLETA,941,,S PEDRO,35020-360,DIESEL,17/01/2023,5.99,,R$ / litro,BRANCA,2023-11-21
SE,MG,GOVERNADOR VALADARES,POSTO MONTE SIAO LTDA,19.242.858/0001-90,AVENIDA MOACIR PALLETA,941,,S PEDRO,35020-360,GASOLINA,17/01/2023,5.06,,R$ / litro,BRANCA,2023-11-21
SE,MG,GOVERNADOR VALADARES,COMERCIO DE COMBUSTIVEIS JACARE LTDA,20.599.270/0001-78,RUA MARECHAL FLORIANO,1975,,CENTRO,35030-330,ETANOL,17/01/2023,3.97,,R$ / litro,BRANCA,2023-11-21
SE,MG,GOVERNADOR VALADARES,COMERCIO DE COMBUSTIVEIS JACARE LTDA,20.599.270/0001-78,RUA MARECHAL FLORIANO,1975,,CENTRO,35030-330,DIESEL S10,17/01/2023,6.05,,R$ / litro,BRANCA,2023-11-21
SE,MG,GOVERNADOR VALADARES,COMERCIO DE COMBUSTIVEIS JACARE LTDA,20.599.270/0001-78,RUA MARECHAL FLORIANO,1975,,CENTRO,35030-330,DIESEL,17/01/2023,5.95,,R$ / litro,BRANCA,2023-11-21
SE,MG,GOVERNADOR VALADARES,COMERCIO DE COMBUSTIVEIS JACARE LTDA,20.599.270/0001-78,RUA MARECHAL FLORIANO,1975,,CENTRO,35030-330,GASOLINA,17/01/2023,5.03,,R$ / litro,BRANCA,2023-11-21
SE,MG,GOVERNADOR VALADARES,AUTO POSTO SETE DE SETEMBRO LTDA,01.124.003/0001-08,RUA SETE DE SETEMBRO,3142,,CENTRO,35010-173,ETANOL,18/01/2023,3.94,,R$ / litro,ALESAT,2023-11-21
SE,MG,GOVERNADOR VALADARES,AUTO POSTO SETE DE SETEMBRO LTDA,01.124.003/0001-08,RUA SETE DE SETEMBRO,3142,,CENTRO,35010-173,DIESEL S10,18/01/2023,6.09,,R$ / litro,ALESAT,2023-11-21
SE,MG,GOVERNADOR VALADARES,AUTO POSTO SETE DE SETEMBRO LTDA,01.124.003/0001-08,RUA SETE DE SETEMBRO,3142,,CENTRO,35010-173,GASOLINA,18/01/2023,4.99,,R$ / litro,ALESAT,2023-11-21
SE,MG,GOVERNADOR VALADARES,AUTO POSTO COPAC LTDA,18.461.038/0001-27,RUA ISRAEL PINHEIRO,3612,,CENTRO,35010-131,ETANOL,18/01/2023,3.95,,R$ / litro,BRANCA,2023-11-21
SE,MG,GOVERNADOR VALADARES,AUTO POSTO COPAC LTDA,18.461.038/0001-27,RUA ISRAEL PINHEIRO,3612,,CENTRO,35010-131,DIESEL S10,18/01/2023,6.05,,R$ / litro,BRANCA,2023-11-21
SE,MG,GOVERNADOR VALADARES,AUTO POSTO COPAC LTDA,18.461.038/0001-27,RUA ISRAEL PINHEIRO,3612,,CENTRO,35010-131,GASOLINA ADITIVADA,18/01/2023,5.01,,R$ / litro,BRANCA,2023-11-21
SE,MG,GOVERNADOR VALADARES,AUTO POSTO COPAC LTDA,18.461.038/0001-27,RUA ISRAEL PINHEIRO,3612,,CENTRO,35010-131,GASOLINA,18/01/2023,5.01,,R$ / litro,BRANCA,2023-11-21
SE,MG,GOVERNADOR VALADARES,POSTO DE COMBUSTIVEIS ACUCAREIRA LTDA,01.459.018/0001-19,RUA MOACIR PALETA,500,,SANTOS DUMONT,35020-360,ETANOL,17/01/2023,3.99,,R$ / litro,ALESAT,2023-11-21
SE,MG,GOVERNADOR VALADARES,POSTO DE COMBUSTIVEIS ACUCAREIRA LTDA,01.459.018/0001-19,RUA MOACIR PALETA,500,,SANTOS DUMONT,35020-360,DIESEL S10,17/01/2023,6.29,,R$ / litro,ALESAT,2023-11-21
SE,MG,GOVERNADOR VALADARES,POSTO DE COMBUSTIVEIS ACUCAREIRA LTDA,01.459.018/0001-19,RUA MOACIR PALETA,500,,SANTOS DUMONT,35020-360,DIESEL,17/01/2023,6.19,,R$ / litro,ALESAT,2023-11-21
SE,MG,GOVERNADOR VALADARES,POSTO DE COMBUSTIVEIS ACUCAREIRA LTDA,01.459.018/0001-19,RUA MOACIR PALETA,500,,SANTOS DUMONT,35020-360,GASOLINA ADITIVADA,17/01/2023,5.29,,R$ / litro,ALESAT,2023-11-21
SE,MG,GOVERNADOR VALADARES,POSTO DE COMBUSTIVEIS ACUCAREIRA LTDA,01.459.018/0001-19,RUA MOACIR PALETA,500,,SANTOS DUMONT,35020-360,GASOLINA,17/01/2023,5.07,,R$ / litro,ALESAT,2023-11-21
SE,MG,GOVERNADOR VALADARES,POSTO JK COMBUSTIVEIS LTDA,00.785.427/0001-42,AVENIDA JK,1639,,VILA BRETAS,35030-210,ETANOL,17/01/2023,3.97,,R$ / litro,BRANCA,2023-11-21
SE,MG,GOVERNADOR VALADARES,POSTO JK COMBUSTIVEIS LTDA,00.785.427/0001-42,AVENIDA JK,1639,,VILA BRETAS,35030-210,GASOLINA,17/01/2023,5.03,,R$ / litro,BRANCA,2023-11-21
SE,MG,GUAXUPE,VIOLETA GUAXUPE AUTO POSTO LTDA,05.791.087/0001-86,AVENIDA CONDE RIBEIRO DO VALLE,920,,JD DOS INCONFIDENTES,37800-000,ETANOL,17/01/2023,3.69,,R$ / litro,BRANCA,2023-11-21
SE,MG,GUAXUPE,VIOLETA GUAXUPE AUTO POSTO LTDA,05.791.087/0001-86,AVENIDA CONDE RIBEIRO DO VALLE,920,,JD DOS INCONFIDENTES,37800-000,DIESEL S10,17/01/2023,6.39,,R$ / litro,BRANCA,2023-11-21
SE,MG,GUAXUPE,VIOLETA GUAXUPE AUTO POSTO LTDA,05.791.087/0001-86,AVENIDA CONDE RIBEIRO DO VALLE,920,,JD DOS INCONFIDENTES,37800-000,GASOLINA ADITIVADA,17/01/2023,4.8,,R$ / litro,BRANCA,2023-11-21
SE,MG,GUAXUPE,VIOLETA GUAXUPE AUTO POSTO LTDA,05.791.087/0001-86,AVENIDA CONDE RIBEIRO DO VALLE,920,,JD DOS INCONFIDENTES,37800-000,GASOLINA,17/01/2023,4.79,,R$ / litro,BRANCA,2023-11-21
SE,MG,GUAXUPE,AUTO POSTO ILHABELA LTDA,05.553.336/0001-03,AVENIDA FELIPE ELIAS ZEITUNE,2886,,VILA PROGRESSO,37800-000,ETANOL,17/01/2023,3.56,,R$ / litro,BRANCA,2023-11-21
SE,MG,GUAXUPE,AUTO POSTO ILHABELA LTDA,05.553.336/0001-03,AVENIDA FELIPE ELIAS ZEITUNE,2886,,VILA PROGRESSO,37800-000,DIESEL S10,17/01/2023,5.76,,R$ / litro,BRANCA,2023-11-21
SE,MG,GUAXUPE,AUTO POSTO ILHABELA LTDA,05.553.336/0001-03,AVENIDA FELIPE ELIAS ZEITUNE,2886,,VILA PROGRESSO,37800-000,DIESEL,17/01/2023,5.84,,R$ / litro,BRANCA,2023-11-21
SE,MG,GUAXUPE,AUTO POSTO ILHABELA LTDA,05.553.336/0001-03,AVENIDA FELIPE ELIAS ZEITUNE,2886,,VILA PROGRESSO,37800-000,GASOLINA ADITIVADA,17/01/2023,4.66,,R$ / litro,BRANCA,2023-11-21
SE,MG,GUAXUPE,AUTO POSTO ILHABELA LTDA,05.553.336/0001-03,AVENIDA FELIPE ELIAS ZEITUNE,2886,,VILA PROGRESSO,37800-000,GASOLINA,17/01/2023,4.56,,R$ / litro,BRANCA,2023-11-21
SE,MG,GUAXUPE,POSTO MANTOVANI AVENIDA LTDA,02.047.542/0001-45,RUA PADRE JOAO JOSE,20,,CENTRO,37800-000,ETANOL,17/01/2023,3.56,,R$ / litro,VIBRA ENERGIA,2023-11-21
SE,MG,GUAXUPE,POSTO MANTOVANI AVENIDA LTDA,02.047.542/0001-45,RUA PADRE JOAO JOSE,20,,CENTRO,37800-000,DIESEL S10,17/01/2023,5.76,,R$ / litro,VIBRA ENERGIA,2023-11-21
SE,MG,GUAXUPE,POSTO MANTOVANI AVENIDA LTDA,02.047.542/0001-45,RUA PADRE JOAO JOSE,20,,CENTRO,37800-000,GASOLINA,17/01/2023,4.56,,R$ / litro,VIBRA ENERGIA,2023-11-21
SE,MG,GUAXUPE,SAO PAULO MINAS COMERCIO DERIVADOS DE PETROLEO LTDA.,05.282.048/0002-34,AVENIDA FELIPE ELIAS ZEITUNE,130,,CENTRO,37800-000,ETANOL,17/01/2023,3.8,,R$ / litro,BRANCA,2023-11-21
SE,MG,GUAXUPE,SAO PAULO MINAS COMERCIO DERIVADOS DE PETROLEO LTDA.,05.282.048/0002-34,AVENIDA FELIPE ELIAS ZEITUNE,130,,CENTRO,37800-000,DIESEL S10,17/01/2023,6.28,,R$ / litro,BRANCA,2023-11-21
SE,MG,GUAXUPE,SAO PAULO MINAS COMERCIO DERIVADOS DE PETROLEO LTDA.,05.282.048/0002-34,AVENIDA FELIPE ELIAS ZEITUNE,130,,CENTRO,37800-000,DIESEL,17/01/2023,6.18,,R$ / litro,BRANCA,2023-11-21
SE,MG,GUAXUPE,SAO PAULO MINAS COMERCIO DERIVADOS DE PETROLEO LTDA.,05.282.048/0002-34,AVENIDA FELIPE ELIAS ZEITUNE,130,,CENTRO,37800-000,GASOLINA ADITIVADA,17/01/2023,4.89,,R$ / litro,BRANCA,2023-11-21
SE,MG,GUAXUPE,SAO PAULO MINAS COMERCIO DERIVADOS DE PETROLEO LTDA.,05.282.048/0002-34,AVENIDA FELIPE ELIAS ZEITUNE,130,,CENTRO,37800-000,GASOLINA,17/01/2023,4.84,,R$ / litro,BRANCA,2023-11-21
SE,MG,IPATINGA,C & R REVENDA DE PETRÓLEO LTDA.,07.999.649/0001-07,AVENIDA CLÁUDIO MOURA,2309,,CENTRO,35160-033,ETANOL,17/01/2023,4.25,,R$ / litro,ALESAT,2023-11-21
SE,MG,IPATINGA,C & R REVENDA DE PETRÓLEO LTDA.,07.999.649/0001-07,AVENIDA CLÁUDIO MOURA,2309,,CENTRO,35160-033,DIESEL S10,17/01/2023,6.66,,R$ / litro,ALESAT,2023-11-21
SE,MG,IPATINGA,C & R REVENDA DE PETRÓLEO LTDA.,07.999.649/0001-07,AVENIDA CLÁUDIO MOURA,2309,,CENTRO,35160-033,DIESEL,17/01/2023,6.56,,R$ / litro,ALESAT,2023-11-21
SE,MG,IPATINGA,C & R REVENDA DE PETRÓLEO LTDA.,07.999.649/0001-07,AVENIDA CLÁUDIO MOURA,2309,,CENTRO,35160-033,GASOLINA ADITIVADA,17/01/2023,5.59,,R$ / litro,ALESAT,2023-11-21
SE,MG,IPATINGA,C & R REVENDA DE PETRÓLEO LTDA.,07.999.649/0001-07,AVENIDA CLÁUDIO MOURA,2309,,CENTRO,35160-033,GASOLINA,17/01/2023,4.99,,R$ / litro,ALESAT,2023-11-21
SE,MG,IPATINGA,AP MAGALHAES & CIA LTDA,21.027.537/0010-06,AVENIDA CARLOS CHAGAS,601,,CIDADE NOBRE,35162-359,ETANOL,17/01/2023,3.99,,R$ / litro,RAIZEN,2023-11-21
SE,MG,IPATINGA,AP MAGALHAES & CIA LTDA,21.027.537/0010-06,AVENIDA CARLOS CHAGAS,601,,CIDADE NOBRE,35162-359,DIESEL S10,17/01/2023,6.12,,R$ / litro,RAIZEN,2023-11-21
SE,MG,IPATINGA,AP MAGALHAES & CIA LTDA,21.027.537/0010-06,AVENIDA CARLOS CHAGAS,601,,CIDADE NOBRE,35162-359,GASOLINA ADITIVADA,17/01/2023,5.11,,R$ / litro,RAIZEN,2023-11-21
SE,MG,IPATINGA,AP MAGALHAES & CIA LTDA,21.027.537/0010-06,AVENIDA CARLOS CHAGAS,601,,CIDADE NOBRE,35162-359,GASOLINA,17/01/2023,4.91,,R$ / litro,RAIZEN,2023-11-21
SE,MG,IPATINGA,POSTO GT LTDA,17.006.537/0004-04,AVENIDA BRASIL,1015,A 1025,IGUACU,35162-036,ETANOL,17/01/2023,3.89,,R$ / litro,VIBRA ENERGIA,2023-11-21
SE,MG,IPATINGA,POSTO GT LTDA,17.006.537/0004-04,AVENIDA BRASIL,1015,A 1025,IGUACU,35162-036,DIESEL S10,17/01/2023,6.09,,R$ / litro,VIBRA ENERGIA,2023-11-21
SE,MG,IPATINGA,POSTO GT LTDA,17.006.537/0004-04,AVENIDA BRASIL,1015,A 1025,IGUACU,35162-036,GASOLINA ADITIVADA,17/01/2023,4.95,,R$ / litro,VIBRA ENERGIA,2023-11-21
SE,MG,IPATINGA,POSTO GT LTDA,17.006.537/0004-04,AVENIDA BRASIL,1015,A 1025,IGUACU,35162-036,GASOLINA,17/01/2023,4.85,,R$ / litro,VIBRA ENERGIA,2023-11-21
SE,MG,IPATINGA,POSTO GENTIL IPATINGA LTDA,05.120.495/0001-06,AVENIDA JUSCELINO KUBITSCHEK,1085,,JARDIM PANORAMA,35164-245,ETANOL,17/01/2023,3.85,,R$ / litro,BRANCA,2023-11-21
SE,MG,IPATINGA,POSTO GENTIL IPATINGA LTDA,05.120.495/0001-06,AVENIDA JUSCELINO KUBITSCHEK,1085,,JARDIM PANORAMA,35164-245,GASOLINA,17/01/2023,4.85,,R$ / litro,BRANCA,2023-11-21
SE,MG,IPATINGA,POSTOS DE SERVICOS PARQUE IPANEMA LTDA,04.075.433/0001-67,AVENIDA GUIDO MARLIERI,225,,IGUACU,35162-072,ETANOL,17/01/2023,3.89,,R$ / litro,BRANCA,2023-11-21
SE,MG,IPATINGA,POSTOS DE SERVICOS PARQUE IPANEMA LTDA,04.075.433/0001-67,AVENIDA GUIDO MARLIERI,225,,IGUACU,35162-072,DIESEL S10,17/01/2023,6.09,,R$ / litro,BRANCA,2023-11-21
SE,MG,IPATINGA,POSTOS DE SERVICOS PARQUE IPANEMA LTDA,04.075.433/0001-67,AVENIDA GUIDO MARLIERI,225,,IGUACU,35162-072,GASOLINA,17/01/2023,4.89,,R$ / litro,BRANCA,2023-11-21
SE,MG,ITAUNA,ORGANIZACAO COMERCIAL MARINHO LTDA,18.849.166/0001-42,RUA SILVA JARDIM,546,,CENTRO,35680-062,ETANOL,16/01/2023,3.99,,R$ / litro,IPIRANGA,2023-11-21
SE,MG,ITAUNA,ORGANIZACAO COMERCIAL MARINHO LTDA,18.849.166/0001-42,RUA SILVA JARDIM,546,,CENTRO,35680-062,DIESEL,16/01/2023,6.27,,R$ / litro,IPIRANGA,2023-11-21
SE,MG,ITAUNA,ORGANIZACAO COMERCIAL MARINHO LTDA,18.849.166/0001-42,RUA SILVA JARDIM,546,,CENTRO,35680-062,GASOLINA ADITIVADA,16/01/2023,5.39,,R$ / litro,IPIRANGA,2023-11-21
SE,MG,ITAUNA,ORGANIZACAO COMERCIAL MARINHO LTDA,18.849.166/0001-42,RUA SILVA JARDIM,546,,CENTRO,35680-062,GASOLINA,16/01/2023,4.99,,R$ / litro,IPIRANGA,2023-11-21
SE,MG,ITAUNA,CENTER POSTO LTDA,02.470.627/0002-12,RUA QUINZE DE NOVEMBRO,1526,,PIEDADE,35680-258,ETANOL,16/01/2023,3.89,,R$ / litro,VIBRA ENERGIA,2023-11-21
SE,MG,ITAUNA,CENTER POSTO LTDA,02.470.627/0002-12,RUA QUINZE DE NOVEMBRO,1526,,PIEDADE,35680-258,DIESEL,16/01/2023,6.19,,R$ / litro,VIBRA ENERGIA,2023-11-21
SE,MG,ITAUNA,CENTER POSTO LTDA,02.470.627/0002-12,RUA QUINZE DE NOVEMBRO,1526,,PIEDADE,35680-258,GASOLINA ADITIVADA,16/01/2023,5.04,,R$ / litro,VIBRA ENERGIA,2023-11-21
SE,MG,ITAUNA,CENTER POSTO LTDA,02.470.627/0002-12,RUA QUINZE DE NOVEMBRO,1526,,PIEDADE,35680-258,GASOLINA,16/01/2023,4.89,,R$ / litro,VIBRA ENERGIA,2023-11-21
SE,MG,ITAUNA,CENTRO AUTOMOTIVO BH SUL LTDA,00.058.752/0004-56,AVENIDA MIGUEL AUGUSTO,3693,,SANTANENSE,35680-147,ETANOL,16/01/2023,3.76,,R$ / litro,BRANCA,2023-11-21
SE,MG,ITAUNA,CENTRO AUTOMOTIVO BH SUL LTDA,00.058.752/0004-56,AVENIDA MIGUEL AUGUSTO,3693,,SANTANENSE,35680-147,DIESEL,16/01/2023,5.98,,R$ / litro,BRANCA,2023-11-21
SE,MG,ITAUNA,CENTRO AUTOMOTIVO BH SUL LTDA,00.058.752/0004-56,AVENIDA MIGUEL AUGUSTO,3693,,SANTANENSE,35680-147,GASOLINA,16/01/2023,4.76,,R$ / litro,BRANCA,2023-11-21
SE,MG,ITAUNA,POSTO DELTA ITAUNA LTDA,17.462.714/0001-14,RUA SILVA JARDIM,653,,CENTRO,35681-159,ETANOL,16/01/2023,3.99,,R$ / litro,VIBRA ENERGIA,2023-11-21
SE,MG,ITAUNA,POSTO DELTA ITAUNA LTDA,17.462.714/0001-14,RUA SILVA JARDIM,653,,CENTRO,35681-159,DIESEL S10,16/01/2023,6.39,,R$ / litro,VIBRA ENERGIA,2023-11-21
SE,MG,ITAUNA,POSTO DELTA ITAUNA LTDA,17.462.714/0001-14,RUA SILVA JARDIM,653,,CENTRO,35681-159,DIESEL,16/01/2023,6.29,,R$ / litro,VIBRA ENERGIA,2023-11-21
SE,MG,ITAUNA,POSTO DELTA ITAUNA LTDA,17.462.714/0001-14,RUA SILVA JARDIM,653,,CENTRO,35681-159,GASOLINA ADITIVADA,16/01/2023,5.19,,R$ / litro,VIBRA ENERGIA,2023-11-21
SE,MG,ITAUNA,POSTO DELTA ITAUNA LTDA,17.462.714/0001-14,RUA SILVA JARDIM,653,,CENTRO,35681-159,GASOLINA,16/01/2023,4.98,,R$ / litro,VIBRA ENERGIA,2023-11-21
SE,MG,ITAUNA,AUTO POSTO ALELUIA LTDA,03.733.648/0001-65,AVENIDA GETULIO VARGAS,533,,CENTRO,35680-037,ETANOL,16/01/2023,3.77,,R$ / litro,VIBRA ENERGIA,2023-11-21
SE,MG,ITAUNA,AUTO POSTO ALELUIA LTDA,03.733.648/0001-65,AVENIDA GETULIO VARGAS,533,,CENTRO,35680-037,DIESEL S10,16/01/2023,6.29,,R$ / litro,VIBRA ENERGIA,2023-11-21
SE,MG,ITAUNA,AUTO POSTO ALELUIA LTDA,03.733.648/0001-65,AVENIDA GETULIO VARGAS,533,,CENTRO,35680-037,GASOLINA,16/01/2023,4.77,,R$ / litro,VIBRA ENERGIA,2023-11-21
SE,MG,ITAUNA,CENTER POSTO LTDA,02.470.627/0001-31,RUA ZEZE LIMA,325,,CENTRO,35680-045,ETANOL,17/01/2023,3.78,,R$ / litro,VIBRA ENERGIA,2023-11-21
SE,MG,ITAUNA,CENTER POSTO LTDA,02.470.627/0001-31,RUA ZEZE LIMA,325,,CENTRO,35680-045,DIESEL S10,17/01/2023,6.29,,R$ / litro,VIBRA ENERGIA,2023-11-21
SE,MG,ITAUNA,CENTER POSTO LTDA,02.470.627/0001-31,RUA ZEZE LIMA,325,,CENTRO,35680-045,GASOLINA ADITIVADA,17/01/2023,4.93,,R$ / litro,VIBRA ENERGIA,2023-11-21
SE,MG,ITAUNA,CENTER POSTO LTDA,02.470.627/0001-31,RUA ZEZE LIMA,325,,CENTRO,35680-045,GASOLINA,17/01/2023,4.78,,R$ / litro,VIBRA ENERGIA,2023-11-21
SE,MG,ITUIUTABA,POSTO ALTO DA CIDADE LTDA,26.339.598/0001-31,RUA VINTE E DOIS,1772,,CENTRO,38300-076,ETANOL,16/01/2023,3.89,,R$ / litro,VIBRA ENERGIA,2023-11-21
SE,MG,ITUIUTABA,POSTO ALTO DA CIDADE LTDA,26.339.598/0001-31,RUA VINTE E DOIS,1772,,CENTRO,38300-076,DIESEL,16/01/2023,5.94,,R$ / litro,VIBRA ENERGIA,2023-11-21
SE,MG,ITUIUTABA,POSTO ALTO DA CIDADE LTDA,26.339.598/0001-31,RUA VINTE E DOIS,1772,,CENTRO,38300-076,GASOLINA,16/01/2023,4.99,,R$ / litro,VIBRA ENERGIA,2023-11-21
SE,MG,ITUIUTABA,OMAR ANTUNES CINTRA EIRELI,21.312.939/0001-61,AVENIDA SETE,780,,CENTRO,38300-152,ETANOL,16/01/2023,3.79,,R$ / litro,IPIRANGA,2023-11-21
SE,MG,ITUIUTABA,OMAR ANTUNES CINTRA EIRELI,21.312.939/0001-61,AVENIDA SETE,780,,CENTRO,38300-152,DIESEL S10,16/01/2023,6.39,,R$ / litro,IPIRANGA,2023-11-21
SE,MG,ITUIUTABA,OMAR ANTUNES CINTRA EIRELI,21.312.939/0001-61,AVENIDA SETE,780,,CENTRO,38300-152,DIESEL,16/01/2023,6.39,,R$ / litro,IPIRANGA,2023-11-21
SE,MG,ITUIUTABA,OMAR ANTUNES CINTRA EIRELI,21.312.939/0001-61,AVENIDA SETE,780,,CENTRO,38300-152,GASOLINA ADITIVADA,16/01/2023,5.09,,R$ / litro,IPIRANGA,2023-11-21
SE,MG,ITUIUTABA,OMAR ANTUNES CINTRA EIRELI,21.312.939/0001-61,AVENIDA SETE,780,,CENTRO,38300-152,GASOLINA,16/01/2023,4.89,,R$ / litro,IPIRANGA,2023-11-21
SE,MG,ITUIUTABA,POSTO ITUIUTABA LTDA.,21.312.624/0001-14,AVENIDA ONZE,1088,,CENTRO,38300-000,ETANOL,16/01/2023,3.89,,R$ / litro,BRANCA,2023-11-21
SE,MG,ITUIUTABA,POSTO ITUIUTABA LTDA.,21.312.624/0001-14,AVENIDA ONZE,1088,,CENTRO,38300-000,DIESEL S10,16/01/2023,6.69,,R$ / litro,BRANCA,2023-11-21
SE,MG,ITUIUTABA,POSTO ITUIUTABA LTDA.,21.312.624/0001-14,AVENIDA ONZE,1088,,CENTRO,38300-000,GASOLINA,16/01/2023,4.99,,R$ / litro,BRANCA,2023-11-21
SE,MG,ITUIUTABA,POSTO PRINCE EIRELI,20.262.432/0001-88,AVENIDA SIRIO LIBANESA,11,,CENTRO,38300-130,ETANOL,16/01/2023,3.74,,R$ / litro,BRANCA,2023-11-21
SE,MG,ITUIUTABA,POSTO PRINCE EIRELI,20.262.432/0001-88,AVENIDA SIRIO LIBANESA,11,,CENTRO,38300-130,DIESEL S10,16/01/2023,6.9,,R$ / litro,BRANCA,2023-11-21
SE,MG,ITUIUTABA,POSTO PRINCE EIRELI,20.262.432/0001-88,AVENIDA SIRIO LIBANESA,11,,CENTRO,38300-130,GASOLINA,16/01/2023,4.84,,R$ / litro,BRANCA,2023-11-21
SE,MG,ITUIUTABA,AUTO POSTO ITAMARATY LTDA,17.820.291/0001-67,AVENIDA DEZESSETE,825,,CENTRO,38300-000,ETANOL,16/01/2023,3.78,,R$ / litro,RAIZEN,2023-11-21
SE,MG,ITUIUTABA,AUTO POSTO ITAMARATY LTDA,17.820.291/0001-67,AVENIDA DEZESSETE,825,,CENTRO,38300-000,DIESEL S10,16/01/2023,6.39,,R$ / litro,RAIZEN,2023-11-21
SE,MG,ITUIUTABA,AUTO POSTO ITAMARATY LTDA,17.820.291/0001-67,AVENIDA DEZESSETE,825,,CENTRO,38300-000,GASOLINA ADITIVADA,16/01/2023,5.09,,R$ / litro,RAIZEN,2023-11-21
SE,MG,ITUIUTABA,AUTO POSTO ITAMARATY LTDA,17.820.291/0001-67,AVENIDA DEZESSETE,825,,CENTRO,38300-000,GASOLINA,16/01/2023,4.78,,R$ / litro,RAIZEN,2023-11-21
SE,MG,ITUIUTABA,COMERCIAL GARDENIA LTDA,17.190.588/0001-96,AVENIDA GOVERNADOR JOSE DE MAGALHAES PINTO,112,,GARDENIA,38301-078,ETANOL,16/01/2023,3.8,,R$ / litro,RAIZEN,2023-11-21
SE,MG,ITUIUTABA,COMERCIAL GARDENIA LTDA,17.190.588/0001-96,AVENIDA GOVERNADOR JOSE DE MAGALHAES PINTO,112,,GARDENIA,38301-078,DIESEL S10,16/01/2023,6.18,,R$ / litro,RAIZEN,2023-11-21
SE,MG,ITUIUTABA,COMERCIAL GARDENIA LTDA,17.190.588/0001-96,AVENIDA GOVERNADOR JOSE DE MAGALHAES PINTO,112,,GARDENIA,38301-078,DIESEL,16/01/2023,6.08,,R$ / litro,RAIZEN,2023-11-21
SE,MG,ITUIUTABA,COMERCIAL GARDENIA LTDA,17.190.588/0001-96,AVENIDA GOVERNADOR JOSE DE MAGALHAES PINTO,112,,GARDENIA,38301-078,GASOLINA ADITIVADA,16/01/2023,5.19,,R$ / litro,RAIZEN,2023-11-21
SE,MG,ITUIUTABA,COMERCIAL GARDENIA LTDA,17.190.588/0001-96,AVENIDA GOVERNADOR JOSE DE MAGALHAES PINTO,112,,GARDENIA,38301-078,GASOLINA,16/01/2023,4.85,,R$ / litro,RAIZEN,2023-11-21
SE,MG,ITUIUTABA,AUTO POSTO PAULINO & FILHO LTDA,02.961.363/0001-19,AVENIDA TRINTA E UM,2171,,NATAL,38300-000,ETANOL,16/01/2023,3.89,,R$ / litro,ALESAT,2023-11-21
SE,MG,ITUIUTABA,AUTO POSTO PAULINO & FILHO LTDA,02.961.363/0001-19,AVENIDA TRINTA E UM,2171,,NATAL,38300-000,DIESEL S10,16/01/2023,6.29,,R$ / litro,ALESAT,2023-11-21
SE,MG,ITUIUTABA,AUTO POSTO PAULINO & FILHO LTDA,02.961.363/0001-19,AVENIDA TRINTA E UM,2171,,NATAL,38300-000,DIESEL,16/01/2023,6.19,,R$ / litro,ALESAT,2023-11-21
SE,MG,ITUIUTABA,AUTO POSTO PAULINO & FILHO LTDA,02.961.363/0001-19,AVENIDA TRINTA E UM,2171,,NATAL,38300-000,GASOLINA ADITIVADA,16/01/2023,4.99,,R$ / litro,ALESAT,2023-11-21
SE,MG,ITUIUTABA,AUTO POSTO PAULINO & FILHO LTDA,02.961.363/0001-19,AVENIDA TRINTA E UM,2171,,NATAL,38300-000,GASOLINA,16/01/2023,4.89,,R$ / litro,ALESAT,2023-11-21
SE,MG,JOAO PINHEIRO,AUTO POSTO RDG LTDA,08.418.219/0001-17,RODOVIA BR 040,S/N,KM 143,MARIA JOSE DE PAULA,38770-000,ETANOL,19/01/2023,3.89,,R$ / litro,VIBRA ENERGIA,2023-11-21
SE,MG,JOAO PINHEIRO,AUTO POSTO RDG LTDA,08.418.219/0001-17,RODOVIA BR 040,S/N,KM 143,MARIA JOSE DE PAULA,38770-000,DIESEL S10,19/01/2023,6.15,,R$ / litro,VIBRA ENERGIA,2023-11-21
SE,MG,JOAO PINHEIRO,AUTO POSTO RDG LTDA,08.418.219/0001-17,RODOVIA BR 040,S/N,KM 143,MARIA JOSE DE PAULA,38770-000,DIESEL,19/01/2023,6.05,,R$ / litro,VIBRA ENERGIA,2023-11-21
SE,MG,JOAO PINHEIRO,AUTO POSTO RDG LTDA,08.418.219/0001-17,RODOVIA BR 040,S/N,KM 143,MARIA JOSE DE PAULA,38770-000,GASOLINA ADITIVADA,19/01/2023,5.25,,R$ / litro,VIBRA ENERGIA,2023-11-21
SE,MG,JOAO PINHEIRO,AUTO POSTO RDG LTDA,08.418.219/0001-17,RODOVIA BR 040,S/N,KM 143,MARIA JOSE DE PAULA,38770-000,GASOLINA,19/01/2023,5.15,,R$ / litro,VIBRA ENERGIA,2023-11-21
SE,MG,JOAO PINHEIRO,PINHEIRO DERIVADOS DE PETRÓLEO LTDA,05.636.860/0001-30,AVENIDA JOSÉ RABELO DE SOUZA,871,,MARIA JOSÉ DE PAULA,38770-000,ETANOL,19/01/2023,3.89,,R$ / litro,BRANCA,2023-11-21
SE,MG,JOAO PINHEIRO,PINHEIRO DERIVADOS DE PETRÓLEO LTDA,05.636.860/0001-30,AVENIDA JOSÉ RABELO DE SOUZA,871,,MARIA JOSÉ DE PAULA,38770-000,DIESEL S10,19/01/2023,6.49,,R$ / litro,BRANCA,2023-11-21
SE,MG,JOAO PINHEIRO,PINHEIRO DERIVADOS DE PETRÓLEO LTDA,05.636.860/0001-30,AVENIDA JOSÉ RABELO DE SOUZA,871,,MARIA JOSÉ DE PAULA,38770-000,DIESEL,19/01/2023,6.39,,R$ / litro,BRANCA,2023-11-21
SE,MG,JOAO PINHEIRO,PINHEIRO DERIVADOS DE PETRÓLEO LTDA,05.636.860/0001-30,AVENIDA JOSÉ RABELO DE SOUZA,871,,MARIA JOSÉ DE PAULA,38770-000,GASOLINA,19/01/2023,5.19,,R$ / litro,BRANCA,2023-11-21
SE,MG,JOAO PINHEIRO,SAYONARA COMERCIO DE PETROLEO LTDA,23.761.448/0001-23,RODOVIA MARGENS RODOVIA BR 040 KM 143,SN,,CENTRO,38770-000,DIESEL,19/01/2023,5.95,,R$ / litro,BRANCA,2023-11-21
SE,MG,JOAO PINHEIRO,SAYONARA COMERCIO DE PETROLEO LTDA,23.761.448/0001-23,RODOVIA MARGENS RODOVIA BR 040 KM 143,SN,,CENTRO,38770-000,GASOLINA ADITIVADA,19/01/2023,5.09,,R$ / litro,BRANCA,2023-11-21
SE,MG,JOAO PINHEIRO,SAYONARA COMERCIO DE PETROLEO LTDA,23.761.448/0001-23,RODOVIA MARGENS RODOVIA BR 040 KM 143,SN,,CENTRO,38770-000,GASOLINA,19/01/2023,5.09,,R$ / litro,BRANCA,2023-11-21
SE,MG,JOAO PINHEIRO,SAYONARA COMERCIO DE PETROLEO LTDA,23.761.448/0001-23,RODOVIA MARGENS RODOVIA BR 040 KM 143,SN,,CENTRO,38770-000,ETANOL,19/01/2023,3.79,,R$ / litro,BRANCA,2023-11-21
SE,MG,JOAO PINHEIRO,SAYONARA COMERCIO DE PETROLEO LTDA,23.761.448/0001-23,RODOVIA MARGENS RODOVIA BR 040 KM 143,SN,,CENTRO,38770-000,DIESEL S10,19/01/2023,6.05,,R$ / litro,BRANCA,2023-11-21
SE,MG,JOAO PINHEIRO,SILVA COUTO & CIA LTDA.,03.101.004/0001-54,RUA DEPUTADO QUINTINO VARGAS,49,,CENTRO,38770-000,ETANOL,19/01/2023,3.89,,R$ / litro,BRANCA,2023-11-21
SE,MG,JOAO PINHEIRO,SILVA COUTO & CIA LTDA.,03.101.004/0001-54,RUA DEPUTADO QUINTINO VARGAS,49,,CENTRO,38770-000,DIESEL S10,19/01/2023,6.09,,R$ / litro,BRANCA,2023-11-21
SE,MG,JOAO PINHEIRO,SILVA COUTO & CIA LTDA.,03.101.004/0001-54,RUA DEPUTADO QUINTINO VARGAS,49,,CENTRO,38770-000,DIESEL,19/01/2023,5.99,,R$ / litro,BRANCA,2023-11-21
SE,MG,JOAO PINHEIRO,SILVA COUTO & CIA LTDA.,03.101.004/0001-54,RUA DEPUTADO QUINTINO VARGAS,49,,CENTRO,38770-000,GASOLINA,19/01/2023,5.15,,R$ / litro,BRANCA,2023-11-21
SE,MG,JUIZ DE FORA,AUTO POSTO PETROGAS LTDA,03.862.967/0001-70,AVENIDA JUSCELINO KUBISTSCHEK,6000,,BENFICA,36081-000,ETANOL,16/01/2023,4.2,,R$ / litro,VIBRA ENERGIA,2023-11-21
SE,MG,JUIZ DE FORA,AUTO POSTO PETROGAS LTDA,03.862.967/0001-70,AVENIDA JUSCELINO KUBISTSCHEK,6000,,BENFICA,36081-000,DIESEL S10,16/01/2023,6.1,,R$ / litro,VIBRA ENERGIA,2023-11-21
SE,MG,JUIZ DE FORA,AUTO POSTO PETROGAS LTDA,03.862.967/0001-70,AVENIDA JUSCELINO KUBISTSCHEK,6000,,BENFICA,36081-000,DIESEL,16/01/2023,5.99,,R$ / litro,VIBRA ENERGIA,2023-11-21
SE,MG,JUIZ DE FORA,AUTO POSTO PETROGAS LTDA,03.862.967/0001-70,AVENIDA JUSCELINO KUBISTSCHEK,6000,,BENFICA,36081-000,GASOLINA,16/01/2023,5.1,,R$ / litro,VIBRA ENERGIA,2023-11-21
SE,MG,JUIZ DE FORA,AUTO POSTO PETROGAS LTDA,03.862.967/0001-70,AVENIDA JUSCELINO KUBISTSCHEK,6000,,BENFICA,36081-000,GNV,16/01/2023,4.85,,R$ / m³,VIBRA ENERGIA,2023-11-21
SE,MG,JUIZ DE FORA,AUTO POSTO BANDEIRANTES LTDA,21.058.508/0001-10,RUA PARACATU,883,,BANDEIRANTES,36047-040,ETANOL,17/01/2023,4.15,,R$ / litro,BRANCA,2023-11-21
SE,MG,JUIZ DE FORA,AUTO POSTO BANDEIRANTES LTDA,21.058.508/0001-10,RUA PARACATU,883,,BANDEIRANTES,36047-040,DIESEL S10,17/01/2023,6.24,,R$ / litro,BRANCA,2023-11-21
SE,MG,JUIZ DE FORA,AUTO POSTO BANDEIRANTES LTDA,21.058.508/0001-10,RUA PARACATU,883,,BANDEIRANTES,36047-040,DIESEL,17/01/2023,6.14,,R$ / litro,BRANCA,2023-11-21
SE,MG,JUIZ DE FORA,AUTO POSTO BANDEIRANTES LTDA,21.058.508/0001-10,RUA PARACATU,883,,BANDEIRANTES,36047-040,GASOLINA,17/01/2023,5.05,,R$ / litro,BRANCA,2023-11-21
SE,MG,JUIZ DE FORA,RODO POSTO SILVIO'S LTDA,17.451.576/0001-78,RODOVIA BR-040,SN,KM    774 4,BARREIRA DO TRIUNFO,36092-245,ETANOL,18/01/2023,4.09,,R$ / litro,VIBRA ENERGIA,2023-11-21
SE,MG,JUIZ DE FORA,RODO POSTO SILVIO'S LTDA,17.451.576/0001-78,RODOVIA BR-040,SN,KM    774 4,BARREIRA DO TRIUNFO,36092-245,DIESEL S10,18/01/2023,6.19,,R$ / litro,VIBRA ENERGIA,2023-11-21
SE,MG,JUIZ DE FORA,RODO POSTO SILVIO'S LTDA,17.451.576/0001-78,RODOVIA BR-040,SN,KM    774 4,BARREIRA DO TRIUNFO,36092-245,DIESEL,18/01/2023,6.09,,R$ / litro,VIBRA ENERGIA,2023-11-21
SE,MG,JUIZ DE FORA,RODO POSTO SILVIO'S LTDA,17.451.576/0001-78,RODOVIA BR-040,SN,KM    774 4,BARREIRA DO TRIUNFO,36092-245,GASOLINA,18/01/2023,4.99,,R$ / litro,VIBRA ENERGIA,2023-11-21
SE,MG,JUIZ DE FORA,POSTO ECO LTDA,03.845.434/0001-80,AVENIDA GARCIA RODRIGUES PAES,12515,LOTE: 21 QD A;,INDUSTRIAL,36081-500,ETANOL,16/01/2023,4.2,,R$ / litro,IPIRANGA,2023-11-21
SE,MG,JUIZ DE FORA,POSTO ECO LTDA,03.845.434/0001-80,AVENIDA GARCIA RODRIGUES PAES,12515,LOTE: 21 QD A;,INDUSTRIAL,36081-500,DIESEL,16/01/2023,6.49,,R$ / litro,IPIRANGA,2023-11-21
SE,MG,JUIZ DE FORA,POSTO ECO LTDA,03.845.434/0001-80,AVENIDA GARCIA RODRIGUES PAES,12515,LOTE: 21 QD A;,INDUSTRIAL,36081-500,GASOLINA,16/01/2023,5.1,,R$ / litro,IPIRANGA,2023-11-21
SE,MG,JUIZ DE FORA,AUTO POSTO CASCATINHA LTDA,21.666.185/0001-48,RUA DR PAULO J COELHO,169,,CASCATINHA,36033-310,ETANOL,18/01/2023,4.2,,R$ / litro,RAIZEN,2023-11-21
SE,MG,JUIZ DE FORA,AUTO POSTO CASCATINHA LTDA,21.666.185/0001-48,RUA DR PAULO J COELHO,169,,CASCATINHA,36033-310,DIESEL S10,18/01/2023,6.29,,R$ / litro,RAIZEN,2023-11-21
SE,MG,JUIZ DE FORA,AUTO POSTO CASCATINHA LTDA,21.666.185/0001-48,RUA DR PAULO J COELHO,169,,CASCATINHA,36033-310,GASOLINA ADITIVADA,18/01/2023,5.2,,R$ / litro,RAIZEN,2023-11-21
SE,MG,JUIZ DE FORA,AUTO POSTO CASCATINHA LTDA,21.666.185/0001-48,RUA DR PAULO J COELHO,169,,CASCATINHA,36033-310,GASOLINA,18/01/2023,5.1,,R$ / litro,RAIZEN,2023-11-21
SE,MG,JUIZ DE FORA,POSTO ELEFANTINHO LTDA,21.580.030/0001-94,AVENIDA BRASIL,3349,,CENTRO,36060-010,ETANOL,17/01/2023,4.19,,R$ / litro,RAIZEN,2023-11-21
SE,MG,JUIZ DE FORA,POSTO ELEFANTINHO LTDA,21.580.030/0001-94,AVENIDA BRASIL,3349,,CENTRO,36060-010,DIESEL,17/01/2023,6.28,,R$ / litro,RAIZEN,2023-11-21
SE,MG,JUIZ DE FORA,POSTO ELEFANTINHO LTDA,21.580.030/0001-94,AVENIDA BRASIL,3349,,CENTRO,36060-010,GASOLINA,17/01/2023,5.09,,R$ / litro,RAIZEN,2023-11-21
SE,MG,JUIZ DE FORA,POSTO ELEFANTINHO LTDA,21.580.030/0001-94,AVENIDA BRASIL,3349,,CENTRO,36060-010,GNV,17/01/2023,4.85,,R$ / m³,RAIZEN,2023-11-21
SE,MG,JUIZ DE FORA,CHAMONIX LTDA.,20.447.074/0001-88,RODOVIA BR 267,S/N,KM 87,RETIRO,36083-786,ETANOL,17/01/2023,4.2,,R$ / litro,VIBRA ENERGIA,2023-11-21
SE,MG,JUIZ DE FORA,CHAMONIX LTDA.,20.447.074/0001-88,RODOVIA BR 267,S/N,KM 87,RETIRO,36083-786,DIESEL S10,17/01/2023,6.39,,R$ / litro,VIBRA ENERGIA,2023-11-21
SE,MG,JUIZ DE FORA,CHAMONIX LTDA.,20.447.074/0001-88,RODOVIA BR 267,S/N,KM 87,RETIRO,36083-786,DIESEL,17/01/2023,6.29,,R$ / litro,VIBRA ENERGIA,2023-11-21
SE,MG,JUIZ DE FORA,CHAMONIX LTDA.,20.447.074/0001-88,RODOVIA BR 267,S/N,KM 87,RETIRO,36083-786,GASOLINA ADITIVADA,17/01/2023,5.3,,R$ / litro,VIBRA ENERGIA,2023-11-21
SE,MG,JUIZ DE FORA,CHAMONIX LTDA.,20.447.074/0001-88,RODOVIA BR 267,S/N,KM 87,RETIRO,36083-786,GASOLINA,17/01/2023,5.1,,R$ / litro,VIBRA ENERGIA,2023-11-21
SE,MG,JUIZ DE FORA,POSTO IGREJINHA LTDA,03.903.050/0001-77,RODOVIA BR 267,S/N,KM 120,IGREJINHA,36091-970,ETANOL,18/01/2023,3.98,,R$ / litro,BRANCA,2023-11-21
SE,MG,JUIZ DE FORA,POSTO IGREJINHA LTDA,03.903.050/0001-77,RODOVIA BR 267,S/N,KM 120,IGREJINHA,36091-970,DIESEL S10,18/01/2023,6.09,,R$ / litro,BRANCA,2023-11-21
SE,MG,JUIZ DE FORA,POSTO IGREJINHA LTDA,03.903.050/0001-77,RODOVIA BR 267,S/N,KM 120,IGREJINHA,36091-970,DIESEL,18/01/2023,5.95,,R$ / litro,BRANCA,2023-11-21
SE,MG,JUIZ DE FORA,POSTO IGREJINHA LTDA,03.903.050/0001-77,RODOVIA BR 267,S/N,KM 120,IGREJINHA,36091-970,GASOLINA,18/01/2023,4.89,,R$ / litro,BRANCA,2023-11-21
SE,MG,JUIZ DE FORA,AUTO POSTO VAS CAS LTDA,03.264.269/0001-73,AVENIDA BRASIL,2002,,CENTRO,36062-420,ETANOL,17/01/2023,4.19,,R$ / litro,ALESAT,2023-11-21
SE,MG,JUIZ DE FORA,AUTO POSTO VAS CAS LTDA,03.264.269/0001-73,AVENIDA BRASIL,2002,,CENTRO,36062-420,GASOLINA ADITIVADA,17/01/2023,5.24,,R$ / litro,ALESAT,2023-11-21
SE,MG,JUIZ DE FORA,AUTO POSTO VAS CAS LTDA,03.264.269/0001-73,AVENIDA BRASIL,2002,,CENTRO,36062-420,GASOLINA,17/01/2023,5.09,,R$ / litro,ALESAT,2023-11-21
SE,MG,JUIZ DE FORA,AUTO POSTO CONQUISTA LTDA,02.050.251/0001-06,RUA ABILIO GOMES,S/N,LTS. 01/02/03/04 QD. H,FRANCISCO BERNADINHO,36083-010,ETANOL,16/01/2023,4.19,,R$ / litro,VIBRA ENERGIA,2023-11-21
SE,MG,JUIZ DE FORA,AUTO POSTO CONQUISTA LTDA,02.050.251/0001-06,RUA ABILIO GOMES,S/N,LTS. 01/02/03/04 QD. H,FRANCISCO BERNADINHO,36083-010,DIESEL S10,16/01/2023,6.09,,R$ / litro,VIBRA ENERGIA,2023-11-21
SE,MG,JUIZ DE FORA,AUTO POSTO CONQUISTA LTDA,02.050.251/0001-06,RUA ABILIO GOMES,S/N,LTS. 01/02/03/04 QD. H,FRANCISCO BERNADINHO,36083-010,DIESEL,16/01/2023,6.09,,R$ / litro,VIBRA ENERGIA,2023-11-21
SE,MG,JUIZ DE FORA,AUTO POSTO CONQUISTA LTDA,02.050.251/0001-06,RUA ABILIO GOMES,S/N,LTS. 01/02/03/04 QD. H,FRANCISCO BERNADINHO,36083-010,GASOLINA,16/01/2023,5.1,,R$ / litro,VIBRA ENERGIA,2023-11-21
SE,MG,LAVRAS,AUTO POSTO MAIS LTDA,05.999.998/0001-01,RUA JOAO MODESTO,128,,CENTRO,37200-000,ETANOL,19/01/2023,3.89,,R$ / litro,RAIZEN,2023-11-21
SE,MG,LAVRAS,AUTO POSTO MAIS LTDA,05.999.998/0001-01,RUA JOAO MODESTO,128,,CENTRO,37200-000,GASOLINA ADITIVADA,19/01/2023,5.29,,R$ / litro,RAIZEN,2023-11-21
SE,MG,LAVRAS,AUTO POSTO MAIS LTDA,05.999.998/0001-01,RUA JOAO MODESTO,128,,CENTRO,37200-000,GASOLINA,19/01/2023,4.89,,R$ / litro,RAIZEN,2023-11-21
SE,MG,LAVRAS,AUTO POSTO PREMIUM LTDA,05.725.402/0001-77,RUA RUI BARBOSA,70,,CENTRO,37200-000,ETANOL,19/01/2023,3.79,,R$ / litro,BRANCA,2023-11-21
SE,MG,LAVRAS,AUTO POSTO PREMIUM LTDA,05.725.402/0001-77,RUA RUI BARBOSA,70,,CENTRO,37200-000,GASOLINA ADITIVADA,19/01/2023,4.84,,R$ / litro,BRANCA,2023-11-21
SE,MG,LAVRAS,AUTO POSTO PREMIUM LTDA,05.725.402/0001-77,RUA RUI BARBOSA,70,,CENTRO,37200-000,GASOLINA,19/01/2023,4.84,,R$ / litro,BRANCA,2023-11-21
SE,MG,MONTES CLAROS,AUTO POSTO AMANDA E JULIA LTDA,09.489.996/0001-15,AVENIDA DEPUTADO ESTEVES RODRIGUES,209,,CENTRO,39400-215,ETANOL,19/01/2023,3.65,,R$ / litro,VIBRA ENERGIA,2023-11-21
SE,MG,MONTES CLAROS,AUTO POSTO AMANDA E JULIA LTDA,09.489.996/0001-15,AVENIDA DEPUTADO ESTEVES RODRIGUES,209,,CENTRO,39400-215,DIESEL S10,19/01/2023,5.99,,R$ / litro,VIBRA ENERGIA,2023-11-21
SE,MG,MONTES CLAROS,AUTO POSTO AMANDA E JULIA LTDA,09.489.996/0001-15,AVENIDA DEPUTADO ESTEVES RODRIGUES,209,,CENTRO,39400-215,DIESEL,19/01/2023,5.95,,R$ / litro,VIBRA ENERGIA,2023-11-21
SE,MG,MONTES CLAROS,AUTO POSTO AMANDA E JULIA LTDA,09.489.996/0001-15,AVENIDA DEPUTADO ESTEVES RODRIGUES,209,,CENTRO,39400-215,GASOLINA ADITIVADA,19/01/2023,4.89,,R$ / litro,VIBRA ENERGIA,2023-11-21
SE,MG,MONTES CLAROS,AUTO POSTO AMANDA E JULIA LTDA,09.489.996/0001-15,AVENIDA DEPUTADO ESTEVES RODRIGUES,209,,CENTRO,39400-215,GASOLINA,19/01/2023,4.79,,R$ / litro,VIBRA ENERGIA,2023-11-21
SE,MG,MONTES CLAROS,MARQUESA AUTO SERVIÇOS LTDA.,03.742.141/0002-59,AVENIDA GERALDO ATHAYDE,745,,ALTO SÃO JOÃO,39400-292,ETANOL,19/01/2023,4.59,,R$ / litro,ALESAT,2023-11-21
SE,MG,MONTES CLAROS,MARQUESA AUTO SERVIÇOS LTDA.,03.742.141/0002-59,AVENIDA GERALDO ATHAYDE,745,,ALTO SÃO JOÃO,39400-292,DIESEL,19/01/2023,6.99,,R$ / litro,ALESAT,2023-11-21
SE,MG,MONTES CLAROS,MARQUESA AUTO SERVIÇOS LTDA.,03.742.141/0002-59,AVENIDA GERALDO ATHAYDE,745,,ALTO SÃO JOÃO,39400-292,GASOLINA ADITIVADA,19/01/2023,5.69,,R$ / litro,ALESAT,2023-11-21
SE,MG,MONTES CLAROS,MARQUESA AUTO SERVIÇOS LTDA.,03.742.141/0002-59,AVENIDA GERALDO ATHAYDE,745,,ALTO SÃO JOÃO,39400-292,GASOLINA,19/01/2023,5.59,,R$ / litro,ALESAT,2023-11-21
SE,MG,MONTES CLAROS,RG EMPRESA COMERCIAL DE COMBUSTIVEIS - EIRELI,04.297.764/0001-41,AVENIDA DEPUTADO ESTEVES RODRIGUES,181,,VILA JOAO GORDO,39400-215,ETANOL,19/01/2023,3.59,,R$ / litro,VIBRA ENERGIA,2023-11-21
SE,MG,MONTES CLAROS,RG EMPRESA COMERCIAL DE COMBUSTIVEIS - EIRELI,04.297.764/0001-41,AVENIDA DEPUTADO ESTEVES RODRIGUES,181,,VILA JOAO GORDO,39400-215,GASOLINA,19/01/2023,4.73,,R$ / litro,VIBRA ENERGIA,2023-11-21
SE,MG,MONTES CLAROS,PETROLEO MONTES CLAROS LTDA.,04.588.291/0001-31,RUA SILVIO TEIXEIRA,46,,SAO JOSE,39400-354,ETANOL,19/01/2023,3.59,,R$ / litro,VIBRA ENERGIA,2023-11-21
SE,MG,MONTES CLAROS,PETROLEO MONTES CLAROS LTDA.,04.588.291/0001-31,RUA SILVIO TEIXEIRA,46,,SAO JOSE,39400-354,GASOLINA ADITIVADA,19/01/2023,5.18,,R$ / litro,VIBRA ENERGIA,2023-11-21
SE,MG,MONTES CLAROS,PETROLEO MONTES CLAROS LTDA.,04.588.291/0001-31,RUA SILVIO TEIXEIRA,46,,SAO JOSE,39400-354,GASOLINA,19/01/2023,4.73,,R$ / litro,VIBRA ENERGIA,2023-11-21
SE,MG,MONTES CLAROS,ANTARES COMBUSTIVEIS LTDA,03.888.789/0002-38,AVENIDA JOSE CORREA MACHADO,1059,,IBITURUNA,39400-612,ETANOL,19/01/2023,4.59,,R$ / litro,ALESAT,2023-11-21
SE,MG,MONTES CLAROS,ANTARES COMBUSTIVEIS LTDA,03.888.789/0002-38,AVENIDA JOSE CORREA MACHADO,1059,,IBITURUNA,39400-612,DIESEL S10,19/01/2023,7.89,,R$ / litro,ALESAT,2023-11-21
SE,MG,MONTES CLAROS,ANTARES COMBUSTIVEIS LTDA,03.888.789/0002-38,AVENIDA JOSE CORREA MACHADO,1059,,IBITURUNA,39400-612,GASOLINA ADITIVADA,19/01/2023,5.69,,R$ / litro,ALESAT,2023-11-21
SE,MG,MONTES CLAROS,ANTARES COMBUSTIVEIS LTDA,03.888.789/0002-38,AVENIDA JOSE CORREA MACHADO,1059,,IBITURUNA,39400-612,GASOLINA,19/01/2023,5.59,,R$ / litro,ALESAT,2023-11-21
SE,MG,MONTES CLAROS,POSTO ALJIG LTDA,03.857.669/0001-92,AVENIDA DONATO QUINTINO,225,,CANELAS,39400-546,ETANOL,19/01/2023,3.69,,R$ / litro,RAIZEN,2023-11-21
SE,MG,MONTES CLAROS,POSTO ALJIG LTDA,03.857.669/0001-92,AVENIDA DONATO QUINTINO,225,,CANELAS,39400-546,DIESEL S10,19/01/2023,5.99,,R$ / litro,RAIZEN,2023-11-21
SE,MG,MONTES CLAROS,POSTO ALJIG LTDA,03.857.669/0001-92,AVENIDA DONATO QUINTINO,225,,CANELAS,39400-546,GASOLINA ADITIVADA,19/01/2023,4.99,,R$ / litro,RAIZEN,2023-11-21
SE,MG,MONTES CLAROS,POSTO ALJIG LTDA,03.857.669/0001-92,AVENIDA DONATO QUINTINO,225,,CANELAS,39400-546,GASOLINA,19/01/2023,4.79,,R$ / litro,RAIZEN,2023-11-21
SE,MG,MONTES CLAROS,MARQUESA AUTO SERVIÇOS LTDA.,03.742.141/0001-78,AVENIDA DEPUTADO PLINIO RIBEIRO,555,,ESPLANADA,39401-474,ETANOL,19/01/2023,3.99,,R$ / litro,IPIRANGA,2023-11-21
SE,MG,MONTES CLAROS,MARQUESA AUTO SERVIÇOS LTDA.,03.742.141/0001-78,AVENIDA DEPUTADO PLINIO RIBEIRO,555,,ESPLANADA,39401-474,DIESEL,19/01/2023,5.99,,R$ / litro,IPIRANGA,2023-11-21
SE,MG,MONTES CLAROS,MARQUESA AUTO SERVIÇOS LTDA.,03.742.141/0001-78,AVENIDA DEPUTADO PLINIO RIBEIRO,555,,ESPLANADA,39401-474,GASOLINA ADITIVADA,19/01/2023,5.19,,R$ / litro,IPIRANGA,2023-11-21
SE,MG,MONTES CLAROS,MARQUESA AUTO SERVIÇOS LTDA.,03.742.141/0001-78,AVENIDA DEPUTADO PLINIO RIBEIRO,555,,ESPLANADA,39401-474,GASOLINA,19/01/2023,4.79,,R$ / litro,IPIRANGA,2023-11-21
SE,MG,MONTES CLAROS,J.J DERIVADOS DE PETROLEO LTDA,03.529.503/0001-47,AVENIDA CORONEL LUIZ MAIA,560,A,CINTRA,39401-486,ETANOL,19/01/2023,3.89,,R$ / litro,BRANCA,2023-11-21
SE,MG,MONTES CLAROS,J.J DERIVADOS DE PETROLEO LTDA,03.529.503/0001-47,AVENIDA CORONEL LUIZ MAIA,560,A,CINTRA,39401-486,DIESEL S10,19/01/2023,6.59,,R$ / litro,BRANCA,2023-11-21
SE,MG,MONTES CLAROS,J.J DERIVADOS DE PETROLEO LTDA,03.529.503/0001-47,AVENIDA CORONEL LUIZ MAIA,560,A,CINTRA,39401-486,DIESEL,19/01/2023,6.39,,R$ / litro,BRANCA,2023-11-21
SE,MG,MONTES CLAROS,J.J DERIVADOS DE PETROLEO LTDA,03.529.503/0001-47,AVENIDA CORONEL LUIZ MAIA,560,A,CINTRA,39401-486,GASOLINA ADITIVADA,19/01/2023,5.09,,R$ / litro,BRANCA,2023-11-21
SE,MG,MONTES CLAROS,J.J DERIVADOS DE PETROLEO LTDA,03.529.503/0001-47,AVENIDA CORONEL LUIZ MAIA,560,A,CINTRA,39401-486,GASOLINA,19/01/2023,4.99,,R$ / litro,BRANCA,2023-11-21
SE,MG,MONTES CLAROS,CEMA CENTRAL MINEIRA ATACADISTA LTDA,03.083.231/0006-09,AVENIDA DULCE SARMENTO,1320,,VILA NAZARETH,39401-485,ETANOL,19/01/2023,3.79,,R$ / litro,VIBRA ENERGIA,2023-11-21
SE,MG,MONTES CLAROS,CEMA CENTRAL MINEIRA ATACADISTA LTDA,03.083.231/0006-09,AVENIDA DULCE SARMENTO,1320,,VILA NAZARETH,39401-485,DIESEL,19/01/2023,5.89,,R$ / litro,VIBRA ENERGIA,2023-11-21
SE,MG,MONTES CLAROS,CEMA CENTRAL MINEIRA ATACADISTA LTDA,03.083.231/0006-09,AVENIDA DULCE SARMENTO,1320,,VILA NAZARETH,39401-485,GASOLINA ADITIVADA,19/01/2023,5.1,,R$ / litro,VIBRA ENERGIA,2023-11-21
SE,MG,MONTES CLAROS,CEMA CENTRAL MINEIRA ATACADISTA LTDA,03.083.231/0006-09,AVENIDA DULCE SARMENTO,1320,,VILA NAZARETH,39401-485,GASOLINA,19/01/2023,4.85,,R$ / litro,VIBRA ENERGIA,2023-11-21
SE,MG,PARA DE MINAS,AUTO POSTO IRMAOS MELGACO LTDA,08.538.103/0001-11,AVENIDA PRESIDENTE VARGAS,500,,DONA TUNICA,35661-000,DIESEL,16/01/2023,6.37,,R$ / litro,VIBRA ENERGIA,2023-11-21
SE,MG,PARA DE MINAS,AUTO POSTO IRMAOS MELGACO LTDA,08.538.103/0001-11,AVENIDA PRESIDENTE VARGAS,500,,DONA TUNICA,35661-000,GASOLINA,16/01/2023,4.89,,R$ / litro,VIBRA ENERGIA,2023-11-21
SE,MG,PARA DE MINAS,AUTO POSTO IRMAOS MELGACO LTDA,08.538.103/0001-11,AVENIDA PRESIDENTE VARGAS,500,,DONA TUNICA,35661-000,ETANOL,16/01/2023,3.87,,R$ / litro,VIBRA ENERGIA,2023-11-21
SE,MG,PARA DE MINAS,AUTO POSTO IRMAOS MELGACO LTDA,08.538.103/0001-11,AVENIDA PRESIDENTE VARGAS,500,,DONA TUNICA,35661-000,DIESEL S10,16/01/2023,6.47,,R$ / litro,VIBRA ENERGIA,2023-11-21
SE,MG,PARA DE MINAS,AUTO POSTO MR LTDA,05.835.706/0001-97,AVENIDA PROFESSOR MELLO CANCADO,521,,SAO JOSE,35660-573,ETANOL,16/01/2023,4.09,,R$ / litro,IPIRANGA,2023-11-21
SE,MG,PARA DE MINAS,AUTO POSTO MR LTDA,05.835.706/0001-97,AVENIDA PROFESSOR MELLO CANCADO,521,,SAO JOSE,35660-573,DIESEL S10,16/01/2023,6.89,,R$ / litro,IPIRANGA,2023-11-21
SE,MG,PARA DE MINAS,AUTO POSTO MR LTDA,05.835.706/0001-97,AVENIDA PROFESSOR MELLO CANCADO,521,,SAO JOSE,35660-573,DIESEL,16/01/2023,6.69,,R$ / litro,IPIRANGA,2023-11-21
SE,MG,PARA DE MINAS,AUTO POSTO MR LTDA,05.835.706/0001-97,AVENIDA PROFESSOR MELLO CANCADO,521,,SAO JOSE,35660-573,GASOLINA ADITIVADA,16/01/2023,5.09,,R$ / litro,IPIRANGA,2023-11-21
SE,MG,PARA DE MINAS,AUTO POSTO MR LTDA,05.835.706/0001-97,AVENIDA PROFESSOR MELLO CANCADO,521,,SAO JOSE,35660-573,GASOLINA,16/01/2023,4.99,,R$ / litro,IPIRANGA,2023-11-21
SE,MG,PARA DE MINAS,AUTO POSTO ALMEIDA LTDA,19.657.402/0002-72,AVENIDA PRESIDENTE VARGAS,140,,CENTRO,35661-000,ETANOL,16/01/2023,4.09,,R$ / litro,RAIZEN,2023-11-21
SE,MG,PARA DE MINAS,AUTO POSTO ALMEIDA LTDA,19.657.402/0002-72,AVENIDA PRESIDENTE VARGAS,140,,CENTRO,35661-000,DIESEL,16/01/2023,6.53,,R$ / litro,RAIZEN,2023-11-21
SE,MG,PARA DE MINAS,AUTO POSTO ALMEIDA LTDA,19.657.402/0002-72,AVENIDA PRESIDENTE VARGAS,140,,CENTRO,35661-000,GASOLINA ADITIVADA,16/01/2023,5.34,,R$ / litro,RAIZEN,2023-11-21
SE,MG,PARA DE MINAS,AUTO POSTO ALMEIDA LTDA,19.657.402/0002-72,AVENIDA PRESIDENTE VARGAS,140,,CENTRO,35661-000,GASOLINA,16/01/2023,5.09,,R$ / litro,RAIZEN,2023-11-21
SE,MG,PARA DE MINAS,POSTO J H S LTDA,04.510.593/0001-97,RUA JOAO DO NETO,220,POSTO,CENTRO,35660-043,ETANOL,16/01/2023,3.55,,R$ / litro,ALESAT,2023-11-21
SE,MG,PARA DE MINAS,POSTO J H S LTDA,04.510.593/0001-97,RUA JOAO DO NETO,220,POSTO,CENTRO,35660-043,GASOLINA ADITIVADA,16/01/2023,5.21,,R$ / litro,ALESAT,2023-11-21
SE,MG,PARA DE MINAS,POSTO J H S LTDA,04.510.593/0001-97,RUA JOAO DO NETO,220,POSTO,CENTRO,35660-043,GASOLINA,16/01/2023,4.69,,R$ / litro,ALESAT,2023-11-21
SE,MG,PARA DE MINAS,SOC. COMERCIAL IRMAOS RODRIGUES LTDA,21.474.382/0001-65,AVENIDA OVIDIO DE ABREU,786,0,BELVEDERE,35661-230,ETANOL,16/01/2023,4.09,,R$ / litro,RAIZEN,2023-11-21
SE,MG,PARA DE MINAS,SOC. COMERCIAL IRMAOS RODRIGUES LTDA,21.474.382/0001-65,AVENIDA OVIDIO DE ABREU,786,0,BELVEDERE,35661-230,DIESEL,16/01/2023,6.53,,R$ / litro,RAIZEN,2023-11-21
SE,MG,PARA DE MINAS,SOC. COMERCIAL IRMAOS RODRIGUES LTDA,21.474.382/0001-65,AVENIDA OVIDIO DE ABREU,786,0,BELVEDERE,35661-230,GASOLINA ADITIVADA,16/01/2023,5.34,,R$ / litro,RAIZEN,2023-11-21
SE,MG,PARA DE MINAS,SOC. COMERCIAL IRMAOS RODRIGUES LTDA,21.474.382/0001-65,AVENIDA OVIDIO DE ABREU,786,0,BELVEDERE,35661-230,GASOLINA,16/01/2023,5.09,,R$ / litro,RAIZEN,2023-11-21
SE,MG,PARA DE MINAS,POSTO MINAS GERAIS PARA LTDA,01.569.818/0001-92,AVENIDA OVIDIO DE ABREU,16,,VILA LARA,35660-970,ETANOL,16/01/2023,3.53,,R$ / litro,BRANCA,2023-11-21
SE,MG,PARA DE MINAS,POSTO MINAS GERAIS PARA LTDA,01.569.818/0001-92,AVENIDA OVIDIO DE ABREU,16,,VILA LARA,35660-970,DIESEL S10,16/01/2023,6.49,,R$ / litro,BRANCA,2023-11-21
SE,MG,PARA DE MINAS,POSTO MINAS GERAIS PARA LTDA,01.569.818/0001-92,AVENIDA OVIDIO DE ABREU,16,,VILA LARA,35660-970,DIESEL,16/01/2023,6.39,,R$ / litro,BRANCA,2023-11-21
SE,MG,PARA DE MINAS,POSTO MINAS GERAIS PARA LTDA,01.569.818/0001-92,AVENIDA OVIDIO DE ABREU,16,,VILA LARA,35660-970,GASOLINA ADITIVADA,16/01/2023,4.75,,R$ / litro,BRANCA,2023-11-21
SE,MG,PARA DE MINAS,POSTO MINAS GERAIS PARA LTDA,01.569.818/0001-92,AVENIDA OVIDIO DE ABREU,16,,VILA LARA,35660-970,GASOLINA,16/01/2023,4.65,,R$ / litro,BRANCA,2023-11-21
SE,MG,PARA DE MINAS,AUTO POSTO ALMEIDA LTDA,19.657.402/0001-91,AVENIDA PRESIDENTE VARGAS,892,,SAO FRANCISCO,35661-000,ETANOL,16/01/2023,4.09,,R$ / litro,RAIZEN,2023-11-21
SE,MG,PARA DE MINAS,AUTO POSTO ALMEIDA LTDA,19.657.402/0001-91,AVENIDA PRESIDENTE VARGAS,892,,SAO FRANCISCO,35661-000,DIESEL S10,16/01/2023,6.63,,R$ / litro,RAIZEN,2023-11-21
SE,MG,PARA DE MINAS,AUTO POSTO ALMEIDA LTDA,19.657.402/0001-91,AVENIDA PRESIDENTE VARGAS,892,,SAO FRANCISCO,35661-000,DIESEL,16/01/2023,6.53,,R$ / litro,RAIZEN,2023-11-21
SE,MG,PARA DE MINAS,AUTO POSTO ALMEIDA LTDA,19.657.402/0001-91,AVENIDA PRESIDENTE VARGAS,892,,SAO FRANCISCO,35661-000,GASOLINA ADITIVADA,16/01/2023,5.34,,R$ / litro,RAIZEN,2023-11-21
SE,MG,PARA DE MINAS,AUTO POSTO ALMEIDA LTDA,19.657.402/0001-91,AVENIDA PRESIDENTE VARGAS,892,,SAO FRANCISCO,35661-000,GASOLINA,16/01/2023,5.09,,R$ / litro,RAIZEN,2023-11-21
SE,MG,PASSOS,POSTO RODA BRANCA LTDA,05.346.656/0001-84,AVENIDA JUCA STOCKLER,1973,,JARDIM DA TEKA,37901-506,ETANOL,19/01/2023,3.99,,R$ / litro,IPIRANGA,2023-11-21
SE,MG,PASSOS,POSTO RODA BRANCA LTDA,05.346.656/0001-84,AVENIDA JUCA STOCKLER,1973,,JARDIM DA TEKA,37901-506,DIESEL S10,19/01/2023,6.49,,R$ / litro,IPIRANGA,2023-11-21
SE,MG,PASSOS,POSTO RODA BRANCA LTDA,05.346.656/0001-84,AVENIDA JUCA STOCKLER,1973,,JARDIM DA TEKA,37901-506,DIESEL,19/01/2023,6.39,,R$ / litro,IPIRANGA,2023-11-21
SE,MG,PASSOS,POSTO RODA BRANCA LTDA,05.346.656/0001-84,AVENIDA JUCA STOCKLER,1973,,JARDIM DA TEKA,37901-506,GASOLINA,19/01/2023,5.19,,R$ / litro,IPIRANGA,2023-11-21
SE,MG,PASSOS,AUTO POSTO ARUANA LTDA,07.519.129/0001-50,RUA PARATI,2203,,RECANTO DA HARMONIA,37900-013,ETANOL,19/01/2023,3.75,,R$ / litro,VIBRA ENERGIA,2023-11-21
SE,MG,PASSOS,AUTO POSTO ARUANA LTDA,07.519.129/0001-50,RUA PARATI,2203,,RECANTO DA HARMONIA,37900-013,DIESEL S10,19/01/2023,6.49,,R$ / litro,VIBRA ENERGIA,2023-11-21
SE,MG,PASSOS,AUTO POSTO ARUANA LTDA,07.519.129/0001-50,RUA PARATI,2203,,RECANTO DA HARMONIA,37900-013,DIESEL,19/01/2023,6.39,,R$ / litro,VIBRA ENERGIA,2023-11-21
SE,MG,PASSOS,AUTO POSTO ARUANA LTDA,07.519.129/0001-50,RUA PARATI,2203,,RECANTO DA HARMONIA,37900-013,GASOLINA,19/01/2023,4.85,,R$ / litro,VIBRA ENERGIA,2023-11-21
SE,MG,PASSOS,POSTO CARRAO LTDA,05.959.164/0001-64,RUA FORMOSA,178,,CENTRO,37900-072,ETANOL,19/01/2023,3.99,,R$ / litro,VIBRA ENERGIA,2023-11-21
SE,MG,PASSOS,POSTO CARRAO LTDA,05.959.164/0001-64,RUA FORMOSA,178,,CENTRO,37900-072,DIESEL S10,19/01/2023,6.99,,R$ / litro,VIBRA ENERGIA,2023-11-21
SE,MG,PASSOS,POSTO CARRAO LTDA,05.959.164/0001-64,RUA FORMOSA,178,,CENTRO,37900-072,GASOLINA ADITIVADA,19/01/2023,5.15,,R$ / litro,VIBRA ENERGIA,2023-11-21
SE,MG,PASSOS,POSTO CARRAO LTDA,05.959.164/0001-64,RUA FORMOSA,178,,CENTRO,37900-072,GASOLINA,19/01/2023,4.99,,R$ / litro,VIBRA ENERGIA,2023-11-21
SE,MG,PASSOS,AUTO POSTO NOVO TOCANTINS LTDA,03.652.860/0001-06,RUA   TRES DE MAIO,56,,CENTRO,37900-124,ETANOL,19/01/2023,3.59,,R$ / litro,BRANCA,2023-11-21
SE,MG,PASSOS,AUTO POSTO NOVO TOCANTINS LTDA,03.652.860/0001-06,RUA   TRES DE MAIO,56,,CENTRO,37900-124,GASOLINA,19/01/2023,4.59,,R$ / litro,BRANCA,2023-11-21
SE,MG,PATOS DE MINAS,POSTO XANDO LTDA,02.577.006/0001-51,RUA BARAO DO RIO BRANCO,1515,,LAGOA GRANDE,38700-170,ETANOL,17/01/2023,3.99,,R$ / litro,BRANCA,2023-11-21
SE,MG,PATOS DE MINAS,POSTO XANDO LTDA,02.577.006/0001-51,RUA BARAO DO RIO BRANCO,1515,,LAGOA GRANDE,38700-170,DIESEL S10,17/01/2023,6.39,,R$ / litro,BRANCA,2023-11-21
SE,MG,PATOS DE MINAS,POSTO XANDO LTDA,02.577.006/0001-51,RUA BARAO DO RIO BRANCO,1515,,LAGOA GRANDE,38700-170,DIESEL,17/01/2023,6.29,,R$ / litro,BRANCA,2023-11-21
SE,MG,PATOS DE MINAS,POSTO XANDO LTDA,02.577.006/0001-51,RUA BARAO DO RIO BRANCO,1515,,LAGOA GRANDE,38700-170,GASOLINA ADITIVADA,17/01/2023,5.09,,R$ / litro,BRANCA,2023-11-21
SE,MG,PATOS DE MINAS,POSTO XANDO LTDA,02.577.006/0001-51,RUA BARAO DO RIO BRANCO,1515,,LAGOA GRANDE,38700-170,GASOLINA,17/01/2023,4.99,,R$ / litro,BRANCA,2023-11-21
SE,MG,PATOS DE MINAS,QUEIROZ DE MELO COMERCIO DE COMBUSTIVEIS LTDA,08.902.326/0001-16,RUA PONTO CHIC,224,,VILA GARCIA,38703-218,ETANOL,18/01/2023,3.69,,R$ / litro,BRANCA,2023-11-21
SE,MG,PATOS DE MINAS,QUEIROZ DE MELO COMERCIO DE COMBUSTIVEIS LTDA,08.902.326/0001-16,RUA PONTO CHIC,224,,VILA GARCIA,38703-218,DIESEL S10,18/01/2023,6.25,,R$ / litro,BRANCA,2023-11-21
SE,MG,PATOS DE MINAS,QUEIROZ DE MELO COMERCIO DE COMBUSTIVEIS LTDA,08.902.326/0001-16,RUA PONTO CHIC,224,,VILA GARCIA,38703-218,GASOLINA,18/01/2023,4.79,,R$ / litro,BRANCA,2023-11-21
SE,MG,PATOS DE MINAS,PETRORAÇA COMBUSTÍVEIS LTDA.,07.559.158/0001-45,RUA DONA LUIZA,1185,,LAGOA GRANDE,38700-164,ETANOL,17/01/2023,3.75,,R$ / litro,BRANCA,2023-11-21
SE,MG,PATOS DE MINAS,PETRORAÇA COMBUSTÍVEIS LTDA.,07.559.158/0001-45,RUA DONA LUIZA,1185,,LAGOA GRANDE,38700-164,DIESEL S10,17/01/2023,6.05,,R$ / litro,BRANCA,2023-11-21
SE,MG,PATOS DE MINAS,PETRORAÇA COMBUSTÍVEIS LTDA.,07.559.158/0001-45,RUA DONA LUIZA,1185,,LAGOA GRANDE,38700-164,DIESEL,17/01/2023,5.98,,R$ / litro,BRANCA,2023-11-21
SE,MG,PATOS DE MINAS,PETRORAÇA COMBUSTÍVEIS LTDA.,07.559.158/0001-45,RUA DONA LUIZA,1185,,LAGOA GRANDE,38700-164,GASOLINA ADITIVADA,17/01/2023,4.91,,R$ / litro,BRANCA,2023-11-21
SE,MG,PATOS DE MINAS,PETRORAÇA COMBUSTÍVEIS LTDA.,07.559.158/0001-45,RUA DONA LUIZA,1185,,LAGOA GRANDE,38700-164,GASOLINA,17/01/2023,4.91,,R$ / litro,BRANCA,2023-11-21
SE,MG,PATOS DE MINAS,AUTO POSTO MARABA LTDA.,04.997.765/0001-07,AVENIDA MARABA,116,,ALTO CAICARAS,38702-192,ETANOL,18/01/2023,3.63,,R$ / litro,ALESAT,2023-11-21
SE,MG,PATOS DE MINAS,AUTO POSTO MARABA LTDA.,04.997.765/0001-07,AVENIDA MARABA,116,,ALTO CAICARAS,38702-192,DIESEL S10,18/01/2023,6.17,,R$ / litro,ALESAT,2023-11-21
SE,MG,PATOS DE MINAS,AUTO POSTO MARABA LTDA.,04.997.765/0001-07,AVENIDA MARABA,116,,ALTO CAICARAS,38702-192,DIESEL,18/01/2023,6.09,,R$ / litro,ALESAT,2023-11-21
SE,MG,PATOS DE MINAS,AUTO POSTO MARABA LTDA.,04.997.765/0001-07,AVENIDA MARABA,116,,ALTO CAICARAS,38702-192,GASOLINA,18/01/2023,4.71,,R$ / litro,ALESAT,2023-11-21
SE,MG,PATOS DE MINAS,COIMBRA E GOMES LTDA,02.036.182/0001-86,RUA PADRE CALDEIRA,209,,CENTRO,38700-044,ETANOL,18/01/2023,3.99,,R$ / litro,RAIZEN,2023-11-21
SE,MG,PATOS DE MINAS,COIMBRA E GOMES LTDA,02.036.182/0001-86,RUA PADRE CALDEIRA,209,,CENTRO,38700-044,DIESEL S10,18/01/2023,6.39,,R$ / litro,RAIZEN,2023-11-21
SE,MG,PATOS DE MINAS,COIMBRA E GOMES LTDA,02.036.182/0001-86,RUA PADRE CALDEIRA,209,,CENTRO,38700-044,GASOLINA ADITIVADA,18/01/2023,5.19,,R$ / litro,RAIZEN,2023-11-21
SE,MG,PATOS DE MINAS,COIMBRA E GOMES LTDA,02.036.182/0001-86,RUA PADRE CALDEIRA,209,,CENTRO,38700-044,GASOLINA,18/01/2023,4.99,,R$ / litro,RAIZEN,2023-11-21
SE,MG,PATOS DE MINAS,PARQUE AUTO POSTO LTDA,05.385.747/0001-29,AVENIDA MARABA,525,,ALTO DOS CAICARAS,38703-236,ETANOL,18/01/2023,3.64,,R$ / litro,BRANCA,2023-11-21
SE,MG,PATOS DE MINAS,PARQUE AUTO POSTO LTDA,05.385.747/0001-29,AVENIDA MARABA,525,,ALTO DOS CAICARAS,38703-236,DIESEL S10,18/01/2023,6.14,,R$ / litro,BRANCA,2023-11-21
SE,MG,PATOS DE MINAS,PARQUE AUTO POSTO LTDA,05.385.747/0001-29,AVENIDA MARABA,525,,ALTO DOS CAICARAS,38703-236,GASOLINA,18/01/2023,4.71,,R$ / litro,BRANCA,2023-11-21
SE,MG,PATOS DE MINAS,PIT STOP ABASTECIMENTOS LTDA,02.593.278/0001-45,PRACA NOSSA SENHORA DE FATIMA,50,,ROSARIO,38701-026,ETANOL,18/01/2023,3.88,,R$ / litro,VIBRA ENERGIA,2023-11-21
SE,MG,PATOS DE MINAS,PIT STOP ABASTECIMENTOS LTDA,02.593.278/0001-45,PRACA NOSSA SENHORA DE FATIMA,50,,ROSARIO,38701-026,DIESEL S10,18/01/2023,6.18,,R$ / litro,VIBRA ENERGIA,2023-11-21
SE,MG,PATOS DE MINAS,PIT STOP ABASTECIMENTOS LTDA,02.593.278/0001-45,PRACA NOSSA SENHORA DE FATIMA,50,,ROSARIO,38701-026,GASOLINA ADITIVADA,18/01/2023,4.98,,R$ / litro,VIBRA ENERGIA,2023-11-21
SE,MG,PATOS DE MINAS,PIT STOP ABASTECIMENTOS LTDA,02.593.278/0001-45,PRACA NOSSA SENHORA DE FATIMA,50,,ROSARIO,38701-026,GASOLINA,18/01/2023,4.98,,R$ / litro,VIBRA ENERGIA,2023-11-21
SE,MG,PATOS DE MINAS,POSTOS ALPA LTDA,02.234.943/0007-08,RUA D. LUIZA,1701,,CRISTO REDENTOR,38700-062,ETANOL,17/01/2023,4.09,,R$ / litro,RAIZEN,2023-11-21
SE,MG,PATOS DE MINAS,POSTOS ALPA LTDA,02.234.943/0007-08,RUA D. LUIZA,1701,,CRISTO REDENTOR,38700-062,DIESEL S10,17/01/2023,6.19,,R$ / litro,RAIZEN,2023-11-21
SE,MG,PATOS DE MINAS,POSTOS ALPA LTDA,02.234.943/0007-08,RUA D. LUIZA,1701,,CRISTO REDENTOR,38700-062,DIESEL,17/01/2023,6.09,,R$ / litro,RAIZEN,2023-11-21
SE,MG,PATOS DE MINAS,POSTOS ALPA LTDA,02.234.943/0007-08,RUA D. LUIZA,1701,,CRISTO REDENTOR,38700-062,GASOLINA ADITIVADA,17/01/2023,5.29,,R$ / litro,RAIZEN,2023-11-21
SE,MG,PATOS DE MINAS,POSTOS ALPA LTDA,02.234.943/0007-08,RUA D. LUIZA,1701,,CRISTO REDENTOR,38700-062,GASOLINA,17/01/2023,4.99,,R$ / litro,RAIZEN,2023-11-21
SE,MG,PATOS DE MINAS,POSTOS ALPA LTDA,02.234.943/0009-61,RUA PARA,322,,CONEGO GETULIO,38700-001,ETANOL,17/01/2023,4.09,,R$ / litro,RAIZEN,2023-11-21
SE,MG,PATOS DE MINAS,POSTOS ALPA LTDA,02.234.943/0009-61,RUA PARA,322,,CONEGO GETULIO,38700-001,DIESEL S10,17/01/2023,6.34,,R$ / litro,RAIZEN,2023-11-21
SE,MG,PATOS DE MINAS,POSTOS ALPA LTDA,02.234.943/0009-61,RUA PARA,322,,CONEGO GETULIO,38700-001,GASOLINA ADITIVADA,17/01/2023,5.29,,R$ / litro,RAIZEN,2023-11-21
SE,MG,PATOS DE MINAS,POSTOS ALPA LTDA,02.234.943/0009-61,RUA PARA,322,,CONEGO GETULIO,38700-001,GASOLINA,17/01/2023,4.99,,R$ / litro,RAIZEN,2023-11-21
SE,MG,POCOS DE CALDAS,AUTO POSTO DIOGO & SILVA LTDA.,08.777.883/0001-52,AVENIDA VEREADOR EDMUNDO CARDILLO,56,,PARQUE VIVALDI LEITE RIBEIRO,37706-106,ETANOL,18/01/2023,3.79,,R$ / litro,BRANCA,2023-11-21
SE,MG,POCOS DE CALDAS,AUTO POSTO DIOGO & SILVA LTDA.,08.777.883/0001-52,AVENIDA VEREADOR EDMUNDO CARDILLO,56,,PARQUE VIVALDI LEITE RIBEIRO,37706-106,DIESEL S10,18/01/2023,6.09,,R$ / litro,BRANCA,2023-11-21
SE,MG,POCOS DE CALDAS,AUTO POSTO DIOGO & SILVA LTDA.,08.777.883/0001-52,AVENIDA VEREADOR EDMUNDO CARDILLO,56,,PARQUE VIVALDI LEITE RIBEIRO,37706-106,DIESEL,18/01/2023,5.99,,R$ / litro,BRANCA,2023-11-21
SE,MG,POCOS DE CALDAS,AUTO POSTO DIOGO & SILVA LTDA.,08.777.883/0001-52,AVENIDA VEREADOR EDMUNDO CARDILLO,56,,PARQUE VIVALDI LEITE RIBEIRO,37706-106,GASOLINA ADITIVADA,18/01/2023,4.89,,R$ / litro,BRANCA,2023-11-21
SE,MG,POCOS DE CALDAS,AUTO POSTO DIOGO & SILVA LTDA.,08.777.883/0001-52,AVENIDA VEREADOR EDMUNDO CARDILLO,56,,PARQUE VIVALDI LEITE RIBEIRO,37706-106,GASOLINA,18/01/2023,4.89,,R$ / litro,BRANCA,2023-11-21
SE,MG,POCOS DE CALDAS,AUTO POSTO REKAR LTDA.,07.341.138/0001-01,RUA CEL. VIRIGILIO SILVA,1578,,VILA NOVA,37701-103,ETANOL,18/01/2023,3.79,,R$ / litro,IPIRANGA,2023-11-21
SE,MG,POCOS DE CALDAS,AUTO POSTO REKAR LTDA.,07.341.138/0001-01,RUA CEL. VIRIGILIO SILVA,1578,,VILA NOVA,37701-103,DIESEL,18/01/2023,6.49,,R$ / litro,IPIRANGA,2023-11-21
SE,MG,POCOS DE CALDAS,AUTO POSTO REKAR LTDA.,07.341.138/0001-01,RUA CEL. VIRIGILIO SILVA,1578,,VILA NOVA,37701-103,GASOLINA ADITIVADA,18/01/2023,5.19,,R$ / litro,IPIRANGA,2023-11-21
SE,MG,POCOS DE CALDAS,AUTO POSTO REKAR LTDA.,07.341.138/0001-01,RUA CEL. VIRIGILIO SILVA,1578,,VILA NOVA,37701-103,GASOLINA,18/01/2023,4.89,,R$ / litro,IPIRANGA,2023-11-21
SE,MG,POCOS DE CALDAS,MANTOVANI & MANTOVANI 1 LTDA,07.543.490/0001-11,AVENIDA JOAO PINHEIRO,5638,,BORTOLAN NORTE I,37704-392,ETANOL,18/01/2023,3.79,,R$ / litro,VIBRA ENERGIA,2023-11-21
SE,MG,POCOS DE CALDAS,MANTOVANI & MANTOVANI 1 LTDA,07.543.490/0001-11,AVENIDA JOAO PINHEIRO,5638,,BORTOLAN NORTE I,37704-392,DIESEL S10,18/01/2023,6.29,,R$ / litro,VIBRA ENERGIA,2023-11-21
SE,MG,POCOS DE CALDAS,MANTOVANI & MANTOVANI 1 LTDA,07.543.490/0001-11,AVENIDA JOAO PINHEIRO,5638,,BORTOLAN NORTE I,37704-392,DIESEL,18/01/2023,6.19,,R$ / litro,VIBRA ENERGIA,2023-11-21
SE,MG,POCOS DE CALDAS,MANTOVANI & MANTOVANI 1 LTDA,07.543.490/0001-11,AVENIDA JOAO PINHEIRO,5638,,BORTOLAN NORTE I,37704-392,GASOLINA ADITIVADA,18/01/2023,4.99,,R$ / litro,VIBRA ENERGIA,2023-11-21
SE,MG,POCOS DE CALDAS,MANTOVANI & MANTOVANI 1 LTDA,07.543.490/0001-11,AVENIDA JOAO PINHEIRO,5638,,BORTOLAN NORTE I,37704-392,GASOLINA,18/01/2023,4.79,,R$ / litro,VIBRA ENERGIA,2023-11-21
SE,MG,POCOS DE CALDAS,INFANTE & PATRICIO LTDA,21.385.968/0002-34,AVENIDA SANTO ANTONIO,497,,CASCATINHA,37701-036,ETANOL,18/01/2023,3.59,,R$ / litro,IPIRANGA,2023-11-21
SE,MG,POCOS DE CALDAS,INFANTE & PATRICIO LTDA,21.385.968/0002-34,AVENIDA SANTO ANTONIO,497,,CASCATINHA,37701-036,DIESEL S10,18/01/2023,6.09,,R$ / litro,IPIRANGA,2023-11-21
SE,MG,POCOS DE CALDAS,INFANTE & PATRICIO LTDA,21.385.968/0002-34,AVENIDA SANTO ANTONIO,497,,CASCATINHA,37701-036,DIESEL,18/01/2023,5.99,,R$ / litro,IPIRANGA,2023-11-21
SE,MG,POCOS DE CALDAS,INFANTE & PATRICIO LTDA,21.385.968/0002-34,AVENIDA SANTO ANTONIO,497,,CASCATINHA,37701-036,GASOLINA ADITIVADA,18/01/2023,4.79,,R$ / litro,IPIRANGA,2023-11-21
SE,MG,POCOS DE CALDAS,INFANTE & PATRICIO LTDA,21.385.968/0002-34,AVENIDA SANTO ANTONIO,497,,CASCATINHA,37701-036,GASOLINA,18/01/2023,4.69,,R$ / litro,IPIRANGA,2023-11-21
SE,MG,POCOS DE CALDAS,MANTOVANI & MANTOVANI JOAO PINHEIRO 2 LTDA,02.327.487/0001-47,AVENIDA JOAO PINHEIRO,1248,,JOAO PINHEIRO,37701-387,ETANOL,18/01/2023,3.58,,R$ / litro,BRANCA,2023-11-21
SE,MG,POCOS DE CALDAS,MANTOVANI & MANTOVANI JOAO PINHEIRO 2 LTDA,02.327.487/0001-47,AVENIDA JOAO PINHEIRO,1248,,JOAO PINHEIRO,37701-387,DIESEL S10,18/01/2023,6.49,,R$ / litro,BRANCA,2023-11-21
SE,MG,POCOS DE CALDAS,MANTOVANI & MANTOVANI JOAO PINHEIRO 2 LTDA,02.327.487/0001-47,AVENIDA JOAO PINHEIRO,1248,,JOAO PINHEIRO,37701-387,DIESEL,18/01/2023,6.39,,R$ / litro,BRANCA,2023-11-21
SE,MG,POCOS DE CALDAS,MANTOVANI & MANTOVANI JOAO PINHEIRO 2 LTDA,02.327.487/0001-47,AVENIDA JOAO PINHEIRO,1248,,JOAO PINHEIRO,37701-387,GASOLINA,18/01/2023,4.68,,R$ / litro,BRANCA,2023-11-21
SE,MG,POCOS DE CALDAS,AUTO POSTO PETROMINAS LTDA,00.389.962/0001-84,AVENIDA JOAO PINHEIRO,216,,CENTRO,37701-387,ETANOL,18/01/2023,3.68,,R$ / litro,VIBRA ENERGIA,2023-11-21
SE,MG,POCOS DE CALDAS,AUTO POSTO PETROMINAS LTDA,00.389.962/0001-84,AVENIDA JOAO PINHEIRO,216,,CENTRO,37701-387,GASOLINA ADITIVADA,18/01/2023,4.65,,R$ / litro,VIBRA ENERGIA,2023-11-21
SE,MG,POCOS DE CALDAS,AUTO POSTO PETROMINAS LTDA,00.389.962/0001-84,AVENIDA JOAO PINHEIRO,216,,CENTRO,37701-387,GASOLINA,18/01/2023,4.65,,R$ / litro,VIBRA ENERGIA,2023-11-21
SE,MG,POUSO ALEGRE,POSTO CRUZ ALTA LTDA,06.026.707/0001-53,RODOVIA FERNAO DIAS,S/N,BR 381              KM    867 E 050 METROS          PISTA NORTE,CRUZ ALTA,37561-899,DIESEL S10,20/01/2023,6.09,,R$ / litro,VIBRA ENERGIA,2023-11-21
SE,MG,POUSO ALEGRE,POSTO CRUZ ALTA LTDA,06.026.707/0001-53,RODOVIA FERNAO DIAS,S/N,BR 381              KM    867 E 050 METROS          PISTA NORTE,CRUZ ALTA,37561-899,DIESEL,20/01/2023,5.99,,R$ / litro,VIBRA ENERGIA,2023-11-21
SE,MG,POUSO ALEGRE,POSTO CRUZ ALTA LTDA,06.026.707/0001-53,RODOVIA FERNAO DIAS,S/N,BR 381              KM    867 E 050 METROS          PISTA NORTE,CRUZ ALTA,37561-899,GASOLINA,20/01/2023,4.99,,R$ / litro,VIBRA ENERGIA,2023-11-21
SE,MG,POUSO ALEGRE,POSTO SERVSUL LTDA,66.317.835/0001-88,RODOVIA FERNAO DIAS,SN,KM: 870.7;,CRUZ ALTA,37550-001,ETANOL,20/01/2023,3.99,,R$ / litro,VIBRA ENERGIA,2023-11-21
SE,MG,POUSO ALEGRE,POSTO SERVSUL LTDA,66.317.835/0001-88,RODOVIA FERNAO DIAS,SN,KM: 870.7;,CRUZ ALTA,37550-001,DIESEL S10,20/01/2023,6.19,,R$ / litro,VIBRA ENERGIA,2023-11-21
SE,MG,POUSO ALEGRE,POSTO SERVSUL LTDA,66.317.835/0001-88,RODOVIA FERNAO DIAS,SN,KM: 870.7;,CRUZ ALTA,37550-001,DIESEL,20/01/2023,6.09,,R$ / litro,VIBRA ENERGIA,2023-11-21
SE,MG,POUSO ALEGRE,POSTO SERVSUL LTDA,66.317.835/0001-88,RODOVIA FERNAO DIAS,SN,KM: 870.7;,CRUZ ALTA,37550-001,GASOLINA ADITIVADA,20/01/2023,5.09,,R$ / litro,VIBRA ENERGIA,2023-11-21
SE,MG,POUSO ALEGRE,POSTO SERVSUL LTDA,66.317.835/0001-88,RODOVIA FERNAO DIAS,SN,KM: 870.7;,CRUZ ALTA,37550-001,GASOLINA,20/01/2023,4.99,,R$ / litro,VIBRA ENERGIA,2023-11-21
SE,MG,SAO JOAO DEL REI,ORGANIZACOES TEXAS LTDA,00.786.662/0001-39,PRACA DOS EXPEDICIONARIOS,11,,CENTRO,36307-370,GASOLINA,18/01/2023,4.93,,R$ / litro,RAIZEN,2023-11-21
SE,MG,SAO JOAO DEL REI,ORGANIZACOES TEXAS LTDA,00.786.662/0001-39,PRACA DOS EXPEDICIONARIOS,11,,CENTRO,36307-370,ETANOL,18/01/2023,3.88,,R$ / litro,RAIZEN,2023-11-21
SE,MG,SAO JOAO DEL REI,ORGANIZACOES TEXAS LTDA,00.786.662/0001-39,PRACA DOS EXPEDICIONARIOS,11,,CENTRO,36307-370,GASOLINA ADITIVADA,18/01/2023,5.33,,R$ / litro,RAIZEN,2023-11-21
SE,MG,SAO JOAO DEL REI,PAIVA & PAIVA COMBUSTÍVEL SAOJOANENSE LTDA.,07.304.262/0001-99,AVENIDA JOSUÉ DE QUEIROZ,1619,,MATOSINHOS,36305-144,ETANOL,18/01/2023,3.89,,R$ / litro,BRANCA,2023-11-21
SE,MG,SAO JOAO DEL REI,PAIVA & PAIVA COMBUSTÍVEL SAOJOANENSE LTDA.,07.304.262/0001-99,AVENIDA JOSUÉ DE QUEIROZ,1619,,MATOSINHOS,36305-144,DIESEL S10,18/01/2023,6.19,,R$ / litro,BRANCA,2023-11-21
SE,MG,SAO JOAO DEL REI,PAIVA & PAIVA COMBUSTÍVEL SAOJOANENSE LTDA.,07.304.262/0001-99,AVENIDA JOSUÉ DE QUEIROZ,1619,,MATOSINHOS,36305-144,DIESEL,18/01/2023,6.09,,R$ / litro,BRANCA,2023-11-21
SE,MG,SAO JOAO DEL REI,PAIVA & PAIVA COMBUSTÍVEL SAOJOANENSE LTDA.,07.304.262/0001-99,AVENIDA JOSUÉ DE QUEIROZ,1619,,MATOSINHOS,36305-144,GASOLINA ADITIVADA,18/01/2023,4.85,,R$ / litro,BRANCA,2023-11-21
SE,MG,SAO JOAO DEL REI,PAIVA & PAIVA COMBUSTÍVEL SAOJOANENSE LTDA.,07.304.262/0001-99,AVENIDA JOSUÉ DE QUEIROZ,1619,,MATOSINHOS,36305-144,GASOLINA,18/01/2023,4.85,,R$ / litro,BRANCA,2023-11-21
SE,MG,SAO JOAO DEL REI,COMERCIO E DISTRIBUICAO SALES LTDA,05.418.619/0013-78,AVENIDA LEITE DE CASTRO,261,A,FABRICAS,36301-182,ETANOL,18/01/2023,3.69,,R$ / litro,BRANCA,2023-11-21
SE,MG,SAO JOAO DEL REI,COMERCIO E DISTRIBUICAO SALES LTDA,05.418.619/0013-78,AVENIDA LEITE DE CASTRO,261,A,FABRICAS,36301-182,DIESEL S10,18/01/2023,6.29,,R$ / litro,BRANCA,2023-11-21
SE,MG,SAO JOAO DEL REI,COMERCIO E DISTRIBUICAO SALES LTDA,05.418.619/0013-78,AVENIDA LEITE DE CASTRO,261,A,FABRICAS,36301-182,GASOLINA ADITIVADA,18/01/2023,4.98,,R$ / litro,BRANCA,2023-11-21
SE,MG,SAO JOAO DEL REI,COMERCIO E DISTRIBUICAO SALES LTDA,05.418.619/0013-78,AVENIDA LEITE DE CASTRO,261,A,FABRICAS,36301-182,GASOLINA,18/01/2023,4.89,,R$ / litro,BRANCA,2023-11-21
SE,MG,SAO JOAO DEL REI,MASTER COMERCIO DERIVADOS DE PETROLEO LTDA,01.372.378/0001-89,AVENIDA JOSUE DE QUEIROZ,563,,MATOSINHOS,36305-146,ETANOL,18/01/2023,4.33,,R$ / litro,IPIRANGA,2023-11-21
SE,MG,SAO JOAO DEL REI,MASTER COMERCIO DERIVADOS DE PETROLEO LTDA,01.372.378/0001-89,AVENIDA JOSUE DE QUEIROZ,563,,MATOSINHOS,36305-146,DIESEL S10,18/01/2023,6.43,,R$ / litro,IPIRANGA,2023-11-21
SE,MG,SAO JOAO DEL REI,MASTER COMERCIO DERIVADOS DE PETROLEO LTDA,01.372.378/0001-89,AVENIDA JOSUE DE QUEIROZ,563,,MATOSINHOS,36305-146,GASOLINA ADITIVADA,18/01/2023,5.38,,R$ / litro,IPIRANGA,2023-11-21
SE,MG,SAO JOAO DEL REI,MASTER COMERCIO DERIVADOS DE PETROLEO LTDA,01.372.378/0001-89,AVENIDA JOSUE DE QUEIROZ,563,,MATOSINHOS,36305-146,GASOLINA,18/01/2023,4.98,,R$ / litro,IPIRANGA,2023-11-21
SE,MG,SAO JOAO DEL REI,POSTO BARRA DEZ LTDA,05.014.395/0001-03,AVENIDA TRINTA E UM DE MARCO,860,,COLONIA DO MARCAL,36302-016,ETANOL,18/01/2023,3.89,,R$ / litro,ALESAT,2023-11-21
SE,MG,SAO JOAO DEL REI,POSTO BARRA DEZ LTDA,05.014.395/0001-03,AVENIDA TRINTA E UM DE MARCO,860,,COLONIA DO MARCAL,36302-016,DIESEL S10,18/01/2023,6.24,,R$ / litro,ALESAT,2023-11-21
SE,MG,SAO JOAO DEL REI,POSTO BARRA DEZ LTDA,05.014.395/0001-03,AVENIDA TRINTA E UM DE MARCO,860,,COLONIA DO MARCAL,36302-016,DIESEL,18/01/2023,6.14,,R$ / litro,ALESAT,2023-11-21
SE,MG,SAO JOAO DEL REI,POSTO BARRA DEZ LTDA,05.014.395/0001-03,AVENIDA TRINTA E UM DE MARCO,860,,COLONIA DO MARCAL,36302-016,GASOLINA,18/01/2023,4.93,,R$ / litro,ALESAT,2023-11-21
SE,MG,SAO JOAO DEL REI,POSTO SHARK LTDA,03.128.389/0001-43,RUA JESUS SILVA,445,,MATOSINHOS,36305-160,ETANOL,18/01/2023,3.69,,R$ / litro,BRANCA,2023-11-21
SE,MG,SAO JOAO DEL REI,POSTO SHARK LTDA,03.128.389/0001-43,RUA JESUS SILVA,445,,MATOSINHOS,36305-160,DIESEL S10,18/01/2023,6.29,,R$ / litro,BRANCA,2023-11-21
SE,MG,SAO JOAO DEL REI,POSTO SHARK LTDA,03.128.389/0001-43,RUA JESUS SILVA,445,,MATOSINHOS,36305-160,GASOLINA ADITIVADA,18/01/2023,4.98,,R$ / litro,BRANCA,2023-11-21
SE,MG,SAO JOAO DEL REI,POSTO SHARK LTDA,03.128.389/0001-43,RUA JESUS SILVA,445,,MATOSINHOS,36305-160,GASOLINA,18/01/2023,4.89,,R$ / litro,BRANCA,2023-11-21
SE,MG,SAO JOAO DEL REI,AUTO POSTO CANADA LTDA EPP,02.644.577/0001-61,AVENIDA 31 DE MARÇO,30,,COLONIA DO MARÇAL,36300-000,ETANOL,18/01/2023,4.18,,R$ / litro,ALESAT,2023-11-21
SE,MG,SAO JOAO DEL REI,AUTO POSTO CANADA LTDA EPP,02.644.577/0001-61,AVENIDA 31 DE MARÇO,30,,COLONIA DO MARÇAL,36300-000,DIESEL S10,18/01/2023,6.71,,R$ / litro,ALESAT,2023-11-21
SE,MG,SAO JOAO DEL REI,AUTO POSTO CANADA LTDA EPP,02.644.577/0001-61,AVENIDA 31 DE MARÇO,30,,COLONIA DO MARÇAL,36300-000,DIESEL,18/01/2023,6.6,,R$ / litro,ALESAT,2023-11-21
SE,MG,SAO JOAO DEL REI,AUTO POSTO CANADA LTDA EPP,02.644.577/0001-61,AVENIDA 31 DE MARÇO,30,,COLONIA DO MARÇAL,36300-000,GASOLINA,18/01/2023,5.2,,R$ / litro,ALESAT,2023-11-21
SE,MG,SAO JOAO DEL REI,MAXXI COMERCIO DE DERIVADOS DE PETROLEO LTDA,02.599.412/0001-15,RUA MARIA TERESA,111,,CENTRO,36300-195,ETANOL,18/01/2023,3.67,,R$ / litro,BRANCA,2023-11-21
SE,MG,SAO JOAO DEL REI,MAXXI COMERCIO DE DERIVADOS DE PETROLEO LTDA,02.599.412/0001-15,RUA MARIA TERESA,111,,CENTRO,36300-195,DIESEL S10,18/01/2023,6.27,,R$ / litro,BRANCA,2023-11-21
SE,MG,SAO JOAO DEL REI,MAXXI COMERCIO DE DERIVADOS DE PETROLEO LTDA,02.599.412/0001-15,RUA MARIA TERESA,111,,CENTRO,36300-195,GASOLINA ADITIVADA,18/01/2023,4.93,,R$ / litro,BRANCA,2023-11-21
SE,MG,SAO JOAO DEL REI,MAXXI COMERCIO DE DERIVADOS DE PETROLEO LTDA,02.599.412/0001-15,RUA MARIA TERESA,111,,CENTRO,36300-195,GASOLINA,18/01/2023,4.93,,R$ / litro,BRANCA,2023-11-21
SE,MG,SAO SEBASTIAO DO PARAISO,AUTO POSTO SAO JOSE LTDA,24.902.082/0001-28,RUA DR PLACIDINO BRIGAGAO,1440,,CENTRO,37950-000,ETANOL,17/01/2023,3.99,,R$ / litro,VIBRA ENERGIA,2023-11-21
SE,MG,SAO SEBASTIAO DO PARAISO,AUTO POSTO SAO JOSE LTDA,24.902.082/0001-28,RUA DR PLACIDINO BRIGAGAO,1440,,CENTRO,37950-000,DIESEL S10,17/01/2023,6.29,,R$ / litro,VIBRA ENERGIA,2023-11-21
SE,MG,SAO SEBASTIAO DO PARAISO,AUTO POSTO SAO JOSE LTDA,24.902.082/0001-28,RUA DR PLACIDINO BRIGAGAO,1440,,CENTRO,37950-000,DIESEL,17/01/2023,6.19,,R$ / litro,VIBRA ENERGIA,2023-11-21
SE,MG,SAO SEBASTIAO DO PARAISO,AUTO POSTO SAO JOSE LTDA,24.902.082/0001-28,RUA DR PLACIDINO BRIGAGAO,1440,,CENTRO,37950-000,GASOLINA,17/01/2023,5.29,,R$ / litro,VIBRA ENERGIA,2023-11-21
SE,MG,SAO SEBASTIAO DO PARAISO,JACARE AUTO POSTO LTDA,20.423.562/0001-55,AVENIDA OLIVEIRA REZENDE,1016,,CENTRO,37950-000,ETANOL,17/01/2023,3.99,,R$ / litro,IPIRANGA,2023-11-21
SE,MG,SAO SEBASTIAO DO PARAISO,JACARE AUTO POSTO LTDA,20.423.562/0001-55,AVENIDA OLIVEIRA REZENDE,1016,,CENTRO,37950-000,DIESEL S10,17/01/2023,6.46,,R$ / litro,IPIRANGA,2023-11-21
SE,MG,SAO SEBASTIAO DO PARAISO,JACARE AUTO POSTO LTDA,20.423.562/0001-55,AVENIDA OLIVEIRA REZENDE,1016,,CENTRO,37950-000,DIESEL,17/01/2023,6.34,,R$ / litro,IPIRANGA,2023-11-21
SE,MG,SAO SEBASTIAO DO PARAISO,JACARE AUTO POSTO LTDA,20.423.562/0001-55,AVENIDA OLIVEIRA REZENDE,1016,,CENTRO,37950-000,GASOLINA ADITIVADA,17/01/2023,5.4,,R$ / litro,IPIRANGA,2023-11-21
SE,MG,SAO SEBASTIAO DO PARAISO,JACARE AUTO POSTO LTDA,20.423.562/0001-55,AVENIDA OLIVEIRA REZENDE,1016,,CENTRO,37950-000,GASOLINA,17/01/2023,5.29,,R$ / litro,IPIRANGA,2023-11-21
SE,MG,SAO SEBASTIAO DO PARAISO,SAMAMBAIA AUTO POSTO LTDA,17.618.091/0001-26,AVENIDA MONSENHOR MANCINI,S/N,,VIDA DALVA,37950-000,ETANOL,17/01/2023,3.99,,R$ / litro,IPIRANGA,2023-11-21
SE,MG,SAO SEBASTIAO DO PARAISO,SAMAMBAIA AUTO POSTO LTDA,17.618.091/0001-26,AVENIDA MONSENHOR MANCINI,S/N,,VIDA DALVA,37950-000,DIESEL S10,17/01/2023,6.29,,R$ / litro,IPIRANGA,2023-11-21
SE,MG,SAO SEBASTIAO DO PARAISO,SAMAMBAIA AUTO POSTO LTDA,17.618.091/0001-26,AVENIDA MONSENHOR MANCINI,S/N,,VIDA DALVA,37950-000,DIESEL,17/01/2023,6.19,,R$ / litro,IPIRANGA,2023-11-21
SE,MG,SAO SEBASTIAO DO PARAISO,SAMAMBAIA AUTO POSTO LTDA,17.618.091/0001-26,AVENIDA MONSENHOR MANCINI,S/N,,VIDA DALVA,37950-000,GASOLINA ADITIVADA,17/01/2023,5.39,,R$ / litro,IPIRANGA,2023-11-21
SE,MG,SAO SEBASTIAO DO PARAISO,SAMAMBAIA AUTO POSTO LTDA,17.618.091/0001-26,AVENIDA MONSENHOR MANCINI,S/N,,VIDA DALVA,37950-000,GASOLINA,17/01/2023,5.29,,R$ / litro,IPIRANGA,2023-11-21
SE,MG,SETE LAGOAS,GNV IGAS LTDA,04.758.543/0001-23,RUA DR. SEBASTIAO MASCARENHAS,188,,SAO GERALDO,35700-176,ETANOL,16/01/2023,3.82,,R$ / litro,ALESAT,2023-11-21
SE,MG,SETE LAGOAS,GNV IGAS LTDA,04.758.543/0001-23,RUA DR. SEBASTIAO MASCARENHAS,188,,SAO GERALDO,35700-176,GASOLINA,16/01/2023,4.89,,R$ / litro,ALESAT,2023-11-21
SE,MG,SETE LAGOAS,GNV IGAS LTDA,04.758.543/0001-23,RUA DR. SEBASTIAO MASCARENHAS,188,,SAO GERALDO,35700-176,GNV,16/01/2023,4.85,,R$ / m³,ALESAT,2023-11-21
SE,MG,SETE LAGOAS,REDE SANTANA COMBUSTIVEIS E GNV SETE LAGOAS LTDA,04.305.250/0001-90,AVENIDA DR. RENATO AZEREDO,2299,,CHACARA DO PAIVA,35700-312,ETANOL,18/01/2023,3.82,,R$ / litro,BRANCA,2023-11-21
SE,MG,SETE LAGOAS,REDE SANTANA COMBUSTIVEIS E GNV SETE LAGOAS LTDA,04.305.250/0001-90,AVENIDA DR. RENATO AZEREDO,2299,,CHACARA DO PAIVA,35700-312,DIESEL S10,18/01/2023,6.04,,R$ / litro,BRANCA,2023-11-21
SE,MG,SETE LAGOAS,REDE SANTANA COMBUSTIVEIS E GNV SETE LAGOAS LTDA,04.305.250/0001-90,AVENIDA DR. RENATO AZEREDO,2299,,CHACARA DO PAIVA,35700-312,GASOLINA ADITIVADA,18/01/2023,4.93,,R$ / litro,BRANCA,2023-11-21
SE,MG,SETE LAGOAS,REDE SANTANA COMBUSTIVEIS E GNV SETE LAGOAS LTDA,04.305.250/0001-90,AVENIDA DR. RENATO AZEREDO,2299,,CHACARA DO PAIVA,35700-312,GASOLINA,18/01/2023,4.83,,R$ / litro,BRANCA,2023-11-21
SE,MG,SETE LAGOAS,REDE SANTANA COMBUSTIVEIS E GNV SETE LAGOAS LTDA,04.305.250/0001-90,AVENIDA DR. RENATO AZEREDO,2299,,CHACARA DO PAIVA,35700-312,GNV,18/01/2023,4.85,,R$ / m³,BRANCA,2023-11-21
SE,MG,SETE LAGOAS,AUTO POSTO SUPREMO LTDA,05.458.099/0001-93,AVENIDA JOSE SERVULO SOALHEIRO,628,,SAO PEDRO,35701-019,ETANOL,18/01/2023,3.99,,R$ / litro,VIBRA ENERGIA,2023-11-21
SE,MG,SETE LAGOAS,AUTO POSTO SUPREMO LTDA,05.458.099/0001-93,AVENIDA JOSE SERVULO SOALHEIRO,628,,SAO PEDRO,35701-019,DIESEL S10,18/01/2023,6.54,,R$ / litro,VIBRA ENERGIA,2023-11-21
SE,MG,SETE LAGOAS,AUTO POSTO SUPREMO LTDA,05.458.099/0001-93,AVENIDA JOSE SERVULO SOALHEIRO,628,,SAO PEDRO,35701-019,DIESEL,18/01/2023,6.5,,R$ / litro,VIBRA ENERGIA,2023-11-21
SE,MG,SETE LAGOAS,AUTO POSTO SUPREMO LTDA,05.458.099/0001-93,AVENIDA JOSE SERVULO SOALHEIRO,628,,SAO PEDRO,35701-019,GASOLINA,18/01/2023,4.99,,R$ / litro,VIBRA ENERGIA,2023-11-21
SE,MG,SETE LAGOAS,IRMAOS SILVA S/A,21.012.190/0022-61,RUA ANTONIO OLINTO,565,,CENTRO,35700-002,ETANOL,16/01/2023,4.09,,R$ / litro,RAIZEN,2023-11-21
SE,MG,SETE LAGOAS,IRMAOS SILVA S/A,21.012.190/0022-61,RUA ANTONIO OLINTO,565,,CENTRO,35700-002,DIESEL S10,16/01/2023,6.09,,R$ / litro,RAIZEN,2023-11-21
SE,MG,SETE LAGOAS,IRMAOS SILVA S/A,21.012.190/0022-61,RUA ANTONIO OLINTO,565,,CENTRO,35700-002,GASOLINA ADITIVADA,16/01/2023,4.89,,R$ / litro,RAIZEN,2023-11-21
SE,MG,SETE LAGOAS,IRMAOS SILVA S/A,21.012.190/0022-61,RUA ANTONIO OLINTO,565,,CENTRO,35700-002,GASOLINA,16/01/2023,4.89,,R$ / litro,RAIZEN,2023-11-21
SE,MG,SETE LAGOAS,AUTO POSTO DA SERRA LTDA,00.761.829/0001-07,RUA BENEDITO VALADARES,576,,CENTRO,35700-055,ETANOL,18/01/2023,3.65,,R$ / litro,BRANCA,2023-11-21
SE,MG,SETE LAGOAS,AUTO POSTO DA SERRA LTDA,00.761.829/0001-07,RUA BENEDITO VALADARES,576,,CENTRO,35700-055,DIESEL,18/01/2023,5.95,,R$ / litro,BRANCA,2023-11-21
SE,MG,SETE LAGOAS,AUTO POSTO DA SERRA LTDA,00.761.829/0001-07,RUA BENEDITO VALADARES,576,,CENTRO,35700-055,GASOLINA,18/01/2023,4.85,,R$ / litro,BRANCA,2023-11-21
SE,MG,SETE LAGOAS,POSTO MAMORE LTDA,22.046.452/0001-47,RUA SANTA JULIANA,3628,,,35701-004,ETANOL,16/01/2023,3.85,,R$ / litro,BRANCA,2023-11-21
SE,MG,SETE LAGOAS,POSTO MAMORE LTDA,22.046.452/0001-47,RUA SANTA JULIANA,3628,,,35701-004,DIESEL S10,16/01/2023,6.09,,R$ / litro,BRANCA,2023-11-21
SE,MG,SETE LAGOAS,POSTO MAMORE LTDA,22.046.452/0001-47,RUA SANTA JULIANA,3628,,,35701-004,DIESEL,16/01/2023,5.95,,R$ / litro,BRANCA,2023-11-21
SE,MG,SETE LAGOAS,POSTO MAMORE LTDA,22.046.452/0001-47,RUA SANTA JULIANA,3628,,,35701-004,GASOLINA,16/01/2023,4.85,,R$ / litro,BRANCA,2023-11-21
SE,MG,SETE LAGOAS,POSTO BONANZA LTDA,05.489.706/0001-82,RUA POLICENA MASCARENHAS,671,,SAO GERALDO,35700-184,ETANOL,16/01/2023,3.89,,R$ / litro,BRANCA,2023-11-21
SE,MG,SETE LAGOAS,POSTO BONANZA LTDA,05.489.706/0001-82,RUA POLICENA MASCARENHAS,671,,SAO GERALDO,35700-184,DIESEL,16/01/2023,5.94,,R$ / litro,BRANCA,2023-11-21
SE,MG,SETE LAGOAS,POSTO BONANZA LTDA,05.489.706/0001-82,RUA POLICENA MASCARENHAS,671,,SAO GERALDO,35700-184,GASOLINA,16/01/2023,4.84,,R$ / litro,BRANCA,2023-11-21
SE,MG,SETE LAGOAS,VITTORIAM LTDA,04.686.253/0001-11,RUA CORONEL ANTONIO ANDRADE,1142,,SÃO GERALDO,35700-193,ETANOL,16/01/2023,3.84,,R$ / litro,BRANCA,2023-11-21
SE,MG,SETE LAGOAS,VITTORIAM LTDA,04.686.253/0001-11,RUA CORONEL ANTONIO ANDRADE,1142,,SÃO GERALDO,35700-193,DIESEL,16/01/2023,5.94,,R$ / litro,BRANCA,2023-11-21
SE,MG,SETE LAGOAS,VITTORIAM LTDA,04.686.253/0001-11,RUA CORONEL ANTONIO ANDRADE,1142,,SÃO GERALDO,35700-193,GASOLINA,16/01/2023,4.84,,R$ / litro,BRANCA,2023-11-21
SE,MG,SETE LAGOAS,POSTO DIVINO PADRAO EIRELI,04.196.733/0001-02,AVENIDA SECRETARIO DIVINO PADRAO,605,,SANTA ELISA,35702-075,ETANOL,16/01/2023,3.84,,R$ / litro,BRANCA,2023-11-21
SE,MG,SETE LAGOAS,POSTO DIVINO PADRAO EIRELI,04.196.733/0001-02,AVENIDA SECRETARIO DIVINO PADRAO,605,,SANTA ELISA,35702-075,DIESEL S10,16/01/2023,6.04,,R$ / litro,BRANCA,2023-11-21
SE,MG,SETE LAGOAS,POSTO DIVINO PADRAO EIRELI,04.196.733/0001-02,AVENIDA SECRETARIO DIVINO PADRAO,605,,SANTA ELISA,35702-075,DIESEL,16/01/2023,5.94,,R$ / litro,BRANCA,2023-11-21
SE,MG,SETE LAGOAS,POSTO DIVINO PADRAO EIRELI,04.196.733/0001-02,AVENIDA SECRETARIO DIVINO PADRAO,605,,SANTA ELISA,35702-075,GASOLINA,16/01/2023,4.84,,R$ / litro,BRANCA,2023-11-21
SE,MG,TIMOTEO,COMERCIAL DE COMBUSTIVEIS VERANEIO LTDA,08.620.663/0001-10,RUA DEZESSEIS,44,,PRIMAVERA,35182-483,DIESEL,19/01/2023,5.95,,R$ / litro,ALESAT,2023-11-21
SE,MG,TIMOTEO,COMERCIAL DE COMBUSTIVEIS VERANEIO LTDA,08.620.663/0001-10,RUA DEZESSEIS,44,,PRIMAVERA,35182-483,GASOLINA ADITIVADA,19/01/2023,4.97,,R$ / litro,ALESAT,2023-11-21
SE,MG,TIMOTEO,COMERCIAL DE COMBUSTIVEIS VERANEIO LTDA,08.620.663/0001-10,RUA DEZESSEIS,44,,PRIMAVERA,35182-483,GASOLINA,19/01/2023,4.89,,R$ / litro,ALESAT,2023-11-21
SE,MG,TIMOTEO,COMERCIAL DE COMBUSTIVEIS VERANEIO LTDA,08.620.663/0001-10,RUA DEZESSEIS,44,,PRIMAVERA,35182-483,ETANOL,19/01/2023,3.94,,R$ / litro,ALESAT,2023-11-21
SE,MG,TIMOTEO,POSTO CAMPESTRE LTDA,25.618.158/0001-50,PRAÇA OLIMPICA,26,,FUNCIONARIOS,35180-414,ETANOL,19/01/2023,3.99,,R$ / litro,RAIZEN,2023-11-21
SE,MG,TIMOTEO,POSTO CAMPESTRE LTDA,25.618.158/0001-50,PRAÇA OLIMPICA,26,,FUNCIONARIOS,35180-414,GASOLINA ADITIVADA,19/01/2023,5.15,,R$ / litro,RAIZEN,2023-11-21
SE,MG,TIMOTEO,POSTO CAMPESTRE LTDA,25.618.158/0001-50,PRAÇA OLIMPICA,26,,FUNCIONARIOS,35180-414,GASOLINA,19/01/2023,4.95,,R$ / litro,RAIZEN,2023-11-21
SE,MG,UBERLANDIA,OLIVEIRA CARNEIRO COMERCIO DE COMBUSTIVEIS LTDA,07.857.349/0001-93,PRACA CLARINDA DE FREITAS,375,,PRESIDENTE ROOSEVELT,38401-081,ETANOL,16/01/2023,3.69,,R$ / litro,BRANCA,2023-11-21
SE,MG,UBERLANDIA,OLIVEIRA CARNEIRO COMERCIO DE COMBUSTIVEIS LTDA,07.857.349/0001-93,PRACA CLARINDA DE FREITAS,375,,PRESIDENTE ROOSEVELT,38401-081,DIESEL S10,16/01/2023,6.09,,R$ / litro,BRANCA,2023-11-21
SE,MG,UBERLANDIA,OLIVEIRA CARNEIRO COMERCIO DE COMBUSTIVEIS LTDA,07.857.349/0001-93,PRACA CLARINDA DE FREITAS,375,,PRESIDENTE ROOSEVELT,38401-081,DIESEL,16/01/2023,5.99,,R$ / litro,BRANCA,2023-11-21
SE,MG,UBERLANDIA,OLIVEIRA CARNEIRO COMERCIO DE COMBUSTIVEIS LTDA,07.857.349/0001-93,PRACA CLARINDA DE FREITAS,375,,PRESIDENTE ROOSEVELT,38401-081,GASOLINA ADITIVADA,16/01/2023,4.79,,R$ / litro,BRANCA,2023-11-21
SE,MG,UBERLANDIA,OLIVEIRA CARNEIRO COMERCIO DE COMBUSTIVEIS LTDA,07.857.349/0001-93,PRACA CLARINDA DE FREITAS,375,,PRESIDENTE ROOSEVELT,38401-081,GASOLINA,16/01/2023,4.79,,R$ / litro,BRANCA,2023-11-21
SE,MG,UBERLANDIA,JR COMERCIO DE COMBUSTIVEIS E CONVENIENCIA LTDA,08.575.903/0001-02,AVENIDA FLORIANO PEIXOTO,2251,,BRASIL,38400-702,ETANOL,18/01/2023,3.59,,R$ / litro,RAIZEN,2023-11-21
SE,MG,UBERLANDIA,JR COMERCIO DE COMBUSTIVEIS E CONVENIENCIA LTDA,08.575.903/0001-02,AVENIDA FLORIANO PEIXOTO,2251,,BRASIL,38400-702,GASOLINA ADITIVADA,18/01/2023,4.99,,R$ / litro,RAIZEN,2023-11-21
SE,MG,UBERLANDIA,JR COMERCIO DE COMBUSTIVEIS E CONVENIENCIA LTDA,08.575.903/0001-02,AVENIDA FLORIANO PEIXOTO,2251,,BRASIL,38400-702,GASOLINA,18/01/2023,4.69,,R$ / litro,RAIZEN,2023-11-21
SE,MG,UBERLANDIA,C.R.A COMERCIO E DERIVADOS DE PETROLEO LDA,08.397.016/0001-91,AVENIDA CESARIO ALVIM,946,,APARECIDA,38400-694,DIESEL,18/01/2023,6.39,,R$ / litro,ALESAT,2023-11-21
SE,MG,UBERLANDIA,C.R.A COMERCIO E DERIVADOS DE PETROLEO LDA,08.397.016/0001-91,AVENIDA CESARIO ALVIM,946,,APARECIDA,38400-694,GASOLINA ADITIVADA,18/01/2023,5.09,,R$ / litro,ALESAT,2023-11-21
SE,MG,UBERLANDIA,C.R.A COMERCIO E DERIVADOS DE PETROLEO LDA,08.397.016/0001-91,AVENIDA CESARIO ALVIM,946,,APARECIDA,38400-694,GASOLINA,18/01/2023,4.99,,R$ / litro,ALESAT,2023-11-21
SE,MG,UBERLANDIA,GAR COMBUSTIVEIS LTDA,07.441.809/0001-06,AVENIDA SEME SIMAO,1980,,LOTEAMENTO JARDIM BOTANICO BAIRRO GRANADA,38410-094,ETANOL,17/01/2023,3.69,,R$ / litro,IPIRANGA,2023-11-21
SE,MG,UBERLANDIA,GAR COMBUSTIVEIS LTDA,07.441.809/0001-06,AVENIDA SEME SIMAO,1980,,LOTEAMENTO JARDIM BOTANICO BAIRRO GRANADA,38410-094,DIESEL,17/01/2023,6.69,,R$ / litro,IPIRANGA,2023-11-21
SE,MG,UBERLANDIA,GAR COMBUSTIVEIS LTDA,07.441.809/0001-06,AVENIDA SEME SIMAO,1980,,LOTEAMENTO JARDIM BOTANICO BAIRRO GRANADA,38410-094,GASOLINA ADITIVADA,17/01/2023,4.89,,R$ / litro,IPIRANGA,2023-11-21
SE,MG,UBERLANDIA,GAR COMBUSTIVEIS LTDA,07.441.809/0001-06,AVENIDA SEME SIMAO,1980,,LOTEAMENTO JARDIM BOTANICO BAIRRO GRANADA,38410-094,GASOLINA,17/01/2023,4.79,,R$ / litro,IPIRANGA,2023-11-21
SE,MG,UBERLANDIA,URSA MAIOR DERIVADOS DE PETROLEO LTDA,07.586.114/0001-04,AVENIDA AFONSO PENA,1111,,APARECIDA,38400-706,DIESEL S10,18/01/2023,6.59,,R$ / litro,IPIRANGA,2023-11-21
SE,MG,UBERLANDIA,URSA MAIOR DERIVADOS DE PETROLEO LTDA,07.586.114/0001-04,AVENIDA AFONSO PENA,1111,,APARECIDA,38400-706,GASOLINA ADITIVADA,18/01/2023,4.79,,R$ / litro,IPIRANGA,2023-11-21
SE,MG,UBERLANDIA,AUTO POSTO VALOR LTDA,06.925.627/0001-30,AVENIDA JOAO NAVES DE AVILA,4555,,SANTA MONICA,38408-144,DIESEL S10,17/01/2023,6.29,,R$ / litro,IPIRANGA,2023-11-21
SE,MG,UBERLANDIA,AUTO POSTO VALOR LTDA,06.925.627/0001-30,AVENIDA JOAO NAVES DE AVILA,4555,,SANTA MONICA,38408-144,DIESEL,17/01/2023,6.19,,R$ / litro,IPIRANGA,2023-11-21
SE,MG,UBERLANDIA,AUTO POSTO VALOR LTDA,06.925.627/0001-30,AVENIDA JOAO NAVES DE AVILA,4555,,SANTA MONICA,38408-144,GASOLINA ADITIVADA,17/01/2023,5.05,,R$ / litro,IPIRANGA,2023-11-21
SE,MG,UBERLANDIA,CERRADO COMBUSTIVEIS LTDA,02.927.654/0001-90,RODOVIA BR - 452,S/N,KM    128 5 ANEL VIARIO,INDUSTRIAL,38405-230,ETANOL,16/01/2023,4.19,,R$ / litro,IPIRANGA,2023-11-21
SE,MG,UBERLANDIA,CERRADO COMBUSTIVEIS LTDA,02.927.654/0001-90,RODOVIA BR - 452,S/N,KM    128 5 ANEL VIARIO,INDUSTRIAL,38405-230,DIESEL S10,16/01/2023,6.19,,R$ / litro,IPIRANGA,2023-11-21
SE,MG,UBERLANDIA,CERRADO COMBUSTIVEIS LTDA,02.927.654/0001-90,RODOVIA BR - 452,S/N,KM    128 5 ANEL VIARIO,INDUSTRIAL,38405-230,DIESEL,16/01/2023,6.09,,R$ / litro,IPIRANGA,2023-11-21
SE,MG,UBERLANDIA,CERRADO COMBUSTIVEIS LTDA,02.927.654/0001-90,RODOVIA BR - 452,S/N,KM    128 5 ANEL VIARIO,INDUSTRIAL,38405-230,GASOLINA,16/01/2023,5.39,,R$ / litro,IPIRANGA,2023-11-21
SE,MG,UBERLANDIA,AUTO POSTO 2 M LTDA,03.201.848/0001-77,AVENIDA GETULIO VARGAS,1316,,MARTINS,38400-434,ETANOL,17/01/2023,3.67,,R$ / litro,RAIZEN,2023-11-21
SE,MG,UBERLANDIA,AUTO POSTO 2 M LTDA,03.201.848/0001-77,AVENIDA GETULIO VARGAS,1316,,MARTINS,38400-434,DIESEL S10,17/01/2023,6.39,,R$ / litro,RAIZEN,2023-11-21
SE,MG,UBERLANDIA,AUTO POSTO 2 M LTDA,03.201.848/0001-77,AVENIDA GETULIO VARGAS,1316,,MARTINS,38400-434,GASOLINA ADITIVADA,17/01/2023,5.22,,R$ / litro,RAIZEN,2023-11-21
SE,MG,UBERLANDIA,AUTO POSTO 2 M LTDA,03.201.848/0001-77,AVENIDA GETULIO VARGAS,1316,,MARTINS,38400-434,GASOLINA,17/01/2023,4.77,,R$ / litro,RAIZEN,2023-11-21
SE,MG,UBERLANDIA,AUTO POSTO VIEIRA E MARTINS LTDA,05.072.757/0001-04,AVENIDA JOAO NAVES DE AVILA,"7,066",A,SANTA MONICA,38408-680,ETANOL,17/01/2023,3.57,,R$ / litro,BRANCA,2023-11-21
SE,MG,UBERLANDIA,AUTO POSTO VIEIRA E MARTINS LTDA,05.072.757/0001-04,AVENIDA JOAO NAVES DE AVILA,"7,066",A,SANTA MONICA,38408-680,DIESEL S10,17/01/2023,5.99,,R$ / litro,BRANCA,2023-11-21
SE,MG,UBERLANDIA,AUTO POSTO VIEIRA E MARTINS LTDA,05.072.757/0001-04,AVENIDA JOAO NAVES DE AVILA,"7,066",A,SANTA MONICA,38408-680,DIESEL,17/01/2023,5.89,,R$ / litro,BRANCA,2023-11-21
SE,MG,UBERLANDIA,AUTO POSTO VIEIRA E MARTINS LTDA,05.072.757/0001-04,AVENIDA JOAO NAVES DE AVILA,"7,066",A,SANTA MONICA,38408-680,GASOLINA ADITIVADA,17/01/2023,4.9,,R$ / litro,BRANCA,2023-11-21
SE,MG,UBERLANDIA,AUTO POSTO VIEIRA E MARTINS LTDA,05.072.757/0001-04,AVENIDA JOAO NAVES DE AVILA,"7,066",A,SANTA MONICA,38408-680,GASOLINA,17/01/2023,4.67,,R$ / litro,BRANCA,2023-11-21
SE,MG,UBERLANDIA,POSTO 6 LTDA,04.471.418/0001-38,AVENIDA TAYLOR SILVA,824,,PARQUE GUARANI III,38415-402,ETANOL,16/01/2023,3.58,,R$ / litro,BRANCA,2023-11-21
SE,MG,UBERLANDIA,POSTO 6 LTDA,04.471.418/0001-38,AVENIDA TAYLOR SILVA,824,,PARQUE GUARANI III,38415-402,DIESEL S10,16/01/2023,5.89,,R$ / litro,BRANCA,2023-11-21
SE,MG,UBERLANDIA,POSTO 6 LTDA,04.471.418/0001-38,AVENIDA TAYLOR SILVA,824,,PARQUE GUARANI III,38415-402,DIESEL,16/01/2023,5.79,,R$ / litro,BRANCA,2023-11-21
SE,MG,UBERLANDIA,POSTO 6 LTDA,04.471.418/0001-38,AVENIDA TAYLOR SILVA,824,,PARQUE GUARANI III,38415-402,GASOLINA ADITIVADA,16/01/2023,4.89,,R$ / litro,BRANCA,2023-11-21
SE,MG,UBERLANDIA,POSTO 6 LTDA,04.471.418/0001-38,AVENIDA TAYLOR SILVA,824,,PARQUE GUARANI III,38415-402,GASOLINA,16/01/2023,4.77,,R$ / litro,BRANCA,2023-11-21
SE,MG,UBERLANDIA,PETROCARMO DISTRIBUIDORA DE PETROLEO LTDA,04.377.207/0001-30,PRACA LINCOLN,153,,PRESIDENTE ROOSEVELT,38401-046,ETANOL,16/01/2023,3.69,,R$ / litro,IPIRANGA,2023-11-21
SE,MG,UBERLANDIA,PETROCARMO DISTRIBUIDORA DE PETROLEO LTDA,04.377.207/0001-30,PRACA LINCOLN,153,,PRESIDENTE ROOSEVELT,38401-046,DIESEL S10,16/01/2023,6.19,,R$ / litro,IPIRANGA,2023-11-21
SE,MG,UBERLANDIA,PETROCARMO DISTRIBUIDORA DE PETROLEO LTDA,04.377.207/0001-30,PRACA LINCOLN,153,,PRESIDENTE ROOSEVELT,38401-046,GASOLINA,16/01/2023,4.79,,R$ / litro,IPIRANGA,2023-11-21
SE,MG,UBERLANDIA,AUTO POSTO BIGUA LTDA,03.817.826/0001-36,AVENIDA JOAO PESSOA,1180,,BOM JESUS,38405-324,ETANOL,16/01/2023,3.67,,R$ / litro,BRANCA,2023-11-21
SE,MG,UBERLANDIA,AUTO POSTO BIGUA LTDA,03.817.826/0001-36,AVENIDA JOAO PESSOA,1180,,BOM JESUS,38405-324,DIESEL S10,16/01/2023,6.08,,R$ / litro,BRANCA,2023-11-21
SE,MG,UBERLANDIA,AUTO POSTO BIGUA LTDA,03.817.826/0001-36,AVENIDA JOAO PESSOA,1180,,BOM JESUS,38405-324,DIESEL,16/01/2023,5.94,,R$ / litro,BRANCA,2023-11-21
SE,MG,UBERLANDIA,AUTO POSTO BIGUA LTDA,03.817.826/0001-36,AVENIDA JOAO PESSOA,1180,,BOM JESUS,38405-324,GASOLINA ADITIVADA,16/01/2023,4.99,,R$ / litro,BRANCA,2023-11-21
SE,MG,UBERLANDIA,AUTO POSTO BIGUA LTDA,03.817.826/0001-36,AVENIDA JOAO PESSOA,1180,,BOM JESUS,38405-324,GASOLINA,16/01/2023,4.78,,R$ / litro,BRANCA,2023-11-21
SE,MG,UBERLANDIA,AUTO POSTO TOP LINE LTDA,03.514.305/0001-00,RUA MACHADO DE ASSIS,169,,CENTRO,38400-112,ETANOL,17/01/2023,3.68,,R$ / litro,CIAPETRO,2023-11-21
SE,MG,UBERLANDIA,AUTO POSTO TOP LINE LTDA,03.514.305/0001-00,RUA MACHADO DE ASSIS,169,,CENTRO,38400-112,GASOLINA,17/01/2023,4.78,,R$ / litro,CIAPETRO,2023-11-21
SE,MG,UBERLANDIA,POSTO SARAIVA LTDA,02.298.415/0001-19,RUA DUQUE DE CAXIAS,2031,,SARAIVA,38408-382,ETANOL,17/01/2023,3.59,,R$ / litro,IPIRANGA,2023-11-21
SE,MG,UBERLANDIA,POSTO SARAIVA LTDA,02.298.415/0001-19,RUA DUQUE DE CAXIAS,2031,,SARAIVA,38408-382,DIESEL S10,17/01/2023,6.29,,R$ / litro,IPIRANGA,2023-11-21
SE,MG,UBERLANDIA,POSTO SARAIVA LTDA,02.298.415/0001-19,RUA DUQUE DE CAXIAS,2031,,SARAIVA,38408-382,GASOLINA ADITIVADA,17/01/2023,4.89,,R$ / litro,IPIRANGA,2023-11-21
SE,MG,UBERLANDIA,POSTO SARAIVA LTDA,02.298.415/0001-19,RUA DUQUE DE CAXIAS,2031,,SARAIVA,38408-382,GASOLINA,17/01/2023,4.69,,R$ / litro,IPIRANGA,2023-11-21
SE,MG,UBERLANDIA,ASA DELTA AUTO POSTO LTDA,01.154.059/0001-05,AVENIDA GETULIO VARGAS,3955,,JARDIM FLORIDA,38400-434,ETANOL,17/01/2023,3.79,,R$ / litro,VIBRA ENERGIA,2023-11-21
SE,MG,UBERLANDIA,ASA DELTA AUTO POSTO LTDA,01.154.059/0001-05,AVENIDA GETULIO VARGAS,3955,,JARDIM FLORIDA,38400-434,DIESEL S10,17/01/2023,6.29,,R$ / litro,VIBRA ENERGIA,2023-11-21
SE,MG,UBERLANDIA,ASA DELTA AUTO POSTO LTDA,01.154.059/0001-05,AVENIDA GETULIO VARGAS,3955,,JARDIM FLORIDA,38400-434,DIESEL,17/01/2023,6.27,,R$ / litro,VIBRA ENERGIA,2023-11-21
SE,MG,UBERLANDIA,ASA DELTA AUTO POSTO LTDA,01.154.059/0001-05,AVENIDA GETULIO VARGAS,3955,,JARDIM FLORIDA,38400-434,GASOLINA ADITIVADA,17/01/2023,4.99,,R$ / litro,VIBRA ENERGIA,2023-11-21
SE,MG,UBERLANDIA,ASA DELTA AUTO POSTO LTDA,01.154.059/0001-05,AVENIDA GETULIO VARGAS,3955,,JARDIM FLORIDA,38400-434,GASOLINA,17/01/2023,4.89,,R$ / litro,VIBRA ENERGIA,2023-11-21
SE,MG,ARAGUARI,RAFA COMERCIO DE COMBUSTIVEIS LTDA,08.171.637/0001-52,RUA JAIME GOMES,91,,CENTRO,38440-074,ETANOL,16/01/2023,3.63,,R$ / litro,BRANCA,2023-11-21
SE,MG,ARAGUARI,RAFA COMERCIO DE COMBUSTIVEIS LTDA,08.171.637/0001-52,RUA JAIME GOMES,91,,CENTRO,38440-074,DIESEL S10,16/01/2023,6.05,,R$ / litro,BRANCA,2023-11-21
SE,MG,ARAGUARI,RAFA COMERCIO DE COMBUSTIVEIS LTDA,08.171.637/0001-52,RUA JAIME GOMES,91,,CENTRO,38440-074,GASOLINA,16/01/2023,4.77,,R$ / litro,BRANCA,2023-11-21
SE,MG,ARAGUARI,AUTO POSTO JL LTDA,06.315.263/0001-76,AVENIDA VEREADOR GERALDO TEODORO,290,,BOSQUE,38446-124,GASOLINA ADITIVADA,16/01/2023,4.99,,R$ / litro,VIBRA ENERGIA,2023-11-21
SE,MG,ARAGUARI,AUTO POSTO JL LTDA,06.315.263/0001-76,AVENIDA VEREADOR GERALDO TEODORO,290,,BOSQUE,38446-124,GASOLINA,16/01/2023,4.89,,R$ / litro,VIBRA ENERGIA,2023-11-21
SE,MG,ARAGUARI,LEAO AUTO POSTO LTDA,02.442.520/0001-80,RUA JOAQUIM BARBOSA,1480,,MILENIUM,38446-146,ETANOL,16/01/2023,3.79,,R$ / litro,ALESAT,2023-11-21
SE,MG,ARAGUARI,LEAO AUTO POSTO LTDA,02.442.520/0001-80,RUA JOAQUIM BARBOSA,1480,,MILENIUM,38446-146,DIESEL S10,16/01/2023,6.49,,R$ / litro,ALESAT,2023-11-21
SE,MG,ARAGUARI,LEAO AUTO POSTO LTDA,02.442.520/0001-80,RUA JOAQUIM BARBOSA,1480,,MILENIUM,38446-146,DIESEL,16/01/2023,6.29,,R$ / litro,ALESAT,2023-11-21
SE,MG,ARAGUARI,LEAO AUTO POSTO LTDA,02.442.520/0001-80,RUA JOAQUIM BARBOSA,1480,,MILENIUM,38446-146,GASOLINA,16/01/2023,4.89,,R$ / litro,ALESAT,2023-11-21
SE,MG,ARAXA,ALBANO DE AZEVEDO E SOUZA & CIA LTDA,03.572.854/0002-11,AVENIDA PEDRO DE PAULA LEMOS,3,,DOMINGOS ZEMA,38181-179,ETANOL,16/01/2023,3.99,,R$ / litro,IPIRANGA,2023-11-21
SE,MG,ARAXA,ALBANO DE AZEVEDO E SOUZA & CIA LTDA,03.572.854/0002-11,AVENIDA PEDRO DE PAULA LEMOS,3,,DOMINGOS ZEMA,38181-179,DIESEL S10,16/01/2023,6.25,,R$ / litro,IPIRANGA,2023-11-21
SE,MG,ARAXA,ALBANO DE AZEVEDO E SOUZA & CIA LTDA,03.572.854/0002-11,AVENIDA PEDRO DE PAULA LEMOS,3,,DOMINGOS ZEMA,38181-179,DIESEL,16/01/2023,6.19,,R$ / litro,IPIRANGA,2023-11-21
SE,MG,ARAXA,ALBANO DE AZEVEDO E SOUZA & CIA LTDA,03.572.854/0002-11,AVENIDA PEDRO DE PAULA LEMOS,3,,DOMINGOS ZEMA,38181-179,GASOLINA,16/01/2023,5.19,,R$ / litro,IPIRANGA,2023-11-21
SE,MG,ARAXA,ALBANO DE AZEVEDO E SOUZA,07.267.256/0001-09,RUA BELO HORIZONTE,674,,CENTRO,38183-146,ETANOL,16/01/2023,3.95,,R$ / litro,VIBRA ENERGIA,2023-11-21
SE,MG,ARAXA,ALBANO DE AZEVEDO E SOUZA,07.267.256/0001-09,RUA BELO HORIZONTE,674,,CENTRO,38183-146,GASOLINA ADITIVADA,16/01/2023,5.25,,R$ / litro,VIBRA ENERGIA,2023-11-21
SE,MG,ARAXA,ALBANO DE AZEVEDO E SOUZA,07.267.256/0001-09,RUA BELO HORIZONTE,674,,CENTRO,38183-146,GASOLINA,16/01/2023,5.15,,R$ / litro,VIBRA ENERGIA,2023-11-21
SE,MG,ARAXA,ALBANO DE AZEVEDO E SOUZA & CIA LTDA,03.572.854/0001-30,AVENIDA DAMASO DRUMOND,975,,VILA SAO PEDRO,38183-063,ETANOL,16/01/2023,3.89,,R$ / litro,IPIRANGA,2023-11-21
SE,MG,ARAXA,ALBANO DE AZEVEDO E SOUZA & CIA LTDA,03.572.854/0001-30,AVENIDA DAMASO DRUMOND,975,,VILA SAO PEDRO,38183-063,DIESEL S10,16/01/2023,6.19,,R$ / litro,IPIRANGA,2023-11-21
SE,MG,ARAXA,ALBANO DE AZEVEDO E SOUZA & CIA LTDA,03.572.854/0001-30,AVENIDA DAMASO DRUMOND,975,,VILA SAO PEDRO,38183-063,DIESEL,16/01/2023,6.09,,R$ / litro,IPIRANGA,2023-11-21
SE,MG,ARAXA,ALBANO DE AZEVEDO E SOUZA & CIA LTDA,03.572.854/0001-30,AVENIDA DAMASO DRUMOND,975,,VILA SAO PEDRO,38183-063,GASOLINA ADITIVADA,16/01/2023,5.19,,R$ / litro,IPIRANGA,2023-11-21
SE,MG,ARAXA,ALBANO DE AZEVEDO E SOUZA & CIA LTDA,03.572.854/0001-30,AVENIDA DAMASO DRUMOND,975,,VILA SAO PEDRO,38183-063,GASOLINA,16/01/2023,5.09,,R$ / litro,IPIRANGA,2023-11-21
SE,MG,ARAXA,MAXDIESEL VEICULOS E PECAS - EIRELI,17.997.479/0009-32,AVENIDA IMBIARA,603,,CENTRO,38180-000,ETANOL,16/01/2023,4.24,,R$ / litro,RAIZEN,2023-11-21
SE,MG,ARAXA,MAXDIESEL VEICULOS E PECAS - EIRELI,17.997.479/0009-32,AVENIDA IMBIARA,603,,CENTRO,38180-000,DIESEL,16/01/2023,6.69,,R$ / litro,RAIZEN,2023-11-21
SE,MG,ARAXA,MAXDIESEL VEICULOS E PECAS - EIRELI,17.997.479/0009-32,AVENIDA IMBIARA,603,,CENTRO,38180-000,GASOLINA ADITIVADA,16/01/2023,5.77,,R$ / litro,RAIZEN,2023-11-21
SE,MG,ARAXA,MAXDIESEL VEICULOS E PECAS - EIRELI,17.997.479/0009-32,AVENIDA IMBIARA,603,,CENTRO,38180-000,GASOLINA,16/01/2023,5.32,,R$ / litro,RAIZEN,2023-11-21
SE,MG,BELO HORIZONTE,AGUIA IV COMERCIO DE COMBUSTIVEIS LTDA,07.946.419/0001-80,RUA PARA DE MINAS,320,,PADRE EUSTAQUIO,30730-440,ETANOL,17/01/2023,3.73,,R$ / litro,ALESAT,2023-11-21
SE,MG,BELO HORIZONTE,AGUIA IV COMERCIO DE COMBUSTIVEIS LTDA,07.946.419/0001-80,RUA PARA DE MINAS,320,,PADRE EUSTAQUIO,30730-440,GASOLINA,17/01/2023,4.75,,R$ / litro,ALESAT,2023-11-21
SE,MG,BELO HORIZONTE,POSTO BEAGAS GNV LTDA.,07.434.428/0001-91,AVENIDA DOM PEDRO II,4685,,JARDIM MONTANHES,30730-690,ETANOL,16/01/2023,3.76,,R$ / litro,RAIZEN,2023-11-21
SE,MG,BELO HORIZONTE,POSTO BEAGAS GNV LTDA.,07.434.428/0001-91,AVENIDA DOM PEDRO II,4685,,JARDIM MONTANHES,30730-690,GASOLINA ADITIVADA,16/01/2023,5.16,,R$ / litro,RAIZEN,2023-11-21
SE,MG,BELO HORIZONTE,POSTO BEAGAS GNV LTDA.,07.434.428/0001-91,AVENIDA DOM PEDRO II,4685,,JARDIM MONTANHES,30730-690,GASOLINA,16/01/2023,4.76,,R$ / litro,RAIZEN,2023-11-21
SE,MG,BELO HORIZONTE,POSTO BEAGAS GNV LTDA.,07.434.428/0001-91,AVENIDA DOM PEDRO II,4685,,JARDIM MONTANHES,30730-690,GNV,16/01/2023,4.99,,R$ / m³,RAIZEN,2023-11-21
SE,MG,BELO HORIZONTE,AUTO POSTO VALE LTDA,02.369.525/0001-24,AVENIDA VILARINHO,1146,,VENDA NOVA,31615-250,ETANOL,16/01/2023,3.89,,R$ / litro,RAIZEN,2023-11-21
SE,MG,BELO HORIZONTE,AUTO POSTO VALE LTDA,02.369.525/0001-24,AVENIDA VILARINHO,1146,,VENDA NOVA,31615-250,GASOLINA ADITIVADA,16/01/2023,5.09,,R$ / litro,RAIZEN,2023-11-21
SE,MG,BELO HORIZONTE,AUTO POSTO VALE LTDA,02.369.525/0001-24,AVENIDA VILARINHO,1146,,VENDA NOVA,31615-250,GASOLINA,16/01/2023,4.79,,R$ / litro,RAIZEN,2023-11-21
SE,MG,BELO HORIZONTE,POSTO POETA LTDA,05.577.012/0001-05,AVENIDA DOM PEDRO I,2355,,SAO JOAO BATISTA,31515-300,ETANOL,16/01/2023,3.79,,R$ / litro,VIBRA ENERGIA,2023-11-21
SE,MG,BELO HORIZONTE,POSTO POETA LTDA,05.577.012/0001-05,AVENIDA DOM PEDRO I,2355,,SAO JOAO BATISTA,31515-300,GASOLINA,16/01/2023,4.77,,R$ / litro,VIBRA ENERGIA,2023-11-21
SE,MG,BELO HORIZONTE,POSTO WAP AMAZONAS LTDA.,06.041.725/0001-04,AVENIDA AMAZONAS,5234,,NOVA SUISSA,30421-056,ETANOL,18/01/2023,3.75,,R$ / litro,RAIZEN,2023-11-21
SE,MG,BELO HORIZONTE,POSTO WAP AMAZONAS LTDA.,06.041.725/0001-04,AVENIDA AMAZONAS,5234,,NOVA SUISSA,30421-056,GASOLINA ADITIVADA,18/01/2023,5.15,,R$ / litro,RAIZEN,2023-11-21
SE,MG,BELO HORIZONTE,POSTO WAP AMAZONAS LTDA.,06.041.725/0001-04,AVENIDA AMAZONAS,5234,,NOVA SUISSA,30421-056,GASOLINA,18/01/2023,4.75,,R$ / litro,RAIZEN,2023-11-21
SE,MG,BELO HORIZONTE,POSTO VILA NOSSA SENHORA DE FATIMA LTDA,05.462.748/0001-20,AVENIDA NOSSA SENHORA DE FATIMA,"2,401",,CARLOS PRATES,30710-020,ETANOL,16/01/2023,3.86,,R$ / litro,IPIRANGA,2023-11-21
SE,MG,BELO HORIZONTE,POSTO VILA NOSSA SENHORA DE FATIMA LTDA,05.462.748/0001-20,AVENIDA NOSSA SENHORA DE FATIMA,"2,401",,CARLOS PRATES,30710-020,DIESEL S10,16/01/2023,6.26,,R$ / litro,IPIRANGA,2023-11-21
SE,MG,BELO HORIZONTE,POSTO VILA NOSSA SENHORA DE FATIMA LTDA,05.462.748/0001-20,AVENIDA NOSSA SENHORA DE FATIMA,"2,401",,CARLOS PRATES,30710-020,GASOLINA ADITIVADA,16/01/2023,4.96,,R$ / litro,IPIRANGA,2023-11-21
SE,MG,BELO HORIZONTE,POSTO VILA NOSSA SENHORA DE FATIMA LTDA,05.462.748/0001-20,AVENIDA NOSSA SENHORA DE FATIMA,"2,401",,CARLOS PRATES,30710-020,GASOLINA,16/01/2023,4.76,,R$ / litro,IPIRANGA,2023-11-21
SE,MG,BELO HORIZONTE,POSTO ALLGAS LTDA,05.351.360/0001-51,AVENIDA SARAMENHA,1632,,GUARANI,31840-220,ETANOL,17/01/2023,3.87,,R$ / litro,RAIZEN,2023-11-21
SE,MG,BELO HORIZONTE,POSTO ALLGAS LTDA,05.351.360/0001-51,AVENIDA SARAMENHA,1632,,GUARANI,31840-220,GASOLINA ADITIVADA,17/01/2023,5.18,,R$ / litro,RAIZEN,2023-11-21
SE,MG,BELO HORIZONTE,POSTO ALLGAS LTDA,05.351.360/0001-51,AVENIDA SARAMENHA,1632,,GUARANI,31840-220,GASOLINA,17/01/2023,4.78,,R$ / litro,RAIZEN,2023-11-21
SE,MG,BELO HORIZONTE,POSTO LUPUS ISABEL BUENO LTDA.,02.507.257/0001-60,AVENIDA IZABEL BUENO,139,,VILA IANDAIA,31270-030,ETANOL,17/01/2023,3.87,,R$ / litro,RAIZEN,2023-11-21
SE,MG,BELO HORIZONTE,POSTO LUPUS ISABEL BUENO LTDA.,02.507.257/0001-60,AVENIDA IZABEL BUENO,139,,VILA IANDAIA,31270-030,GASOLINA ADITIVADA,17/01/2023,5.19,,R$ / litro,RAIZEN,2023-11-21
SE,MG,BELO HORIZONTE,POSTO LUPUS ISABEL BUENO LTDA.,02.507.257/0001-60,AVENIDA IZABEL BUENO,139,,VILA IANDAIA,31270-030,GASOLINA,17/01/2023,4.87,,R$ / litro,RAIZEN,2023-11-21
SE,MG,BELO HORIZONTE,POSTO BRUNA LTDA.,00.247.861/0001-79,RODOVIA ANEL RODOVIARIO CELSO MELLO AZEVEDO,11333,,DOM BOSCO,30850-453,ETANOL,17/01/2023,3.89,,R$ / litro,IPIRANGA,2023-11-21
SE,MG,BELO HORIZONTE,POSTO BRUNA LTDA.,00.247.861/0001-79,RODOVIA ANEL RODOVIARIO CELSO MELLO AZEVEDO,11333,,DOM BOSCO,30850-453,DIESEL,17/01/2023,5.97,,R$ / litro,IPIRANGA,2023-11-21
SE,MG,BELO HORIZONTE,POSTO BRUNA LTDA.,00.247.861/0001-79,RODOVIA ANEL RODOVIARIO CELSO MELLO AZEVEDO,11333,,DOM BOSCO,30850-453,GASOLINA,17/01/2023,4.89,,R$ / litro,IPIRANGA,2023-11-21
SE,MG,BELO HORIZONTE,MARLIN EMPREENDIMENTOS LTDA,02.685.478/0001-28,AVENIDA AMERICO VESPUCIO,501,,APARECIDA,31230-240,ETANOL,17/01/2023,3.89,,R$ / litro,VIBRA ENERGIA,2023-11-21
SE,MG,BELO HORIZONTE,MARLIN EMPREENDIMENTOS LTDA,02.685.478/0001-28,AVENIDA AMERICO VESPUCIO,501,,APARECIDA,31230-240,DIESEL S10,17/01/2023,6.29,,R$ / litro,VIBRA ENERGIA,2023-11-21
SE,MG,BELO HORIZONTE,MARLIN EMPREENDIMENTOS LTDA,02.685.478/0001-28,AVENIDA AMERICO VESPUCIO,501,,APARECIDA,31230-240,GASOLINA ADITIVADA,17/01/2023,5.14,,R$ / litro,VIBRA ENERGIA,2023-11-21
SE,MG,BELO HORIZONTE,MARLIN EMPREENDIMENTOS LTDA,02.685.478/0001-28,AVENIDA AMERICO VESPUCIO,501,,APARECIDA,31230-240,GASOLINA,17/01/2023,4.99,,R$ / litro,VIBRA ENERGIA,2023-11-21
SE,MG,BELO HORIZONTE,POSTO AGUIA COMERCIO DE COMBUSTIVEIS LTDA,00.722.792/0001-08,AVENIDA SARAMENHA,1062,,TUPI,31840-220,ETANOL,17/01/2023,3.87,,R$ / litro,RAIZEN,2023-11-21
SE,MG,BELO HORIZONTE,POSTO AGUIA COMERCIO DE COMBUSTIVEIS LTDA,00.722.792/0001-08,AVENIDA SARAMENHA,1062,,TUPI,31840-220,GASOLINA ADITIVADA,17/01/2023,5.18,,R$ / litro,RAIZEN,2023-11-21
SE,MG,BELO HORIZONTE,POSTO AGUIA COMERCIO DE COMBUSTIVEIS LTDA,00.722.792/0001-08,AVENIDA SARAMENHA,1062,,TUPI,31840-220,GASOLINA,17/01/2023,4.78,,R$ / litro,RAIZEN,2023-11-21
SE,MG,BELO HORIZONTE,L. C. EMPREENDIMENTOS LTDA,00.415.374/0001-78,AVENIDA DIS ENGENHEIROS,1620,,CASTELO,30840-300,ETANOL,16/01/2023,3.99,,R$ / litro,VIBRA ENERGIA,2023-11-21
SE,MG,BELO HORIZONTE,L. C. EMPREENDIMENTOS LTDA,00.415.374/0001-78,AVENIDA DIS ENGENHEIROS,1620,,CASTELO,30840-300,DIESEL S10,16/01/2023,6.39,,R$ / litro,VIBRA ENERGIA,2023-11-21
SE,MG,BELO HORIZONTE,L. C. EMPREENDIMENTOS LTDA,00.415.374/0001-78,AVENIDA DIS ENGENHEIROS,1620,,CASTELO,30840-300,DIESEL,16/01/2023,6.29,,R$ / litro,VIBRA ENERGIA,2023-11-21
SE,MG,BELO HORIZONTE,L. C. EMPREENDIMENTOS LTDA,00.415.374/0001-78,AVENIDA DIS ENGENHEIROS,1620,,CASTELO,30840-300,GASOLINA ADITIVADA,16/01/2023,5.19,,R$ / litro,VIBRA ENERGIA,2023-11-21
SE,MG,BELO HORIZONTE,L. C. EMPREENDIMENTOS LTDA,00.415.374/0001-78,AVENIDA DIS ENGENHEIROS,1620,,CASTELO,30840-300,GASOLINA,16/01/2023,4.99,,R$ / litro,VIBRA ENERGIA,2023-11-21
SE,MG,BELO HORIZONTE,POSTO JAVARI EIRELI,16.679.276/0001-88,RUA DESCALVADO,661,,RENASCENCA,31130-610,ETANOL,17/01/2023,3.69,,R$ / litro,BRANCA,2023-11-21
SE,MG,BELO HORIZONTE,POSTO JAVARI EIRELI,16.679.276/0001-88,RUA DESCALVADO,661,,RENASCENCA,31130-610,GASOLINA,17/01/2023,4.68,,R$ / litro,BRANCA,2023-11-21
SE,MG,BELO HORIZONTE,POSTO BARBOSA LTDA,17.160.094/0001-69,AVENIDA PRES CARLOS LUZ,2263,,SAO FRANCISCO ASSIS,31250-010,ETANOL,16/01/2023,3.99,,R$ / litro,ALESAT,2023-11-21
SE,MG,BELO HORIZONTE,POSTO BARBOSA LTDA,17.160.094/0001-69,AVENIDA PRES CARLOS LUZ,2263,,SAO FRANCISCO ASSIS,31250-010,DIESEL S10,16/01/2023,6.19,,R$ / litro,ALESAT,2023-11-21
SE,MG,BELO HORIZONTE,POSTO BARBOSA LTDA,17.160.094/0001-69,AVENIDA PRES CARLOS LUZ,2263,,SAO FRANCISCO ASSIS,31250-010,GASOLINA,16/01/2023,4.89,,R$ / litro,ALESAT,2023-11-21
SE,MG,BELO HORIZONTE,POSTO ANTUNES LTDA,01.553.073/0001-73,AVENIDA PORTUGAL,2603,,SANTA AMELIA,31555-000,ETANOL,16/01/2023,3.89,,R$ / litro,VIBRA ENERGIA,2023-11-21
SE,MG,BELO HORIZONTE,POSTO ANTUNES LTDA,01.553.073/0001-73,AVENIDA PORTUGAL,2603,,SANTA AMELIA,31555-000,GASOLINA ADITIVADA,16/01/2023,5.09,,R$ / litro,VIBRA ENERGIA,2023-11-21
SE,MG,BELO HORIZONTE,POSTO ANTUNES LTDA,01.553.073/0001-73,AVENIDA PORTUGAL,2603,,SANTA AMELIA,31555-000,GASOLINA,16/01/2023,4.89,,R$ / litro,VIBRA ENERGIA,2023-11-21
SE,MG,BELO HORIZONTE,POSTO GERAES LTDA,02.289.325/0001-61,AVENIDA GASTAO DEMETRIO MAIA,140,,FLORAMAR,31742-096,ETANOL,16/01/2023,3.89,,R$ / litro,VIBRA ENERGIA,2023-11-21
SE,MG,BELO HORIZONTE,POSTO GERAES LTDA,02.289.325/0001-61,AVENIDA GASTAO DEMETRIO MAIA,140,,FLORAMAR,31742-096,GASOLINA,16/01/2023,4.89,,R$ / litro,VIBRA ENERGIA,2023-11-21
SE,MG,BELO HORIZONTE,CELT -COMERCIO DE COMBUSTIVEIS E LUBRIFICANTES LTDA,01.830.179/0001-77,AVENIDA DOM PEDRO I,2177,LETRA A,SAO JOAO BATISTA,31515-300,ETANOL,18/01/2023,3.79,,R$ / litro,VIBRA ENERGIA,2023-11-21
SE,MG,BELO HORIZONTE,CELT -COMERCIO DE COMBUSTIVEIS E LUBRIFICANTES LTDA,01.830.179/0001-77,AVENIDA DOM PEDRO I,2177,LETRA A,SAO JOAO BATISTA,31515-300,DIESEL S10,18/01/2023,6.09,,R$ / litro,VIBRA ENERGIA,2023-11-21
SE,MG,BELO HORIZONTE,CELT -COMERCIO DE COMBUSTIVEIS E LUBRIFICANTES LTDA,01.830.179/0001-77,AVENIDA DOM PEDRO I,2177,LETRA A,SAO JOAO BATISTA,31515-300,GASOLINA ADITIVADA,18/01/2023,4.94,,R$ / litro,VIBRA ENERGIA,2023-11-21
SE,MG,BELO HORIZONTE,CELT -COMERCIO DE COMBUSTIVEIS E LUBRIFICANTES LTDA,01.830.179/0001-77,AVENIDA DOM PEDRO I,2177,LETRA A,SAO JOAO BATISTA,31515-300,GASOLINA,18/01/2023,4.79,,R$ / litro,VIBRA ENERGIA,2023-11-21
SE,MG,BELO HORIZONTE,CELT -COMERCIO DE COMBUSTIVEIS E LUBRIFICANTES LTDA,01.830.179/0001-77,AVENIDA DOM PEDRO I,2177,LETRA A,SAO JOAO BATISTA,31515-300,GNV,18/01/2023,4.99,,R$ / m³,VIBRA ENERGIA,2023-11-21
SE,MG,BELO HORIZONTE,ECO EMPREENDIMENTOS COMERCIAIS LTDA,00.194.032/0001-75,RUA TUPIS,1774,,BARRO PRETO,30190-062,ETANOL,17/01/2023,3.77,,R$ / litro,RAIZEN,2023-11-21
SE,MG,BELO HORIZONTE,ECO EMPREENDIMENTOS COMERCIAIS LTDA,00.194.032/0001-75,RUA TUPIS,1774,,BARRO PRETO,30190-062,GASOLINA ADITIVADA,17/01/2023,5.07,,R$ / litro,RAIZEN,2023-11-21
SE,MG,BELO HORIZONTE,ECO EMPREENDIMENTOS COMERCIAIS LTDA,00.194.032/0001-75,RUA TUPIS,1774,,BARRO PRETO,30190-062,GASOLINA,17/01/2023,4.77,,R$ / litro,RAIZEN,2023-11-21
SE,MG,BELO HORIZONTE,POSTO TRANCOSO LTDA,03.911.603/0001-33,RUA JOSE CLETO,1232,,SANTA CRUZ,31155-290,ETANOL,17/01/2023,3.75,,R$ / litro,VIBRA ENERGIA,2023-11-21
SE,MG,BELO HORIZONTE,POSTO TRANCOSO LTDA,03.911.603/0001-33,RUA JOSE CLETO,1232,,SANTA CRUZ,31155-290,DIESEL S10,17/01/2023,6.05,,R$ / litro,VIBRA ENERGIA,2023-11-21
SE,MG,BELO HORIZONTE,POSTO TRANCOSO LTDA,03.911.603/0001-33,RUA JOSE CLETO,1232,,SANTA CRUZ,31155-290,GASOLINA,17/01/2023,4.77,,R$ / litro,VIBRA ENERGIA,2023-11-21
SE,MG,BELO HORIZONTE,POSTO COELHO LTDA,17.162.629/0001-30,AVENIDA ANTONIO CARLOS,3550,,CACHOEIRINHA,31210-800,ETANOL,17/01/2023,3.77,,R$ / litro,ALESAT,2023-11-21
SE,MG,BELO HORIZONTE,POSTO COELHO LTDA,17.162.629/0001-30,AVENIDA ANTONIO CARLOS,3550,,CACHOEIRINHA,31210-800,GASOLINA ADITIVADA,17/01/2023,4.99,,R$ / litro,ALESAT,2023-11-21
SE,MG,BELO HORIZONTE,POSTO COELHO LTDA,17.162.629/0001-30,AVENIDA ANTONIO CARLOS,3550,,CACHOEIRINHA,31210-800,GASOLINA,17/01/2023,4.77,,R$ / litro,ALESAT,2023-11-21
SE,MG,BELO HORIZONTE,POSTO COELHO LTDA,17.162.629/0001-30,AVENIDA ANTONIO CARLOS,3550,,CACHOEIRINHA,31210-800,GNV,17/01/2023,4.99,,R$ / m³,ALESAT,2023-11-21
SE,MG,BELO HORIZONTE,POSTO GLORIA LIMITADA,16.682.296/0001-08,RUA DEP CLAUDIO P DE LIMA,957,,N S GLORIA,30870-020,ETANOL,16/01/2023,3.79,,R$ / litro,IPIRANGA,2023-11-21
SE,MG,BELO HORIZONTE,POSTO GLORIA LIMITADA,16.682.296/0001-08,RUA DEP CLAUDIO P DE LIMA,957,,N S GLORIA,30870-020,DIESEL S10,16/01/2023,6.09,,R$ / litro,IPIRANGA,2023-11-21
SE,MG,BELO HORIZONTE,POSTO GLORIA LIMITADA,16.682.296/0001-08,RUA DEP CLAUDIO P DE LIMA,957,,N S GLORIA,30870-020,GASOLINA,16/01/2023,4.78,,R$ / litro,IPIRANGA,2023-11-21
SE,MG,BELO HORIZONTE,POSTO AEROPORTO LTDA,16.665.259/0001-91,RUA PROFESSOR MAGALHAES PENIDO,540,,SAO LUIZ (PAMPULHA),31270-700,ETANOL,17/01/2023,3.89,,R$ / litro,VIBRA ENERGIA,2023-11-21
SE,MG,BELO HORIZONTE,POSTO AEROPORTO LTDA,16.665.259/0001-91,RUA PROFESSOR MAGALHAES PENIDO,540,,SAO LUIZ (PAMPULHA),31270-700,GASOLINA ADITIVADA,17/01/2023,4.94,,R$ / litro,VIBRA ENERGIA,2023-11-21
SE,MG,BELO HORIZONTE,POSTO AEROPORTO LTDA,16.665.259/0001-91,RUA PROFESSOR MAGALHAES PENIDO,540,,SAO LUIZ (PAMPULHA),31270-700,GASOLINA,17/01/2023,4.79,,R$ / litro,VIBRA ENERGIA,2023-11-21
SE,MG,BELO HORIZONTE,ALMADA & CIA LIMITADA,16.626.814/0001-76,RUA JACUI,4040,,IPIRANGA,31160-190,ETANOL,17/01/2023,3.65,,R$ / litro,BRANCA,2023-11-21
SE,MG,BELO HORIZONTE,ALMADA & CIA LIMITADA,16.626.814/0001-76,RUA JACUI,4040,,IPIRANGA,31160-190,DIESEL,17/01/2023,5.95,,R$ / litro,BRANCA,2023-11-21
SE,MG,BELO HORIZONTE,ALMADA & CIA LIMITADA,16.626.814/0001-76,RUA JACUI,4040,,IPIRANGA,31160-190,GASOLINA,17/01/2023,4.72,,R$ / litro,BRANCA,2023-11-21
SE,MG,BELO HORIZONTE,MINEIRAO POSTO DE SERVICOS LTDA,16.599.607/0001-70,AVENIDA PRESIDENTE ANTONIO CARLOS,2710,,CACHOEIRINHA,31130-194,ETANOL,17/01/2023,3.77,,R$ / litro,VIBRA ENERGIA,2023-11-21
SE,MG,BELO HORIZONTE,MINEIRAO POSTO DE SERVICOS LTDA,16.599.607/0001-70,AVENIDA PRESIDENTE ANTONIO CARLOS,2710,,CACHOEIRINHA,31130-194,GASOLINA,17/01/2023,4.77,,R$ / litro,VIBRA ENERGIA,2023-11-21
SE,MG,BELO HORIZONTE,MINEIRAO POSTO DE SERVICOS LTDA,16.599.607/0001-70,AVENIDA PRESIDENTE ANTONIO CARLOS,2710,,CACHOEIRINHA,31130-194,GNV,17/01/2023,4.99,,R$ / m³,VIBRA ENERGIA,2023-11-21
SE,MG,BELO HORIZONTE,POSTO PIO XII LTDA.,05.020.360/0001-79,AVENIDA DO CONTORNO,9008,,SANTO AGOSTINHO,30110-067,ETANOL,17/01/2023,3.89,,R$ / litro,RAIZEN,2023-11-21
SE,MG,BELO HORIZONTE,POSTO PIO XII LTDA.,05.020.360/0001-79,AVENIDA DO CONTORNO,9008,,SANTO AGOSTINHO,30110-067,GASOLINA ADITIVADA,17/01/2023,5.19,,R$ / litro,RAIZEN,2023-11-21
SE,MG,BELO HORIZONTE,POSTO PIO XII LTDA.,05.020.360/0001-79,AVENIDA DO CONTORNO,9008,,SANTO AGOSTINHO,30110-067,GASOLINA,17/01/2023,4.79,,R$ / litro,RAIZEN,2023-11-21
SE,MG,BELO HORIZONTE,COMERCIAL RACOL LTDA,04.755.071/0001-55,AVENIDA BRIGADEIRO EDUARDO GOMES,1980,,GLORIA,30870-100,ETANOL,16/01/2023,3.79,,R$ / litro,BRANCA,2023-11-21
SE,MG,BELO HORIZONTE,COMERCIAL RACOL LTDA,04.755.071/0001-55,AVENIDA BRIGADEIRO EDUARDO GOMES,1980,,GLORIA,30870-100,GASOLINA,16/01/2023,4.79,,R$ / litro,BRANCA,2023-11-21
SE,MG,BELO HORIZONTE,GNV SETE BELO LTDA,04.399.544/0001-29,AVENIDA CRISTIANO MACHADO,8898,,MINASLANDIA,31812-112,ETANOL,17/01/2023,3.89,,R$ / litro,VIBRA ENERGIA,2023-11-21
SE,MG,BELO HORIZONTE,GNV SETE BELO LTDA,04.399.544/0001-29,AVENIDA CRISTIANO MACHADO,8898,,MINASLANDIA,31812-112,DIESEL S10,17/01/2023,6.19,,R$ / litro,VIBRA ENERGIA,2023-11-21
SE,MG,BELO HORIZONTE,GNV SETE BELO LTDA,04.399.544/0001-29,AVENIDA CRISTIANO MACHADO,8898,,MINASLANDIA,31812-112,GASOLINA,17/01/2023,4.79,,R$ / litro,VIBRA ENERGIA,2023-11-21
SE,MG,BELO HORIZONTE,GNV SETE BELO LTDA,04.399.544/0001-29,AVENIDA CRISTIANO MACHADO,8898,,MINASLANDIA,31812-112,GNV,17/01/2023,4.99,,R$ / m³,VIBRA ENERGIA,2023-11-21
SE,MG,BELO HORIZONTE,POSTO MARTE LTDA,03.638.042/0001-40,RUA JACUI,1712,,GRACA,31110-050,ETANOL,17/01/2023,3.79,,R$ / litro,RAIZEN,2023-11-21
SE,MG,BELO HORIZONTE,POSTO MARTE LTDA,03.638.042/0001-40,RUA JACUI,1712,,GRACA,31110-050,GASOLINA ADITIVADA,17/01/2023,4.99,,R$ / litro,RAIZEN,2023-11-21
SE,MG,BELO HORIZONTE,POSTO MARTE LTDA,03.638.042/0001-40,RUA JACUI,1712,,GRACA,31110-050,GASOLINA,17/01/2023,4.74,,R$ / litro,RAIZEN,2023-11-21
SE,MG,BELO HORIZONTE,DUTRA E SILVA LTDA,02.104.426/0001-10,AVENIDA DOS ENGENHEIROS,465,,ALIPIO DE MELO,30840-300,ETANOL,16/01/2023,3.97,,R$ / litro,IPIRANGA,2023-11-21
SE,MG,BELO HORIZONTE,DUTRA E SILVA LTDA,02.104.426/0001-10,AVENIDA DOS ENGENHEIROS,465,,ALIPIO DE MELO,30840-300,DIESEL S10,16/01/2023,6.59,,R$ / litro,IPIRANGA,2023-11-21
SE,MG,BELO HORIZONTE,DUTRA E SILVA LTDA,02.104.426/0001-10,AVENIDA DOS ENGENHEIROS,465,,ALIPIO DE MELO,30840-300,GASOLINA ADITIVADA,16/01/2023,5.17,,R$ / litro,IPIRANGA,2023-11-21
SE,MG,BELO HORIZONTE,DUTRA E SILVA LTDA,02.104.426/0001-10,AVENIDA DOS ENGENHEIROS,465,,ALIPIO DE MELO,30840-300,GASOLINA,16/01/2023,4.97,,R$ / litro,IPIRANGA,2023-11-21
SE,MG,BELO HORIZONTE,POSTO BOA ESPERANCA LTDA.,00.911.117/0001-27,RODOVIA PAPA JOAO PAULO II,3031,,SERRA VERDE,31630-369,ETANOL,16/01/2023,3.89,,R$ / litro,ALESAT,2023-11-21
SE,MG,BELO HORIZONTE,POSTO BOA ESPERANCA LTDA.,00.911.117/0001-27,RODOVIA PAPA JOAO PAULO II,3031,,SERRA VERDE,31630-369,GASOLINA ADITIVADA,16/01/2023,4.99,,R$ / litro,ALESAT,2023-11-21
SE,MG,BELO HORIZONTE,POSTO BOA ESPERANCA LTDA.,00.911.117/0001-27,RODOVIA PAPA JOAO PAULO II,3031,,SERRA VERDE,31630-369,GASOLINA,16/01/2023,4.79,,R$ / litro,ALESAT,2023-11-21
SE,MG,BELO HORIZONTE,AUTO POSTO VERONA EIRELI,00.911.111/0001-50,RODOVIA ANEL RODOVIARIO CELSO MELLO AZEVEDO,23759,,DOM SILVERIO,31985-203,ETANOL,16/01/2023,3.99,,R$ / litro,IPIRANGA,2023-11-21
SE,MG,BELO HORIZONTE,AUTO POSTO VERONA EIRELI,00.911.111/0001-50,RODOVIA ANEL RODOVIARIO CELSO MELLO AZEVEDO,23759,,DOM SILVERIO,31985-203,DIESEL S10,16/01/2023,6.2,,R$ / litro,IPIRANGA,2023-11-21
SE,MG,BELO HORIZONTE,AUTO POSTO VERONA EIRELI,00.911.111/0001-50,RODOVIA ANEL RODOVIARIO CELSO MELLO AZEVEDO,23759,,DOM SILVERIO,31985-203,DIESEL,16/01/2023,6.05,,R$ / litro,IPIRANGA,2023-11-21
SE,MG,BELO HORIZONTE,AUTO POSTO VERONA EIRELI,00.911.111/0001-50,RODOVIA ANEL RODOVIARIO CELSO MELLO AZEVEDO,23759,,DOM SILVERIO,31985-203,GASOLINA ADITIVADA,16/01/2023,5.39,,R$ / litro,IPIRANGA,2023-11-21
SE,MG,BELO HORIZONTE,AUTO POSTO VERONA EIRELI,00.911.111/0001-50,RODOVIA ANEL RODOVIARIO CELSO MELLO AZEVEDO,23759,,DOM SILVERIO,31985-203,GASOLINA,16/01/2023,4.99,,R$ / litro,IPIRANGA,2023-11-21
SE,MG,BELO HORIZONTE,POSTO ASTRAL LTDA,00.524.333/0001-10,AVENIDA BRIG EDUARDO GOMES,1025,,GLORIA,30870-100,ETANOL,16/01/2023,3.88,,R$ / litro,VIBRA ENERGIA,2023-11-21
SE,MG,BELO HORIZONTE,POSTO ASTRAL LTDA,00.524.333/0001-10,AVENIDA BRIG EDUARDO GOMES,1025,,GLORIA,30870-100,DIESEL S10,16/01/2023,6.29,,R$ / litro,VIBRA ENERGIA,2023-11-21
SE,MG,BELO HORIZONTE,POSTO ASTRAL LTDA,00.524.333/0001-10,AVENIDA BRIG EDUARDO GOMES,1025,,GLORIA,30870-100,GASOLINA,16/01/2023,4.79,,R$ / litro,VIBRA ENERGIA,2023-11-21
SE,MG,BELO HORIZONTE,POSTO SARAMENHA LTDA,00.416.899/0001-28,AVENIDA SERRANA,750,,SERRANO,30882-370,ETANOL,16/01/2023,3.75,,R$ / litro,IPIRANGA,2023-11-21
SE,MG,BELO HORIZONTE,POSTO SARAMENHA LTDA,00.416.899/0001-28,AVENIDA SERRANA,750,,SERRANO,30882-370,DIESEL S10,16/01/2023,6.18,,R$ / litro,IPIRANGA,2023-11-21
SE,MG,BELO HORIZONTE,POSTO SARAMENHA LTDA,00.416.899/0001-28,AVENIDA SERRANA,750,,SERRANO,30882-370,GASOLINA ADITIVADA,16/01/2023,5.15,,R$ / litro,IPIRANGA,2023-11-21
SE,MG,BELO HORIZONTE,POSTO SARAMENHA LTDA,00.416.899/0001-28,AVENIDA SERRANA,750,,SERRANO,30882-370,GASOLINA,16/01/2023,4.75,,R$ / litro,IPIRANGA,2023-11-21
SE,MG,CAMPO BELO,PETROFILTROS LTDA,20.874.277/0004-01,RUA JOAO MARTINS DINIZ,786,,AEROPORTO,37270-000,DIESEL S10,18/01/2023,6.2,,R$ / litro,VIBRA ENERGIA,2023-11-21
SE,MG,CAMPO BELO,PETROFILTROS LTDA,20.874.277/0004-01,RUA JOAO MARTINS DINIZ,786,,AEROPORTO,37270-000,GASOLINA,18/01/2023,4.87,,R$ / litro,VIBRA ENERGIA,2023-11-21
SE,MG,CAMPO BELO,SOCIEDADE COSTA CAMPOS LTDA,18.182.667/0001-18,AVENIDA AFONSO PENA,640,,CENTRO,37270-000,ETANOL,19/01/2023,3.89,,R$ / litro,BRANCA,2023-11-21
SE,MG,CAMPO BELO,SOCIEDADE COSTA CAMPOS LTDA,18.182.667/0001-18,AVENIDA AFONSO PENA,640,,CENTRO,37270-000,DIESEL S10,19/01/2023,6.34,,R$ / litro,BRANCA,2023-11-21
SE,MG,CAMPO BELO,SOCIEDADE COSTA CAMPOS LTDA,18.182.667/0001-18,AVENIDA AFONSO PENA,640,,CENTRO,37270-000,GASOLINA,19/01/2023,4.89,,R$ / litro,BRANCA,2023-11-21
SE,MG,CORONEL FABRICIANO,AUTO POSTO GENTIL ELOHIM LTDA,05.861.319/0001-25,RUA BELO HORIZONTE,150,LETRA A,CALADINHO,35171-167,ETANOL,19/01/2023,3.85,,R$ / litro,BRANCA,2023-11-21
SE,MG,CORONEL FABRICIANO,AUTO POSTO GENTIL ELOHIM LTDA,05.861.319/0001-25,RUA BELO HORIZONTE,150,LETRA A,CALADINHO,35171-167,GASOLINA,19/01/2023,4.85,,R$ / litro,BRANCA,2023-11-21
SE,MG,CORONEL FABRICIANO,AUTO POSTO FABRICIANO LTDA.,05.611.577/0001-53,RUA ARGENTINA,105,,SANTA CRUZ,35170-242,ETANOL,19/01/2023,4.19,,R$ / litro,BRANCA,2023-11-21
SE,MG,CORONEL FABRICIANO,AUTO POSTO FABRICIANO LTDA.,05.611.577/0001-53,RUA ARGENTINA,105,,SANTA CRUZ,35170-242,DIESEL,19/01/2023,6.79,,R$ / litro,BRANCA,2023-11-21
SE,MG,CORONEL FABRICIANO,AUTO POSTO FABRICIANO LTDA.,05.611.577/0001-53,RUA ARGENTINA,105,,SANTA CRUZ,35170-242,GASOLINA,19/01/2023,5.69,,R$ / litro,BRANCA,2023-11-21
SE,MG,CORONEL FABRICIANO,COMERCIAL DE COMBUSTIVEIS CRISTAL LTDA,04.900.773/0001-85,AVENIDA TANCREDO DE ALMEIDA NEVES,5417,,CALADINHO DE CIMA,35171-302,ETANOL,19/01/2023,3.94,,R$ / litro,ALESAT,2023-11-21
SE,MG,CORONEL FABRICIANO,COMERCIAL DE COMBUSTIVEIS CRISTAL LTDA,04.900.773/0001-85,AVENIDA TANCREDO DE ALMEIDA NEVES,5417,,CALADINHO DE CIMA,35171-302,DIESEL,19/01/2023,5.95,,R$ / litro,ALESAT,2023-11-21
SE,MG,CORONEL FABRICIANO,COMERCIAL DE COMBUSTIVEIS CRISTAL LTDA,04.900.773/0001-85,AVENIDA TANCREDO DE ALMEIDA NEVES,5417,,CALADINHO DE CIMA,35171-302,GASOLINA,19/01/2023,4.89,,R$ / litro,ALESAT,2023-11-21
SE,MG,CORONEL FABRICIANO,ORGANIZACOES MILLA LTDA,02.158.069/0001-73,AVENIDA MAGALHAES PINTO,868,,GIOVANNINI,35170-097,ETANOL,18/01/2023,4.29,,R$ / litro,VIBRA ENERGIA,2023-11-21
SE,MG,CORONEL FABRICIANO,ORGANIZACOES MILLA LTDA,02.158.069/0001-73,AVENIDA MAGALHAES PINTO,868,,GIOVANNINI,35170-097,DIESEL S10,18/01/2023,6.49,,R$ / litro,VIBRA ENERGIA,2023-11-21
SE,MG,CORONEL FABRICIANO,ORGANIZACOES MILLA LTDA,02.158.069/0001-73,AVENIDA MAGALHAES PINTO,868,,GIOVANNINI,35170-097,GASOLINA ADITIVADA,18/01/2023,5.09,,R$ / litro,VIBRA ENERGIA,2023-11-21
SE,MG,CORONEL FABRICIANO,ORGANIZACOES MILLA LTDA,02.158.069/0001-73,AVENIDA MAGALHAES PINTO,868,,GIOVANNINI,35170-097,GASOLINA,18/01/2023,4.99,,R$ / litro,VIBRA ENERGIA,2023-11-21
SE,MG,CORONEL FABRICIANO,POSTO GT LTDA,17.006.537/0006-76,AVENIDA MAGALHAES PINTO,2257,,SEN.MELO VIANA,35170-097,ETANOL,18/01/2023,3.89,,R$ / litro,VIBRA ENERGIA,2023-11-21
SE,MG,CORONEL FABRICIANO,POSTO GT LTDA,17.006.537/0006-76,AVENIDA MAGALHAES PINTO,2257,,SEN.MELO VIANA,35170-097,DIESEL,18/01/2023,5.99,,R$ / litro,VIBRA ENERGIA,2023-11-21
SE,MG,CORONEL FABRICIANO,POSTO GT LTDA,17.006.537/0006-76,AVENIDA MAGALHAES PINTO,2257,,SEN.MELO VIANA,35170-097,GASOLINA ADITIVADA,18/01/2023,4.95,,R$ / litro,VIBRA ENERGIA,2023-11-21
SE,MG,CORONEL FABRICIANO,POSTO GT LTDA,17.006.537/0006-76,AVENIDA MAGALHAES PINTO,2257,,SEN.MELO VIANA,35170-097,GASOLINA,18/01/2023,4.85,,R$ / litro,VIBRA ENERGIA,2023-11-21
SE,MG,CORONEL FABRICIANO,AUTO POSTO IRMÃOS PORTILHO LTDA.,02.736.839/0001-18,AVENIDA TANCREDO DE ALMEIDA NEVES,3744,0,MORADA DO VALE,35171-302,ETANOL,19/01/2023,3.99,,R$ / litro,ALESAT,2023-11-21
SE,MG,CORONEL FABRICIANO,AUTO POSTO IRMÃOS PORTILHO LTDA.,02.736.839/0001-18,AVENIDA TANCREDO DE ALMEIDA NEVES,3744,0,MORADA DO VALE,35171-302,DIESEL S10,19/01/2023,6.19,,R$ / litro,ALESAT,2023-11-21
SE,MG,CORONEL FABRICIANO,AUTO POSTO IRMÃOS PORTILHO LTDA.,02.736.839/0001-18,AVENIDA TANCREDO DE ALMEIDA NEVES,3744,0,MORADA DO VALE,35171-302,DIESEL,19/01/2023,6.09,,R$ / litro,ALESAT,2023-11-21
SE,MG,CORONEL FABRICIANO,AUTO POSTO IRMÃOS PORTILHO LTDA.,02.736.839/0001-18,AVENIDA TANCREDO DE ALMEIDA NEVES,3744,0,MORADA DO VALE,35171-302,GASOLINA,19/01/2023,4.94,,R$ / litro,ALESAT,2023-11-21
SE,MG,ITAUNA,AUTO POSTO EXCALIBUR LTDA.,05.749.673/0001-62,AVENIDA SAO JOAO,4434,,CENTRO,35680-065,ETANOL,17/01/2023,3.78,,R$ / litro,BRANCA,2023-11-21
SE,MG,ITAUNA,AUTO POSTO EXCALIBUR LTDA.,05.749.673/0001-62,AVENIDA SAO JOAO,4434,,CENTRO,35680-065,DIESEL S10,17/01/2023,6.28,,R$ / litro,BRANCA,2023-11-21
SE,MG,ITAUNA,AUTO POSTO EXCALIBUR LTDA.,05.749.673/0001-62,AVENIDA SAO JOAO,4434,,CENTRO,35680-065,GASOLINA,17/01/2023,4.78,,R$ / litro,BRANCA,2023-11-21
SE,MG,MANHUACU,POSTO MAP LTDA,03.209.283/0001-74,RUA FELIPE NACIF,136,,BAIXADA,36900-000,ETANOL,20/01/2023,3.99,,R$ / litro,RAIZEN,2023-11-21
SE,MG,MANHUACU,POSTO MAP LTDA,03.209.283/0001-74,RUA FELIPE NACIF,136,,BAIXADA,36900-000,DIESEL S10,20/01/2023,6.46,,R$ / litro,RAIZEN,2023-11-21
SE,MG,MANHUACU,POSTO MAP LTDA,03.209.283/0001-74,RUA FELIPE NACIF,136,,BAIXADA,36900-000,DIESEL,20/01/2023,6.36,,R$ / litro,RAIZEN,2023-11-21
SE,MG,MANHUACU,POSTO MAP LTDA,03.209.283/0001-74,RUA FELIPE NACIF,136,,BAIXADA,36900-000,GASOLINA ADITIVADA,20/01/2023,5.24,,R$ / litro,RAIZEN,2023-11-21
SE,MG,MANHUACU,POSTO MAP LTDA,03.209.283/0001-74,RUA FELIPE NACIF,136,,BAIXADA,36900-000,GASOLINA,20/01/2023,4.99,,R$ / litro,RAIZEN,2023-11-21
SE,MG,MANHUACU,TURBO COMERCIO DE COMBUSTIVEIS LTDA,04.746.508/0001-94,RODOVIA MG 111,S/N,KM 78,CORREGO DO FEIJOAL,36900-000,ETANOL,20/01/2023,3.95,,R$ / litro,BRANCA,2023-11-21
SE,MG,MANHUACU,TURBO COMERCIO DE COMBUSTIVEIS LTDA,04.746.508/0001-94,RODOVIA MG 111,S/N,KM 78,CORREGO DO FEIJOAL,36900-000,DIESEL S10,20/01/2023,6.42,,R$ / litro,BRANCA,2023-11-21
SE,MG,MANHUACU,TURBO COMERCIO DE COMBUSTIVEIS LTDA,04.746.508/0001-94,RODOVIA MG 111,S/N,KM 78,CORREGO DO FEIJOAL,36900-000,DIESEL,20/01/2023,6.32,,R$ / litro,BRANCA,2023-11-21
SE,MG,MANHUACU,TURBO COMERCIO DE COMBUSTIVEIS LTDA,04.746.508/0001-94,RODOVIA MG 111,S/N,KM 78,CORREGO DO FEIJOAL,36900-000,GASOLINA,20/01/2023,4.96,,R$ / litro,BRANCA,2023-11-21
SE,MG,MANHUACU,AUTO POSTO STAR LTDA,21.659.370/0001-05,RODOVIA BR 262 - KM 39,3000,,VISTA ALEGRE,36900-000,ETANOL,17/01/2023,4.1,,R$ / litro,RAIZEN,2023-11-21
SE,MG,MANHUACU,AUTO POSTO STAR LTDA,21.659.370/0001-05,RODOVIA BR 262 - KM 39,3000,,VISTA ALEGRE,36900-000,DIESEL S10,17/01/2023,6.19,,R$ / litro,RAIZEN,2023-11-21
SE,MG,MANHUACU,AUTO POSTO STAR LTDA,21.659.370/0001-05,RODOVIA BR 262 - KM 39,3000,,VISTA ALEGRE,36900-000,DIESEL,17/01/2023,6.09,,R$ / litro,RAIZEN,2023-11-21
SE,MG,MANHUACU,AUTO POSTO STAR LTDA,21.659.370/0001-05,RODOVIA BR 262 - KM 39,3000,,VISTA ALEGRE,36900-000,GASOLINA ADITIVADA,17/01/2023,5.3,,R$ / litro,RAIZEN,2023-11-21
SE,MG,MANHUACU,AUTO POSTO STAR LTDA,21.659.370/0001-05,RODOVIA BR 262 - KM 39,3000,,VISTA ALEGRE,36900-000,GASOLINA,17/01/2023,5.1,,R$ / litro,RAIZEN,2023-11-21
SE,MG,MANHUACU,POSTO MARILIA LTDA,21.657.069/0001-62,RUA ANTONIO WELERSON,526,,SANTO ANTONIO,36900-000,ETANOL,20/01/2023,3.99,,R$ / litro,BRANCA,2023-11-21
SE,MG,MANHUACU,POSTO MARILIA LTDA,21.657.069/0001-62,RUA ANTONIO WELERSON,526,,SANTO ANTONIO,36900-000,GASOLINA ADITIVADA,20/01/2023,5.12,,R$ / litro,BRANCA,2023-11-21
SE,MG,MANHUACU,POSTO MARILIA LTDA,21.657.069/0001-62,RUA ANTONIO WELERSON,526,,SANTO ANTONIO,36900-000,GASOLINA,20/01/2023,4.99,,R$ / litro,BRANCA,2023-11-21
SE,MG,MANHUACU,FERNANDES SOUZA & FERREIRA LTDA,03.865.742/0001-78,PRACA CORONEL PEDRO FARIA,1192,,SÃO JORGE,36900-000,ETANOL,19/01/2023,3.99,,R$ / litro,ALESAT,2023-11-21
SE,MG,MANHUACU,FERNANDES SOUZA & FERREIRA LTDA,03.865.742/0001-78,PRACA CORONEL PEDRO FARIA,1192,,SÃO JORGE,36900-000,GASOLINA ADITIVADA,19/01/2023,4.99,,R$ / litro,ALESAT,2023-11-21
SE,MG,MANHUACU,FERNANDES SOUZA & FERREIRA LTDA,03.865.742/0001-78,PRACA CORONEL PEDRO FARIA,1192,,SÃO JORGE,36900-000,GASOLINA,19/01/2023,4.99,,R$ / litro,ALESAT,2023-11-21
SE,MG,MONTE CARMELO,POSTO SANTA RITA DA MEDALHA MILAGROSA LTDA,03.792.817/0002-19,PRA A LANDULFO CARDOSO NAVES,422,,CENTRO,38500-000,ETANOL,18/01/2023,3.55,,R$ / litro,BRANCA,2023-11-21
SE,MG,MONTE CARMELO,POSTO SANTA RITA DA MEDALHA MILAGROSA LTDA,03.792.817/0002-19,PRA A LANDULFO CARDOSO NAVES,422,,CENTRO,38500-000,GASOLINA,18/01/2023,4.67,,R$ / litro,BRANCA,2023-11-21
SE,MG,MONTE CARMELO,POSTO KRILL DE MONTE CARMELO LTDA,09.227.080/0001-97,AVENIDA JOAO PINHEIRO,1187,,BOA VISTA,38500-000,ETANOL,17/01/2023,3.55,,R$ / litro,BRANCA,2023-11-21
SE,MG,MONTE CARMELO,POSTO KRILL DE MONTE CARMELO LTDA,09.227.080/0001-97,AVENIDA JOAO PINHEIRO,1187,,BOA VISTA,38500-000,DIESEL S10,17/01/2023,5.89,,R$ / litro,BRANCA,2023-11-21
SE,MG,MONTE CARMELO,POSTO KRILL DE MONTE CARMELO LTDA,09.227.080/0001-97,AVENIDA JOAO PINHEIRO,1187,,BOA VISTA,38500-000,DIESEL,17/01/2023,5.89,,R$ / litro,BRANCA,2023-11-21
SE,MG,MONTE CARMELO,POSTO KRILL DE MONTE CARMELO LTDA,09.227.080/0001-97,AVENIDA JOAO PINHEIRO,1187,,BOA VISTA,38500-000,GASOLINA,17/01/2023,4.67,,R$ / litro,BRANCA,2023-11-21
SE,MG,MONTE CARMELO,POSTO CARMELITANO LTDA,71.304.497/0001-80,RUA ROMUALDO RESENDE,1000,,TAMBORIL,38500-000,ETANOL,19/01/2023,3.95,,R$ / litro,BRANCA,2023-11-21
SE,MG,MONTE CARMELO,POSTO CARMELITANO LTDA,71.304.497/0001-80,RUA ROMUALDO RESENDE,1000,,TAMBORIL,38500-000,DIESEL,19/01/2023,6.59,,R$ / litro,BRANCA,2023-11-21
SE,MG,MONTE CARMELO,POSTO CARMELITANO LTDA,71.304.497/0001-80,RUA ROMUALDO RESENDE,1000,,TAMBORIL,38500-000,GASOLINA ADITIVADA,19/01/2023,4.98,,R$ / litro,BRANCA,2023-11-21
SE,MG,MONTE CARMELO,POSTO ALTO PARANAIBA EIRELI,22.604.607/0001-13,RUA RAUL SOARES,115,,CENTRO,38500-000,ETANOL,19/01/2023,3.99,,R$ / litro,IPIRANGA,2023-11-21
SE,MG,MONTE CARMELO,POSTO ALTO PARANAIBA EIRELI,22.604.607/0001-13,RUA RAUL SOARES,115,,CENTRO,38500-000,DIESEL S10,19/01/2023,6.49,,R$ / litro,IPIRANGA,2023-11-21
SE,MG,MONTE CARMELO,POSTO ALTO PARANAIBA EIRELI,22.604.607/0001-13,RUA RAUL SOARES,115,,CENTRO,38500-000,GASOLINA,19/01/2023,4.99,,R$ / litro,IPIRANGA,2023-11-21
SE,MG,MURIAE,POSTO AMIGAO DE MURIAE LTDA,05.585.305/0001-26,AVENIDA RIO BAHIA,5450,X,BARRA,36880-000,ETANOL,18/01/2023,4.23,,R$ / litro,VIBRA ENERGIA,2023-11-21
SE,MG,MURIAE,POSTO AMIGAO DE MURIAE LTDA,05.585.305/0001-26,AVENIDA RIO BAHIA,5450,X,BARRA,36880-000,DIESEL S10,18/01/2023,6.29,,R$ / litro,VIBRA ENERGIA,2023-11-21
SE,MG,MURIAE,POSTO AMIGAO DE MURIAE LTDA,05.585.305/0001-26,AVENIDA RIO BAHIA,5450,X,BARRA,36880-000,DIESEL,18/01/2023,6.19,,R$ / litro,VIBRA ENERGIA,2023-11-21
SE,MG,MURIAE,POSTO AMIGAO DE MURIAE LTDA,05.585.305/0001-26,AVENIDA RIO BAHIA,5450,X,BARRA,36880-000,GASOLINA ADITIVADA,18/01/2023,5.28,,R$ / litro,VIBRA ENERGIA,2023-11-21
SE,MG,MURIAE,POSTO AMIGAO DE MURIAE LTDA,05.585.305/0001-26,AVENIDA RIO BAHIA,5450,X,BARRA,36880-000,GASOLINA,18/01/2023,5.23,,R$ / litro,VIBRA ENERGIA,2023-11-21
SE,MG,MURIAE,POSTO JOIA DE MURIAE LTDA,19.661.701/0001-08,AVENIDA MONTEIRO DE CASTRO,444,,BARRA,36884-013,ETANOL,18/01/2023,4.23,,R$ / litro,ALESAT,2023-11-21
SE,MG,MURIAE,POSTO JOIA DE MURIAE LTDA,19.661.701/0001-08,AVENIDA MONTEIRO DE CASTRO,444,,BARRA,36884-013,DIESEL S10,18/01/2023,6.79,,R$ / litro,ALESAT,2023-11-21
SE,MG,MURIAE,POSTO JOIA DE MURIAE LTDA,19.661.701/0001-08,AVENIDA MONTEIRO DE CASTRO,444,,BARRA,36884-013,GASOLINA ADITIVADA,18/01/2023,5.38,,R$ / litro,ALESAT,2023-11-21
SE,MG,MURIAE,POSTO JOIA DE MURIAE LTDA,19.661.701/0001-08,AVENIDA MONTEIRO DE CASTRO,444,,BARRA,36884-013,GASOLINA,18/01/2023,5.33,,R$ / litro,ALESAT,2023-11-21
SE,MG,MURIAE,AUTO POSTO TRADICAO LTDA,03.815.352/0001-93,AVENIDA RIO BAHIA,5415,,BARRA,36880-000,ETANOL,18/01/2023,4.23,,R$ / litro,IPIRANGA,2023-11-21
SE,MG,MURIAE,AUTO POSTO TRADICAO LTDA,03.815.352/0001-93,AVENIDA RIO BAHIA,5415,,BARRA,36880-000,DIESEL S10,18/01/2023,6.28,,R$ / litro,IPIRANGA,2023-11-21
SE,MG,MURIAE,AUTO POSTO TRADICAO LTDA,03.815.352/0001-93,AVENIDA RIO BAHIA,5415,,BARRA,36880-000,DIESEL,18/01/2023,6.18,,R$ / litro,IPIRANGA,2023-11-21
SE,MG,MURIAE,AUTO POSTO TRADICAO LTDA,03.815.352/0001-93,AVENIDA RIO BAHIA,5415,,BARRA,36880-000,GASOLINA ADITIVADA,18/01/2023,5.28,,R$ / litro,IPIRANGA,2023-11-21
SE,MG,MURIAE,AUTO POSTO TRADICAO LTDA,03.815.352/0001-93,AVENIDA RIO BAHIA,5415,,BARRA,36880-000,GASOLINA,18/01/2023,5.23,,R$ / litro,IPIRANGA,2023-11-21
SE,MG,MURIAE,AUTO POSTO DORNELAS LTDA,03.285.009/0001-84,PRACA DORNELAS,85,,DORNELAS,36884-183,ETANOL,18/01/2023,4.29,,R$ / litro,IPIRANGA,2023-11-21
SE,MG,MURIAE,AUTO POSTO DORNELAS LTDA,03.285.009/0001-84,PRACA DORNELAS,85,,DORNELAS,36884-183,DIESEL S10,18/01/2023,6.39,,R$ / litro,IPIRANGA,2023-11-21
SE,MG,MURIAE,AUTO POSTO DORNELAS LTDA,03.285.009/0001-84,PRACA DORNELAS,85,,DORNELAS,36884-183,DIESEL,18/01/2023,6.29,,R$ / litro,IPIRANGA,2023-11-21
SE,MG,MURIAE,AUTO POSTO DORNELAS LTDA,03.285.009/0001-84,PRACA DORNELAS,85,,DORNELAS,36884-183,GASOLINA ADITIVADA,18/01/2023,5.39,,R$ / litro,IPIRANGA,2023-11-21
SE,MG,MURIAE,AUTO POSTO DORNELAS LTDA,03.285.009/0001-84,PRACA DORNELAS,85,,DORNELAS,36884-183,GASOLINA,18/01/2023,5.24,,R$ / litro,IPIRANGA,2023-11-21
SE,MG,NOVA LIMA,POSTO CURVA DO RETIRO LTDA,04.437.401/0001-64,RODOVIA BR 040 - KM 548,2000,LOTES 01 A 12,JARDIM CANADA,34000-001,ETANOL,19/01/2023,3.75,,R$ / litro,VIBRA ENERGIA,2023-11-21
SE,MG,NOVA LIMA,POSTO CURVA DO RETIRO LTDA,04.437.401/0001-64,RODOVIA BR 040 - KM 548,2000,LOTES 01 A 12,JARDIM CANADA,34000-001,GASOLINA ADITIVADA,19/01/2023,5.09,,R$ / litro,VIBRA ENERGIA,2023-11-21
SE,MG,NOVA LIMA,POSTO CURVA DO RETIRO LTDA,04.437.401/0001-64,RODOVIA BR 040 - KM 548,2000,LOTES 01 A 12,JARDIM CANADA,34000-001,GASOLINA,19/01/2023,4.79,,R$ / litro,VIBRA ENERGIA,2023-11-21
SE,MG,NOVA LIMA,PETROLIM LTDA,17.236.977/0001-05,PRACA EXPEDICIONARIO ASSUNCAO,12,,CENTRO,34000-001,ETANOL,19/01/2023,3.99,,R$ / litro,RAIZEN,2023-11-21
SE,MG,NOVA LIMA,PETROLIM LTDA,17.236.977/0001-05,PRACA EXPEDICIONARIO ASSUNCAO,12,,CENTRO,34000-001,DIESEL S10,19/01/2023,6.69,,R$ / litro,RAIZEN,2023-11-21
SE,MG,NOVA LIMA,PETROLIM LTDA,17.236.977/0001-05,PRACA EXPEDICIONARIO ASSUNCAO,12,,CENTRO,34000-001,GASOLINA ADITIVADA,19/01/2023,5.39,,R$ / litro,RAIZEN,2023-11-21
SE,MG,NOVA LIMA,PETROLIM LTDA,17.236.977/0001-05,PRACA EXPEDICIONARIO ASSUNCAO,12,,CENTRO,34000-001,GASOLINA,19/01/2023,4.99,,R$ / litro,RAIZEN,2023-11-21
SE,MG,NOVA LIMA,POSTO SERRA DAS MANSOES LTDA - ME,03.658.823/0001-05,RODOVIA MG-030,"1,709",,B OURO VELHO MANSOES,34000-000,ETANOL,19/01/2023,3.95,,R$ / litro,RAIZEN,2023-11-21
SE,MG,NOVA LIMA,POSTO SERRA DAS MANSOES LTDA - ME,03.658.823/0001-05,RODOVIA MG-030,"1,709",,B OURO VELHO MANSOES,34000-000,DIESEL S10,19/01/2023,6.59,,R$ / litro,RAIZEN,2023-11-21
SE,MG,NOVA LIMA,POSTO SERRA DAS MANSOES LTDA - ME,03.658.823/0001-05,RODOVIA MG-030,"1,709",,B OURO VELHO MANSOES,34000-000,GASOLINA ADITIVADA,19/01/2023,5.37,,R$ / litro,RAIZEN,2023-11-21
SE,MG,NOVA LIMA,POSTO SERRA DAS MANSOES LTDA - ME,03.658.823/0001-05,RODOVIA MG-030,"1,709",,B OURO VELHO MANSOES,34000-000,GASOLINA,19/01/2023,4.97,,R$ / litro,RAIZEN,2023-11-21
SE,MG,NOVA LIMA,PHILADELPHIA DERIVADOS DE PETROLEO LTDA,01.629.489/0001-28,PRACA DR. ERNANI RIB. SILVA,22,,CENTRO,34000-000,ETANOL,19/01/2023,3.84,,R$ / litro,ALESAT,2023-11-21
SE,MG,NOVA LIMA,PHILADELPHIA DERIVADOS DE PETROLEO LTDA,01.629.489/0001-28,PRACA DR. ERNANI RIB. SILVA,22,,CENTRO,34000-000,DIESEL S10,19/01/2023,6.49,,R$ / litro,ALESAT,2023-11-21
SE,MG,NOVA LIMA,PHILADELPHIA DERIVADOS DE PETROLEO LTDA,01.629.489/0001-28,PRACA DR. ERNANI RIB. SILVA,22,,CENTRO,34000-000,GASOLINA,19/01/2023,4.92,,R$ / litro,ALESAT,2023-11-21
SE,MG,NOVA LIMA,POSTO DE COMBUSTIVEIS VILA FERNANDA LTDA,00.969.242/0001-98,RUA DA PAISAGEM,45,,VILA DA SERRA,34006-059,ETANOL,19/01/2023,4.09,,R$ / litro,IPIRANGA,2023-11-21
SE,MG,NOVA LIMA,POSTO DE COMBUSTIVEIS VILA FERNANDA LTDA,00.969.242/0001-98,RUA DA PAISAGEM,45,,VILA DA SERRA,34006-059,DIESEL S10,19/01/2023,6.49,,R$ / litro,IPIRANGA,2023-11-21
SE,MG,NOVA LIMA,POSTO DE COMBUSTIVEIS VILA FERNANDA LTDA,00.969.242/0001-98,RUA DA PAISAGEM,45,,VILA DA SERRA,34006-059,GASOLINA ADITIVADA,19/01/2023,5.29,,R$ / litro,IPIRANGA,2023-11-21
SE,MG,NOVA LIMA,POSTO DE COMBUSTIVEIS VILA FERNANDA LTDA,00.969.242/0001-98,RUA DA PAISAGEM,45,,VILA DA SERRA,34006-059,GASOLINA,19/01/2023,4.99,,R$ / litro,IPIRANGA,2023-11-21
SE,MG,UBERABA,CARLOS HUMBERTO ENES ANDRADE & CIA LTDA.,06.183.358/0001-83,AVENIDA NOSSA SENHORA DO DESTERRO,638,,JARDIM ESPLANADA,38082-025,ETANOL,17/01/2023,3.59,,R$ / litro,BRANCA,2023-11-21
SE,MG,UBERABA,CARLOS HUMBERTO ENES ANDRADE & CIA LTDA.,06.183.358/0001-83,AVENIDA NOSSA SENHORA DO DESTERRO,638,,JARDIM ESPLANADA,38082-025,DIESEL S10,17/01/2023,6.47,,R$ / litro,BRANCA,2023-11-21
SE,MG,UBERABA,CARLOS HUMBERTO ENES ANDRADE & CIA LTDA.,06.183.358/0001-83,AVENIDA NOSSA SENHORA DO DESTERRO,638,,JARDIM ESPLANADA,38082-025,DIESEL,17/01/2023,6.37,,R$ / litro,BRANCA,2023-11-21
SE,MG,UBERABA,CARLOS HUMBERTO ENES ANDRADE & CIA LTDA.,06.183.358/0001-83,AVENIDA NOSSA SENHORA DO DESTERRO,638,,JARDIM ESPLANADA,38082-025,GASOLINA ADITIVADA,17/01/2023,4.79,,R$ / litro,BRANCA,2023-11-21
SE,MG,UBERABA,CARLOS HUMBERTO ENES ANDRADE & CIA LTDA.,06.183.358/0001-83,AVENIDA NOSSA SENHORA DO DESTERRO,638,,JARDIM ESPLANADA,38082-025,GASOLINA,17/01/2023,4.79,,R$ / litro,BRANCA,2023-11-21
SE,MG,UBERABA,POSTO ANTARES LTDA,00.361.145/0001-18,RODOVIA BR 050,S/N,"KM 173,4 EST INDUBE",PARQUE HILEA,38055-010,ETANOL,17/01/2023,3.39,,R$ / litro,IPIRANGA,2023-11-21
SE,MG,UBERABA,POSTO ANTARES LTDA,00.361.145/0001-18,RODOVIA BR 050,S/N,"KM 173,4 EST INDUBE",PARQUE HILEA,38055-010,DIESEL S10,17/01/2023,5.89,,R$ / litro,IPIRANGA,2023-11-21
SE,MG,UBERABA,POSTO ANTARES LTDA,00.361.145/0001-18,RODOVIA BR 050,S/N,"KM 173,4 EST INDUBE",PARQUE HILEA,38055-010,DIESEL,17/01/2023,5.84,,R$ / litro,IPIRANGA,2023-11-21
SE,MG,UBERABA,POSTO ANTARES LTDA,00.361.145/0001-18,RODOVIA BR 050,S/N,"KM 173,4 EST INDUBE",PARQUE HILEA,38055-010,GASOLINA ADITIVADA,17/01/2023,4.98,,R$ / litro,IPIRANGA,2023-11-21
SE,MG,UBERABA,POSTO ANTARES LTDA,00.361.145/0001-18,RODOVIA BR 050,S/N,"KM 173,4 EST INDUBE",PARQUE HILEA,38055-010,GASOLINA,17/01/2023,4.89,,R$ / litro,IPIRANGA,2023-11-21
SE,MG,UBERABA,POSTO VERA CRUZ LTDA,25.420.209/0001-35,RUA SAO BENEDITO,417,,SAO BENEDITO,38022-100,ETANOL,17/01/2023,3.89,,R$ / litro,RAIZEN,2023-11-21
SE,MG,UBERABA,POSTO VERA CRUZ LTDA,25.420.209/0001-35,RUA SAO BENEDITO,417,,SAO BENEDITO,38022-100,DIESEL S10,17/01/2023,6.49,,R$ / litro,RAIZEN,2023-11-21
SE,MG,UBERABA,POSTO VERA CRUZ LTDA,25.420.209/0001-35,RUA SAO BENEDITO,417,,SAO BENEDITO,38022-100,DIESEL,17/01/2023,6.29,,R$ / litro,RAIZEN,2023-11-21
SE,MG,UBERABA,POSTO VERA CRUZ LTDA,25.420.209/0001-35,RUA SAO BENEDITO,417,,SAO BENEDITO,38022-100,GASOLINA ADITIVADA,17/01/2023,5.09,,R$ / litro,RAIZEN,2023-11-21
SE,MG,UBERABA,POSTO VERA CRUZ LTDA,25.420.209/0001-35,RUA SAO BENEDITO,417,,SAO BENEDITO,38022-100,GASOLINA,17/01/2023,4.89,,R$ / litro,RAIZEN,2023-11-21
SE,MG,UBERABA,POSTO DA SAUDADE LTDA,02.498.326/0001-16,AVENIDA DA SAUDADE,914,,MERCES,38061-000,ETANOL,17/01/2023,3.59,,R$ / litro,BRANCA,2023-11-21
SE,MG,UBERABA,POSTO DA SAUDADE LTDA,02.498.326/0001-16,AVENIDA DA SAUDADE,914,,MERCES,38061-000,DIESEL S10,17/01/2023,6.19,,R$ / litro,BRANCA,2023-11-21
SE,MG,UBERABA,POSTO DA SAUDADE LTDA,02.498.326/0001-16,AVENIDA DA SAUDADE,914,,MERCES,38061-000,GASOLINA ADITIVADA,17/01/2023,4.79,,R$ / litro,BRANCA,2023-11-21
SE,MG,UBERABA,POSTO DA SAUDADE LTDA,02.498.326/0001-16,AVENIDA DA SAUDADE,914,,MERCES,38061-000,GASOLINA,17/01/2023,4.79,,R$ / litro,BRANCA,2023-11-21
SE,MG,UBERABA,JOSE PUERTAS JIMENEZ & FILHOS LTDA,26.281.022/0001-60,AVENIDA DEPUTADO JOSE MARCUS CHEREM,2040,,VILA SAO CRISTOVAO,38040-500,ETANOL,17/01/2023,3.69,,R$ / litro,RAIZEN,2023-11-21
SE,MG,UBERABA,JOSE PUERTAS JIMENEZ & FILHOS LTDA,26.281.022/0001-60,AVENIDA DEPUTADO JOSE MARCUS CHEREM,2040,,VILA SAO CRISTOVAO,38040-500,DIESEL S10,17/01/2023,6.09,,R$ / litro,RAIZEN,2023-11-21
SE,MG,UBERABA,JOSE PUERTAS JIMENEZ & FILHOS LTDA,26.281.022/0001-60,AVENIDA DEPUTADO JOSE MARCUS CHEREM,2040,,VILA SAO CRISTOVAO,38040-500,DIESEL,17/01/2023,5.99,,R$ / litro,RAIZEN,2023-11-21
SE,MG,UBERABA,JOSE PUERTAS JIMENEZ & FILHOS LTDA,26.281.022/0001-60,AVENIDA DEPUTADO JOSE MARCUS CHEREM,2040,,VILA SAO CRISTOVAO,38040-500,GASOLINA,17/01/2023,4.89,,R$ / litro,RAIZEN,2023-11-21
SE,MG,UBERABA,JOSE PUERTAS JIMENEZ & FILHOS LTDA,26.281.022/0002-41,AVENIDA JOSE VALLIM DE MELLO,1156,,PARQUE GAMELEIRAS,38037-070,ETANOL,17/01/2023,3.69,,R$ / litro,BRANCA,2023-11-21
SE,MG,UBERABA,JOSE PUERTAS JIMENEZ & FILHOS LTDA,26.281.022/0002-41,AVENIDA JOSE VALLIM DE MELLO,1156,,PARQUE GAMELEIRAS,38037-070,DIESEL S10,17/01/2023,6.29,,R$ / litro,BRANCA,2023-11-21
SE,MG,UBERABA,JOSE PUERTAS JIMENEZ & FILHOS LTDA,26.281.022/0002-41,AVENIDA JOSE VALLIM DE MELLO,1156,,PARQUE GAMELEIRAS,38037-070,GASOLINA,17/01/2023,4.89,,R$ / litro,BRANCA,2023-11-21
SE,MG,UBERABA,POSTO BRASIL LTDA,25.426.164/0001-06,AVENIDA FIDELIS REIS,249,,CENTRO,38010-030,ETANOL,17/01/2023,3.59,,R$ / litro,BRANCA,2023-11-21
SE,MG,UBERABA,POSTO BRASIL LTDA,25.426.164/0001-06,AVENIDA FIDELIS REIS,249,,CENTRO,38010-030,DIESEL S10,17/01/2023,6.39,,R$ / litro,BRANCA,2023-11-21
SE,MG,UBERABA,POSTO BRASIL LTDA,25.426.164/0001-06,AVENIDA FIDELIS REIS,249,,CENTRO,38010-030,GASOLINA ADITIVADA,17/01/2023,4.84,,R$ / litro,BRANCA,2023-11-21
SE,MG,UBERABA,POSTO BRASIL LTDA,25.426.164/0001-06,AVENIDA FIDELIS REIS,249,,CENTRO,38010-030,GASOLINA,17/01/2023,4.84,,R$ / litro,BRANCA,2023-11-21
SE,MG,UBERABA,AUTO POSTO MORADA LTDA,20.965.737/0001-56,AVENIDA DONA MARIA DE SANTANA BORGES,1728,0,DISTRITO INDUSTRIAL I,38055-000,ETANOL,17/01/2023,3.58,,R$ / litro,IPIRANGA,2023-11-21
SE,MG,UBERABA,AUTO POSTO MORADA LTDA,20.965.737/0001-56,AVENIDA DONA MARIA DE SANTANA BORGES,1728,0,DISTRITO INDUSTRIAL I,38055-000,DIESEL S10,17/01/2023,6.64,,R$ / litro,IPIRANGA,2023-11-21
SE,MG,UBERABA,AUTO POSTO MORADA LTDA,20.965.737/0001-56,AVENIDA DONA MARIA DE SANTANA BORGES,1728,0,DISTRITO INDUSTRIAL I,38055-000,DIESEL,17/01/2023,6.49,,R$ / litro,IPIRANGA,2023-11-21
SE,MG,UBERABA,AUTO POSTO MORADA LTDA,20.965.737/0001-56,AVENIDA DONA MARIA DE SANTANA BORGES,1728,0,DISTRITO INDUSTRIAL I,38055-000,GASOLINA ADITIVADA,17/01/2023,5.19,,R$ / litro,IPIRANGA,2023-11-21
SE,MG,UBERABA,AUTO POSTO MORADA LTDA,20.965.737/0001-56,AVENIDA DONA MARIA DE SANTANA BORGES,1728,0,DISTRITO INDUSTRIAL I,38055-000,GASOLINA,17/01/2023,4.99,,R$ / litro,IPIRANGA,2023-11-21
SE,MG,UBERABA,AUTO POSTO LCM LTDA,19.946.805/0001-50,RUA JOSE DE ALENCAR,437,,SAO BENEDITO,38022-040,ETANOL,17/01/2023,3.45,,R$ / litro,BRANCA,2023-11-21
SE,MG,UBERABA,AUTO POSTO LCM LTDA,19.946.805/0001-50,RUA JOSE DE ALENCAR,437,,SAO BENEDITO,38022-040,GASOLINA,17/01/2023,4.69,,R$ / litro,BRANCA,2023-11-21
SE,MG,UBERABA,EVALDO DOS SANTOS BATISTA & CIA LTDA,04.918.822/0001-07,AVENIDA DOUTOR ABEL REIS,1000,,RESIDENCIAL DOUTOR ABEL REIS,38017-600,ETANOL,17/01/2023,3.69,,R$ / litro,BRANCA,2023-11-21
SE,MG,UBERABA,EVALDO DOS SANTOS BATISTA & CIA LTDA,04.918.822/0001-07,AVENIDA DOUTOR ABEL REIS,1000,,RESIDENCIAL DOUTOR ABEL REIS,38017-600,DIESEL S10,17/01/2023,6.19,,R$ / litro,BRANCA,2023-11-21
SE,MG,UBERABA,EVALDO DOS SANTOS BATISTA & CIA LTDA,04.918.822/0001-07,AVENIDA DOUTOR ABEL REIS,1000,,RESIDENCIAL DOUTOR ABEL REIS,38017-600,DIESEL,17/01/2023,5.99,,R$ / litro,BRANCA,2023-11-21
SE,MG,UBERABA,EVALDO DOS SANTOS BATISTA & CIA LTDA,04.918.822/0001-07,AVENIDA DOUTOR ABEL REIS,1000,,RESIDENCIAL DOUTOR ABEL REIS,38017-600,GASOLINA ADITIVADA,17/01/2023,4.89,,R$ / litro,BRANCA,2023-11-21
SE,MG,UBERABA,EVALDO DOS SANTOS BATISTA & CIA LTDA,04.918.822/0001-07,AVENIDA DOUTOR ABEL REIS,1000,,RESIDENCIAL DOUTOR ABEL REIS,38017-600,GASOLINA,17/01/2023,4.89,,R$ / litro,BRANCA,2023-11-21
SE,MG,UBERABA,AUTO POSTO NOSSA SENHORA DE LOURDES LTDA,03.278.390/0001-54,AVENIDA NIZA MARQUEZ GUARITA,88,,LOURDES,38055-026,ETANOL,17/01/2023,3.69,,R$ / litro,IPIRANGA,2023-11-21
SE,MG,UBERABA,AUTO POSTO NOSSA SENHORA DE LOURDES LTDA,03.278.390/0001-54,AVENIDA NIZA MARQUEZ GUARITA,88,,LOURDES,38055-026,DIESEL S10,17/01/2023,6.67,,R$ / litro,IPIRANGA,2023-11-21
SE,MG,UBERABA,AUTO POSTO NOSSA SENHORA DE LOURDES LTDA,03.278.390/0001-54,AVENIDA NIZA MARQUEZ GUARITA,88,,LOURDES,38055-026,DIESEL,17/01/2023,6.45,,R$ / litro,IPIRANGA,2023-11-21
SE,MG,UBERABA,AUTO POSTO NOSSA SENHORA DE LOURDES LTDA,03.278.390/0001-54,AVENIDA NIZA MARQUEZ GUARITA,88,,LOURDES,38055-026,GASOLINA,17/01/2023,4.79,,R$ / litro,IPIRANGA,2023-11-21
SE,MG,UBERABA,AUTO SERVICE JOIA COMERCIO DE COMBUSTIVEIS EIRELI,01.426.589/0001-57,AVENIDA ORLANDO R DA CUNHA,880,,LEBLON,38030-100,ETANOL,17/01/2023,3.59,,R$ / litro,ALESAT,2023-11-21
SE,MG,UBERABA,AUTO SERVICE JOIA COMERCIO DE COMBUSTIVEIS EIRELI,01.426.589/0001-57,AVENIDA ORLANDO R DA CUNHA,880,,LEBLON,38030-100,DIESEL S10,17/01/2023,6.59,,R$ / litro,ALESAT,2023-11-21
SE,MG,UBERABA,AUTO SERVICE JOIA COMERCIO DE COMBUSTIVEIS EIRELI,01.426.589/0001-57,AVENIDA ORLANDO R DA CUNHA,880,,LEBLON,38030-100,DIESEL,17/01/2023,6.49,,R$ / litro,ALESAT,2023-11-21
SE,MG,BELO HORIZONTE,ECO EMPREENDIMENTOS COMERCIAIS LTDA,00.194.032/0002-56,RUA CONCEICAO DO MATO DENTRO,335,,OURO PRETO,31310-240,GASOLINA ADITIVADA,16/01/2023,5.08,,R$ / litro,VIBRA ENERGIA,2023-11-21
SE,MG,BELO HORIZONTE,ECO EMPREENDIMENTOS COMERCIAIS LTDA,00.194.032/0002-56,RUA CONCEICAO DO MATO DENTRO,335,,OURO PRETO,31310-240,GASOLINA,16/01/2023,4.88,,R$ / litro,VIBRA ENERGIA,2023-11-21
SE,MG,BELO HORIZONTE,ECO EMPREENDIMENTOS COMERCIAIS LTDA,00.194.032/0002-56,RUA CONCEICAO DO MATO DENTRO,335,,OURO PRETO,31310-240,ETANOL,16/01/2023,3.78,,R$ / litro,VIBRA ENERGIA,2023-11-21
SE,MG,ARAGUARI,COOPDIESEL-COOPERATIVA DE PESSOAS FISICAS E JURIDICAS NO SEGMENTO DE TRANSPORTES EM GERAL,08.562.870/0001-66,"RUA, SAO SALVADOR",671, ,SAO LUIZ,38446-130,ETANOL,16/01/2023,3.6,,R$ / litro,BRANCA,2023-11-21
SE,MG,ARAGUARI,COOPDIESEL-COOPERATIVA DE PESSOAS FISICAS E JURIDICAS NO SEGMENTO DE TRANSPORTES EM GERAL,08.562.870/0001-66,"RUA, SAO SALVADOR",671, ,SAO LUIZ,38446-130,DIESEL S10,16/01/2023,6.05,,R$ / litro,BRANCA,2023-11-21
SE,MG,ARAGUARI,COOPDIESEL-COOPERATIVA DE PESSOAS FISICAS E JURIDICAS NO SEGMENTO DE TRANSPORTES EM GERAL,08.562.870/0001-66,"RUA, SAO SALVADOR",671, ,SAO LUIZ,38446-130,DIESEL,16/01/2023,5.91,,R$ / litro,BRANCA,2023-11-21
SE,MG,ARAGUARI,COOPDIESEL-COOPERATIVA DE PESSOAS FISICAS E JURIDICAS NO SEGMENTO DE TRANSPORTES EM GERAL,08.562.870/0001-66,"RUA, SAO SALVADOR",671, ,SAO LUIZ,38446-130,GASOLINA,16/01/2023,4.75,,R$ / litro,BRANCA,2023-11-21
SE,MG,UBERABA,AUTO POSTO RIBEIRO LTDA,04.173.913/0001-60,RUA JOAO DALLACQUA,540,,BEIJA FLOR,38051-331,ETANOL,17/01/2023,3.39,,R$ / litro,BRANCA,2023-11-21
SE,MG,UBERABA,AUTO POSTO RIBEIRO LTDA,04.173.913/0001-60,RUA JOAO DALLACQUA,540,,BEIJA FLOR,38051-331,DIESEL S10,17/01/2023,6.29,,R$ / litro,BRANCA,2023-11-21
SE,MG,UBERABA,AUTO POSTO RIBEIRO LTDA,04.173.913/0001-60,RUA JOAO DALLACQUA,540,,BEIJA FLOR,38051-331,DIESEL,17/01/2023,6.17,,R$ / litro,BRANCA,2023-11-21
SE,MG,UBERABA,AUTO POSTO RIBEIRO LTDA,04.173.913/0001-60,RUA JOAO DALLACQUA,540,,BEIJA FLOR,38051-331,GASOLINA,17/01/2023,4.79,,R$ / litro,BRANCA,2023-11-21
SE,MG,LAVRAS,AUTO POSTO PILOTO LTDA,10.257.882/0001-29,RUA CHAGAS DORIA,538,,BELIZANDRA,37200-000,ETANOL,19/01/2023,3.97,,R$ / litro,RAIZEN,2023-11-21
SE,MG,LAVRAS,AUTO POSTO PILOTO LTDA,10.257.882/0001-29,RUA CHAGAS DORIA,538,,BELIZANDRA,37200-000,GASOLINA,19/01/2023,4.89,,R$ / litro,RAIZEN,2023-11-21
SE,MG,ARAGUARI,NETO COMERCIO DE COMBUSTIVEIS LTDA,08.369.237/0001-56,RODOVIA BR 050,S/N,KM 39,SUBURBIO,38442-239,ETANOL,16/01/2023,3.63,,R$ / litro,BRANCA,2023-11-21
SE,MG,ARAGUARI,NETO COMERCIO DE COMBUSTIVEIS LTDA,08.369.237/0001-56,RODOVIA BR 050,S/N,KM 39,SUBURBIO,38442-239,DIESEL S10,16/01/2023,6.05,,R$ / litro,BRANCA,2023-11-21
SE,MG,ARAGUARI,NETO COMERCIO DE COMBUSTIVEIS LTDA,08.369.237/0001-56,RODOVIA BR 050,S/N,KM 39,SUBURBIO,38442-239,DIESEL,16/01/2023,5.91,,R$ / litro,BRANCA,2023-11-21
SE,MG,ARAGUARI,NETO COMERCIO DE COMBUSTIVEIS LTDA,08.369.237/0001-56,RODOVIA BR 050,S/N,KM 39,SUBURBIO,38442-239,GASOLINA ADITIVADA,16/01/2023,4.78,,R$ / litro,BRANCA,2023-11-21
SE,MG,ARAGUARI,NETO COMERCIO DE COMBUSTIVEIS LTDA,08.369.237/0001-56,RODOVIA BR 050,S/N,KM 39,SUBURBIO,38442-239,GASOLINA,16/01/2023,4.76,,R$ / litro,BRANCA,2023-11-21
SE,MG,DIVINOPOLIS,DP AUTO POSTO LTDA,09.688.747/0001-59,AVENIDA GOVERNADOR MAGALHAES PINTO,338,,NITEROI,35500-220,ETANOL,17/01/2023,3.79,,R$ / litro,IPIRANGA,2023-11-21
SE,MG,DIVINOPOLIS,DP AUTO POSTO LTDA,09.688.747/0001-59,AVENIDA GOVERNADOR MAGALHAES PINTO,338,,NITEROI,35500-220,DIESEL,17/01/2023,6.08,,R$ / litro,IPIRANGA,2023-11-21
SE,MG,DIVINOPOLIS,DP AUTO POSTO LTDA,09.688.747/0001-59,AVENIDA GOVERNADOR MAGALHAES PINTO,338,,NITEROI,35500-220,GASOLINA,17/01/2023,4.79,,R$ / litro,IPIRANGA,2023-11-21
SE,MG,NOVA LIMA,POSTO DE COMBUSTIVEL RETIRO EIRELI,10.334.577/0001-93,RUA MIGUEL WARDI,14,,OLARIA,34000-019,ETANOL,19/01/2023,3.99,,R$ / litro,ALESAT,2023-11-21
SE,MG,NOVA LIMA,POSTO DE COMBUSTIVEL RETIRO EIRELI,10.334.577/0001-93,RUA MIGUEL WARDI,14,,OLARIA,34000-019,DIESEL S10,19/01/2023,6.69,,R$ / litro,ALESAT,2023-11-21
SE,MG,NOVA LIMA,POSTO DE COMBUSTIVEL RETIRO EIRELI,10.334.577/0001-93,RUA MIGUEL WARDI,14,,OLARIA,34000-019,GASOLINA,19/01/2023,4.99,,R$ / litro,ALESAT,2023-11-21
SE,MG,MONTES CLAROS,POSTO MOCAO DERIVADOS DE PETROLEO LTDA,10.288.658/0001-02,AVENIDA DEPUTADO PLINIO RIBEIRO,3515,,JARDIM PALMEIRAS,39402-194,ETANOL,19/01/2023,3.84,,R$ / litro,RAIZEN,2023-11-21
SE,MG,MONTES CLAROS,POSTO MOCAO DERIVADOS DE PETROLEO LTDA,10.288.658/0001-02,AVENIDA DEPUTADO PLINIO RIBEIRO,3515,,JARDIM PALMEIRAS,39402-194,DIESEL S10,19/01/2023,6,,R$ / litro,RAIZEN,2023-11-21
SE,MG,MONTES CLAROS,POSTO MOCAO DERIVADOS DE PETROLEO LTDA,10.288.658/0001-02,AVENIDA DEPUTADO PLINIO RIBEIRO,3515,,JARDIM PALMEIRAS,39402-194,DIESEL,19/01/2023,5.9,,R$ / litro,RAIZEN,2023-11-21
SE,MG,MONTES CLAROS,POSTO MOCAO DERIVADOS DE PETROLEO LTDA,10.288.658/0001-02,AVENIDA DEPUTADO PLINIO RIBEIRO,3515,,JARDIM PALMEIRAS,39402-194,GASOLINA ADITIVADA,19/01/2023,5.42,,R$ / litro,RAIZEN,2023-11-21
SE,MG,MURIAE,AUTO POSTO DORNELAS LTDA,03.285.009/0002-65,RUA JOSE BORGES ABRANTES,33,,CENTRO,36880-063,ETANOL,18/01/2023,4.29,,R$ / litro,IPIRANGA,2023-11-21
SE,MG,MURIAE,AUTO POSTO DORNELAS LTDA,03.285.009/0002-65,RUA JOSE BORGES ABRANTES,33,,CENTRO,36880-063,DIESEL S10,18/01/2023,6.39,,R$ / litro,IPIRANGA,2023-11-21
SE,MG,MURIAE,AUTO POSTO DORNELAS LTDA,03.285.009/0002-65,RUA JOSE BORGES ABRANTES,33,,CENTRO,36880-063,GASOLINA ADITIVADA,18/01/2023,5.39,,R$ / litro,IPIRANGA,2023-11-21
SE,MG,MURIAE,AUTO POSTO DORNELAS LTDA,03.285.009/0002-65,RUA JOSE BORGES ABRANTES,33,,CENTRO,36880-063,GASOLINA,18/01/2023,5.24,,R$ / litro,IPIRANGA,2023-11-21
SE,MG,MONTES CLAROS,LPJ COMBUSTÍVEIS LTDA.,09.502.042/0001-03,AVENIDA MESTRA FININHA,3602,,AUGUSTA MOTA,39400-000,ETANOL,19/01/2023,3.65,,R$ / litro,IPIRANGA,2023-11-21
SE,MG,MONTES CLAROS,LPJ COMBUSTÍVEIS LTDA.,09.502.042/0001-03,AVENIDA MESTRA FININHA,3602,,AUGUSTA MOTA,39400-000,DIESEL,19/01/2023,6.09,,R$ / litro,IPIRANGA,2023-11-21
SE,MG,MONTES CLAROS,LPJ COMBUSTÍVEIS LTDA.,09.502.042/0001-03,AVENIDA MESTRA FININHA,3602,,AUGUSTA MOTA,39400-000,GASOLINA ADITIVADA,19/01/2023,4.99,,R$ / litro,IPIRANGA,2023-11-21
SE,MG,MONTES CLAROS,LPJ COMBUSTÍVEIS LTDA.,09.502.042/0001-03,AVENIDA MESTRA FININHA,3602,,AUGUSTA MOTA,39400-000,GASOLINA,19/01/2023,4.79,,R$ / litro,IPIRANGA,2023-11-21
SE,MG,MONTES CLAROS,AUTO POSTO AMIL LTDA,08.574.321/0001-01,AVENIDA JOAO XXIII,470,,EDGAR PEREIRA,39400-162,ETANOL,19/01/2023,3.65,,R$ / litro,IPIRANGA,2023-11-21
SE,MG,MONTES CLAROS,AUTO POSTO AMIL LTDA,08.574.321/0001-01,AVENIDA JOAO XXIII,470,,EDGAR PEREIRA,39400-162,DIESEL S10,19/01/2023,6.08,,R$ / litro,IPIRANGA,2023-11-21
SE,MG,MONTES CLAROS,AUTO POSTO AMIL LTDA,08.574.321/0001-01,AVENIDA JOAO XXIII,470,,EDGAR PEREIRA,39400-162,GASOLINA,19/01/2023,4.79,,R$ / litro,IPIRANGA,2023-11-21
SE,MG,MANHUACU,LUCKGAS COMERCIO DE COMBUSTIVEIS E LUBRIFICANTES LTDA,08.684.866/0001-70,AVENIDA TANCREDO NEVES,247,A,BAIXADA,36900-000,GASOLINA ADITIVADA,20/01/2023,4.95,,R$ / litro,VIBRA ENERGIA,2023-11-21
SE,MG,MANHUACU,LUCKGAS COMERCIO DE COMBUSTIVEIS E LUBRIFICANTES LTDA,08.684.866/0001-70,AVENIDA TANCREDO NEVES,247,A,BAIXADA,36900-000,GASOLINA,20/01/2023,4.95,,R$ / litro,VIBRA ENERGIA,2023-11-21
SE,MG,SETE LAGOAS,IRMAOS SILVA S/A,21.012.190/0035-86,RUA SANTA  HELENA,9,,CANAA,35700-285,ETANOL,16/01/2023,4.09,,R$ / litro,RAIZEN,2023-11-21
SE,MG,SETE LAGOAS,IRMAOS SILVA S/A,21.012.190/0035-86,RUA SANTA  HELENA,9,,CANAA,35700-285,DIESEL S10,16/01/2023,6.09,,R$ / litro,RAIZEN,2023-11-21
SE,MG,SETE LAGOAS,IRMAOS SILVA S/A,21.012.190/0035-86,RUA SANTA  HELENA,9,,CANAA,35700-285,GASOLINA ADITIVADA,16/01/2023,4.89,,R$ / litro,RAIZEN,2023-11-21
SE,MG,SETE LAGOAS,IRMAOS SILVA S/A,21.012.190/0035-86,RUA SANTA  HELENA,9,,CANAA,35700-285,GASOLINA,16/01/2023,4.89,,R$ / litro,RAIZEN,2023-11-21
SE,MG,UBERABA,POSTO ARW LTDA,10.531.378/0003-37,AVENIDA DEPUTADO JOSE MARCUS CHEREM,1376,,VILA SAO CRISTOVAO,38040-500,ETANOL,17/01/2023,3.69,,R$ / litro,BRANCA,2023-11-21
SE,MG,UBERABA,POSTO ARW LTDA,10.531.378/0003-37,AVENIDA DEPUTADO JOSE MARCUS CHEREM,1376,,VILA SAO CRISTOVAO,38040-500,DIESEL S10,17/01/2023,6.99,,R$ / litro,BRANCA,2023-11-21
SE,MG,UBERABA,POSTO ARW LTDA,10.531.378/0003-37,AVENIDA DEPUTADO JOSE MARCUS CHEREM,1376,,VILA SAO CRISTOVAO,38040-500,GASOLINA ADITIVADA,17/01/2023,4.89,,R$ / litro,BRANCA,2023-11-21
SE,MG,UBERABA,POSTO ARW LTDA,10.531.378/0003-37,AVENIDA DEPUTADO JOSE MARCUS CHEREM,1376,,VILA SAO CRISTOVAO,38040-500,GASOLINA,17/01/2023,4.89,,R$ / litro,BRANCA,2023-11-21
SE,MG,POCOS DE CALDAS,POSTO ACACIAS LTDA,09.128.405/0001-84,AVENIDA SANTO ANTONIO,310,,JARDIM CASCATINHA,37701-036,ETANOL,18/01/2023,3.99,,R$ / litro,VIBRA ENERGIA,2023-11-21
SE,MG,POCOS DE CALDAS,POSTO ACACIAS LTDA,09.128.405/0001-84,AVENIDA SANTO ANTONIO,310,,JARDIM CASCATINHA,37701-036,GASOLINA ADITIVADA,18/01/2023,5.09,,R$ / litro,VIBRA ENERGIA,2023-11-21
SE,MG,POCOS DE CALDAS,POSTO ACACIAS LTDA,09.128.405/0001-84,AVENIDA SANTO ANTONIO,310,,JARDIM CASCATINHA,37701-036,GASOLINA,18/01/2023,4.99,,R$ / litro,VIBRA ENERGIA,2023-11-21
SE,MG,POCOS DE CALDAS,POSTO ACACIAS LTDA,09.128.405/0001-84,AVENIDA SANTO ANTONIO,310,,JARDIM CASCATINHA,37701-036,GNV,18/01/2023,5.15,,R$ / m³,VIBRA ENERGIA,2023-11-21
SE,MG,UBERLANDIA,SAO LUCAS DISTRIBUIDORA DE PETROLEO LTDA,10.238.984/0001-05,AVENIDA PAULO FIRMINO,20,,JARDIM DAS PALMEIRAS,38412-343,ETANOL,17/01/2023,3.67,,R$ / litro,BRANCA,2023-11-21
SE,MG,UBERLANDIA,SAO LUCAS DISTRIBUIDORA DE PETROLEO LTDA,10.238.984/0001-05,AVENIDA PAULO FIRMINO,20,,JARDIM DAS PALMEIRAS,38412-343,DIESEL S10,17/01/2023,6.07,,R$ / litro,BRANCA,2023-11-21
SE,MG,UBERLANDIA,SAO LUCAS DISTRIBUIDORA DE PETROLEO LTDA,10.238.984/0001-05,AVENIDA PAULO FIRMINO,20,,JARDIM DAS PALMEIRAS,38412-343,DIESEL,17/01/2023,5.97,,R$ / litro,BRANCA,2023-11-21
SE,MG,UBERLANDIA,SAO LUCAS DISTRIBUIDORA DE PETROLEO LTDA,10.238.984/0001-05,AVENIDA PAULO FIRMINO,20,,JARDIM DAS PALMEIRAS,38412-343,GASOLINA ADITIVADA,17/01/2023,4.87,,R$ / litro,BRANCA,2023-11-21
SE,MG,UBERLANDIA,SAO LUCAS DISTRIBUIDORA DE PETROLEO LTDA,10.238.984/0001-05,AVENIDA PAULO FIRMINO,20,,JARDIM DAS PALMEIRAS,38412-343,GASOLINA,17/01/2023,4.77,,R$ / litro,BRANCA,2023-11-21
SE,MG,IPATINGA,POSTO ML 300 LTDA EPP,10.418.777/0001-24,AVENIDA MONTEIRO LOBATO,300,,CIDADE NOBRE,35162-394,ETANOL,17/01/2023,3.89,,R$ / litro,VIBRA ENERGIA,2023-11-21
SE,MG,IPATINGA,POSTO ML 300 LTDA EPP,10.418.777/0001-24,AVENIDA MONTEIRO LOBATO,300,,CIDADE NOBRE,35162-394,DIESEL S10,17/01/2023,6.09,,R$ / litro,VIBRA ENERGIA,2023-11-21
SE,MG,IPATINGA,POSTO ML 300 LTDA EPP,10.418.777/0001-24,AVENIDA MONTEIRO LOBATO,300,,CIDADE NOBRE,35162-394,DIESEL,17/01/2023,5.99,,R$ / litro,VIBRA ENERGIA,2023-11-21
SE,MG,IPATINGA,POSTO ML 300 LTDA EPP,10.418.777/0001-24,AVENIDA MONTEIRO LOBATO,300,,CIDADE NOBRE,35162-394,GASOLINA,17/01/2023,4.79,,R$ / litro,VIBRA ENERGIA,2023-11-21
SE,MG,JUIZ DE FORA,PAPAGAIO COMÉRCIO E DERIVADOS DE PETRÓLEO LTDA,10.515.414/0001-07,RUA DOUTOR  JOSE EUTROPIO,281,,SANTA TEREZINHA,36045-480,ETANOL,17/01/2023,4.39,,R$ / litro,VIBRA ENERGIA,2023-11-21
SE,MG,JUIZ DE FORA,PAPAGAIO COMÉRCIO E DERIVADOS DE PETRÓLEO LTDA,10.515.414/0001-07,RUA DOUTOR  JOSE EUTROPIO,281,,SANTA TEREZINHA,36045-480,DIESEL S10,17/01/2023,7.19,,R$ / litro,VIBRA ENERGIA,2023-11-21
SE,MG,JUIZ DE FORA,PAPAGAIO COMÉRCIO E DERIVADOS DE PETRÓLEO LTDA,10.515.414/0001-07,RUA DOUTOR  JOSE EUTROPIO,281,,SANTA TEREZINHA,36045-480,GASOLINA,17/01/2023,5.19,,R$ / litro,VIBRA ENERGIA,2023-11-21
SE,MG,JUIZ DE FORA,AUTO POSTO PAPAGAIO LTDA,10.782.507/0001-06,AV. PRESIDENTE JUSCELINO KUBITSCHEK,5553,A,NOVA ERA,36087-000,GASOLINA,16/01/2023,5.24,,R$ / litro,VIBRA ENERGIA,2023-11-21
SE,MG,JUIZ DE FORA,AUTO POSTO PAPAGAIO LTDA,10.782.507/0001-06,AV. PRESIDENTE JUSCELINO KUBITSCHEK,5553,A,NOVA ERA,36087-000,ETANOL,16/01/2023,4.34,,R$ / litro,VIBRA ENERGIA,2023-11-21
SE,MG,JUIZ DE FORA,AUTO POSTO PAPAGAIO LTDA,10.782.507/0001-06,AV. PRESIDENTE JUSCELINO KUBITSCHEK,5553,A,NOVA ERA,36087-000,DIESEL S10,16/01/2023,6.79,,R$ / litro,VIBRA ENERGIA,2023-11-21
SE,MG,JUIZ DE FORA,AUTO POSTO PAPAGAIO LTDA,10.782.507/0001-06,AV. PRESIDENTE JUSCELINO KUBITSCHEK,5553,A,NOVA ERA,36087-000,DIESEL,16/01/2023,6.69,,R$ / litro,VIBRA ENERGIA,2023-11-21
SE,MG,CONTAGEM,AUTO POSTO SANTOS RIOS S.R. LTDA,10.218.152/0001-19,VIA EXPRESSA DE CONTAGEM,2835,,PEROBAS,32040-025,ETANOL,16/01/2023,3.89,,R$ / litro,IPIRANGA,2023-11-21
SE,MG,CONTAGEM,AUTO POSTO SANTOS RIOS S.R. LTDA,10.218.152/0001-19,VIA EXPRESSA DE CONTAGEM,2835,,PEROBAS,32040-025,GASOLINA ADITIVADA,16/01/2023,4.98,,R$ / litro,IPIRANGA,2023-11-21
SE,MG,CONTAGEM,AUTO POSTO SANTOS RIOS S.R. LTDA,10.218.152/0001-19,VIA EXPRESSA DE CONTAGEM,2835,,PEROBAS,32040-025,GASOLINA,16/01/2023,4.78,,R$ / litro,IPIRANGA,2023-11-21
SE,MG,BARBACENA,APEC VEICULOS S/A,17.078.536/0008-07,RUA JOSE BONIFACIO,180,,CENTRO,36200-000,ETANOL,17/01/2023,3.89,,R$ / litro,RAIZEN,2023-11-21
SE,MG,BARBACENA,APEC VEICULOS S/A,17.078.536/0008-07,RUA JOSE BONIFACIO,180,,CENTRO,36200-000,DIESEL S10,17/01/2023,6.05,,R$ / litro,RAIZEN,2023-11-21
SE,MG,BARBACENA,APEC VEICULOS S/A,17.078.536/0008-07,RUA JOSE BONIFACIO,180,,CENTRO,36200-000,GASOLINA ADITIVADA,17/01/2023,5.39,,R$ / litro,RAIZEN,2023-11-21
SE,MG,BARBACENA,APEC VEICULOS S/A,17.078.536/0008-07,RUA JOSE BONIFACIO,180,,CENTRO,36200-000,GASOLINA,17/01/2023,4.99,,R$ / litro,RAIZEN,2023-11-21
SE,MG,BELO HORIZONTE,POSTO SAO BERNARDO LTDA,10.673.246/0001-88,AVENIDA CRISTIANO MACHADO,9505,,DONA CLARA,31260-333,GASOLINA ADITIVADA,17/01/2023,4.99,,R$ / litro,IPIRANGA,2023-11-21
SE,MG,FORMIGA,FORMIGUENSE COMERCIO DE COMBUSTIVEIS E DERIVADOS DE PETROLEO LTDA,11.026.352/0001-32,AVENIDA BRASIL,1286,,MANGABEIRAS,35570-000,ETANOL,17/01/2023,3.82,,R$ / litro,BRANCA,2023-11-21
SE,MG,FORMIGA,FORMIGUENSE COMERCIO DE COMBUSTIVEIS E DERIVADOS DE PETROLEO LTDA,11.026.352/0001-32,AVENIDA BRASIL,1286,,MANGABEIRAS,35570-000,DIESEL S10,17/01/2023,5.77,,R$ / litro,BRANCA,2023-11-21
SE,MG,FORMIGA,FORMIGUENSE COMERCIO DE COMBUSTIVEIS E DERIVADOS DE PETROLEO LTDA,11.026.352/0001-32,AVENIDA BRASIL,1286,,MANGABEIRAS,35570-000,GASOLINA,17/01/2023,4.82,,R$ / litro,BRANCA,2023-11-21
SE,MG,JUIZ DE FORA,MAN GNV LTDA.,10.173.887/0002-54,AVENIDA SETE DE SETEMBRO,743,,COSTA CARVALHO,36070-000,ETANOL,17/01/2023,4.18,,R$ / litro,VIBRA ENERGIA,2023-11-21
SE,MG,JUIZ DE FORA,MAN GNV LTDA.,10.173.887/0002-54,AVENIDA SETE DE SETEMBRO,743,,COSTA CARVALHO,36070-000,GASOLINA ADITIVADA,17/01/2023,5.18,,R$ / litro,VIBRA ENERGIA,2023-11-21
SE,MG,JUIZ DE FORA,MAN GNV LTDA.,10.173.887/0002-54,AVENIDA SETE DE SETEMBRO,743,,COSTA CARVALHO,36070-000,GASOLINA,17/01/2023,5.08,,R$ / litro,VIBRA ENERGIA,2023-11-21
SE,MG,JUIZ DE FORA,MAN GNV LTDA.,10.173.887/0002-54,AVENIDA SETE DE SETEMBRO,743,,COSTA CARVALHO,36070-000,GNV,17/01/2023,4.85,,R$ / m³,VIBRA ENERGIA,2023-11-21
SE,MG,JUIZ DE FORA,POSTO UNIVERSITARIO DE JUIZ DE FORA LTDA,10.430.012/0001-00,RUA JOSE LOURENCO KELMER,1000,,SAO PEDRO,36036-330,ETANOL,18/01/2023,4.2,,R$ / litro,IPIRANGA,2023-11-21
SE,MG,JUIZ DE FORA,POSTO UNIVERSITARIO DE JUIZ DE FORA LTDA,10.430.012/0001-00,RUA JOSE LOURENCO KELMER,1000,,SAO PEDRO,36036-330,DIESEL S10,18/01/2023,6.09,,R$ / litro,IPIRANGA,2023-11-21
SE,MG,JUIZ DE FORA,POSTO UNIVERSITARIO DE JUIZ DE FORA LTDA,10.430.012/0001-00,RUA JOSE LOURENCO KELMER,1000,,SAO PEDRO,36036-330,GASOLINA ADITIVADA,18/01/2023,5.2,,R$ / litro,IPIRANGA,2023-11-21
SE,MG,JUIZ DE FORA,POSTO UNIVERSITARIO DE JUIZ DE FORA LTDA,10.430.012/0001-00,RUA JOSE LOURENCO KELMER,1000,,SAO PEDRO,36036-330,GASOLINA,18/01/2023,5.1,,R$ / litro,IPIRANGA,2023-11-21
SE,MG,ARAXA,REDE DE POSTOS OLIVEIRA LTDA,11.165.625/0001-20,RUA UBERABA,990,,ALVORADA,38180-001,ETANOL,16/01/2023,3.98,,R$ / litro,TOTALENERGIES,2023-11-21
SE,MG,ARAXA,REDE DE POSTOS OLIVEIRA LTDA,11.165.625/0001-20,RUA UBERABA,990,,ALVORADA,38180-001,DIESEL S10,16/01/2023,6.3,,R$ / litro,TOTALENERGIES,2023-11-21
SE,MG,ARAXA,REDE DE POSTOS OLIVEIRA LTDA,11.165.625/0001-20,RUA UBERABA,990,,ALVORADA,38180-001,DIESEL,16/01/2023,6.25,,R$ / litro,TOTALENERGIES,2023-11-21
SE,MG,ARAXA,REDE DE POSTOS OLIVEIRA LTDA,11.165.625/0001-20,RUA UBERABA,990,,ALVORADA,38180-001,GASOLINA,16/01/2023,5.15,,R$ / litro,TOTALENERGIES,2023-11-21
SE,MG,MURIAE,MACEDO & ANDRADE COMBUSTIVEIS LTDA,05.070.160/0001-20,RUA MAESTRO SANSAO,375,,CENTRO,36880-000,ETANOL,18/01/2023,4.23,,R$ / litro,ALESAT,2023-11-21
SE,MG,MURIAE,MACEDO & ANDRADE COMBUSTIVEIS LTDA,05.070.160/0001-20,RUA MAESTRO SANSAO,375,,CENTRO,36880-000,GASOLINA ADITIVADA,18/01/2023,5.28,,R$ / litro,ALESAT,2023-11-21
SE,MG,MURIAE,MACEDO & ANDRADE COMBUSTIVEIS LTDA,05.070.160/0001-20,RUA MAESTRO SANSAO,375,,CENTRO,36880-000,GASOLINA,18/01/2023,5.23,,R$ / litro,ALESAT,2023-11-21
SE,MG,JUIZ DE FORA,BANDEIRANTES COMERCIO DE COMBUSTIVEIS LTDA,11.281.129/0001-31,RUA PARACATU,1800,,BANDEIRANTES,36047-040,ETANOL,17/01/2023,4.2,,R$ / litro,VIBRA ENERGIA,2023-11-21
SE,MG,JUIZ DE FORA,BANDEIRANTES COMERCIO DE COMBUSTIVEIS LTDA,11.281.129/0001-31,RUA PARACATU,1800,,BANDEIRANTES,36047-040,DIESEL S10,17/01/2023,6.29,,R$ / litro,VIBRA ENERGIA,2023-11-21
SE,MG,JUIZ DE FORA,BANDEIRANTES COMERCIO DE COMBUSTIVEIS LTDA,11.281.129/0001-31,RUA PARACATU,1800,,BANDEIRANTES,36047-040,DIESEL,17/01/2023,6.19,,R$ / litro,VIBRA ENERGIA,2023-11-21
SE,MG,JUIZ DE FORA,BANDEIRANTES COMERCIO DE COMBUSTIVEIS LTDA,11.281.129/0001-31,RUA PARACATU,1800,,BANDEIRANTES,36047-040,GASOLINA,17/01/2023,5.1,,R$ / litro,VIBRA ENERGIA,2023-11-21
SE,MG,ITUIUTABA,POSTO EXPOPEC EIRELI,11.211.101/0001-28,AVENIDA NIVALDO INACIO MOREIRA,2500,,LAGOA AZUL I,38307-178,ETANOL,16/01/2023,3.73,,R$ / litro,BRANCA,2023-11-21
SE,MG,ITUIUTABA,POSTO EXPOPEC EIRELI,11.211.101/0001-28,AVENIDA NIVALDO INACIO MOREIRA,2500,,LAGOA AZUL I,38307-178,DIESEL S10,16/01/2023,6.19,,R$ / litro,BRANCA,2023-11-21
SE,MG,ITUIUTABA,POSTO EXPOPEC EIRELI,11.211.101/0001-28,AVENIDA NIVALDO INACIO MOREIRA,2500,,LAGOA AZUL I,38307-178,DIESEL,16/01/2023,6.09,,R$ / litro,BRANCA,2023-11-21
SE,MG,ITUIUTABA,POSTO EXPOPEC EIRELI,11.211.101/0001-28,AVENIDA NIVALDO INACIO MOREIRA,2500,,LAGOA AZUL I,38307-178,GASOLINA,16/01/2023,4.89,,R$ / litro,BRANCA,2023-11-21
SE,MG,UBERLANDIA,AUTO POSTO 9 COMBUSTIVEIS E LUBRIFICANTES LTDA,10.893.077/0001-91,AVENIDA JOAO NAVES DE AVILA,1590,,SANTA MARIA,38408-100,GASOLINA ADITIVADA,18/01/2023,4.87,,R$ / litro,IPIRANGA,2023-11-21
SE,MG,LAVRAS,PETROLEO ELDORADO LTDA.,11.294.193/0001-57,AVENIDA SILVIO MENICUCCI,555,: AREA 1;,NOVA LAVRAS,37200-000,ETANOL,19/01/2023,4.15,,R$ / litro,IPIRANGA,2023-11-21
SE,MG,LAVRAS,PETROLEO ELDORADO LTDA.,11.294.193/0001-57,AVENIDA SILVIO MENICUCCI,555,: AREA 1;,NOVA LAVRAS,37200-000,GASOLINA,19/01/2023,4.99,,R$ / litro,IPIRANGA,2023-11-21
SE,MG,SAO SEBASTIAO DO PARAISO,ROTA EXPRESS AUTO POSTO LTDA,11.538.082/0001-49,AVENIDA ZEZE AMARAL,335,,JARDIM SAO JOSE,37950-000,ETANOL,17/01/2023,4,,R$ / litro,VIBRA ENERGIA,2023-11-21
SE,MG,SAO SEBASTIAO DO PARAISO,ROTA EXPRESS AUTO POSTO LTDA,11.538.082/0001-49,AVENIDA ZEZE AMARAL,335,,JARDIM SAO JOSE,37950-000,DIESEL S10,17/01/2023,7.89,,R$ / litro,VIBRA ENERGIA,2023-11-21
SE,MG,SAO SEBASTIAO DO PARAISO,ROTA EXPRESS AUTO POSTO LTDA,11.538.082/0001-49,AVENIDA ZEZE AMARAL,335,,JARDIM SAO JOSE,37950-000,DIESEL,17/01/2023,7.69,,R$ / litro,VIBRA ENERGIA,2023-11-21
SE,MG,SAO SEBASTIAO DO PARAISO,ROTA EXPRESS AUTO POSTO LTDA,11.538.082/0001-49,AVENIDA ZEZE AMARAL,335,,JARDIM SAO JOSE,37950-000,GASOLINA ADITIVADA,17/01/2023,5.4,,R$ / litro,VIBRA ENERGIA,2023-11-21
SE,MG,SAO SEBASTIAO DO PARAISO,ROTA EXPRESS AUTO POSTO LTDA,11.538.082/0001-49,AVENIDA ZEZE AMARAL,335,,JARDIM SAO JOSE,37950-000,GASOLINA,17/01/2023,5.4,,R$ / litro,VIBRA ENERGIA,2023-11-21
SE,MG,CARATINGA,POSTO DE COMBUSTIVEIS TEIXEIRA LTDA,11.533.358/0001-04,AVENIDA DARIO DE ANUNCIACAO GROSSI,139,,SALATIEL,35304-210,ETANOL,16/01/2023,3.99,,R$ / litro,ALESAT,2023-11-21
SE,MG,CARATINGA,POSTO DE COMBUSTIVEIS TEIXEIRA LTDA,11.533.358/0001-04,AVENIDA DARIO DE ANUNCIACAO GROSSI,139,,SALATIEL,35304-210,DIESEL S10,16/01/2023,6.39,,R$ / litro,ALESAT,2023-11-21
SE,MG,CARATINGA,POSTO DE COMBUSTIVEIS TEIXEIRA LTDA,11.533.358/0001-04,AVENIDA DARIO DE ANUNCIACAO GROSSI,139,,SALATIEL,35304-210,DIESEL,16/01/2023,6.29,,R$ / litro,ALESAT,2023-11-21
SE,MG,CARATINGA,POSTO DE COMBUSTIVEIS TEIXEIRA LTDA,11.533.358/0001-04,AVENIDA DARIO DE ANUNCIACAO GROSSI,139,,SALATIEL,35304-210,GASOLINA ADITIVADA,16/01/2023,5.39,,R$ / litro,ALESAT,2023-11-21
SE,MG,CARATINGA,POSTO DE COMBUSTIVEIS TEIXEIRA LTDA,11.533.358/0001-04,AVENIDA DARIO DE ANUNCIACAO GROSSI,139,,SALATIEL,35304-210,GASOLINA,16/01/2023,5.19,,R$ / litro,ALESAT,2023-11-21
SE,MG,PARA DE MINAS,AVANT PARA DE MINAS COMBUSTIVEIS LTDA,11.449.228/0001-80,AVENIDA PROFESSOR  MELLO CANÇADO,1020,,VILA SINHO,35660-084,ETANOL,16/01/2023,3.61,,R$ / litro,BRANCA,2023-11-21
SE,MG,PARA DE MINAS,AVANT PARA DE MINAS COMBUSTIVEIS LTDA,11.449.228/0001-80,AVENIDA PROFESSOR  MELLO CANÇADO,1020,,VILA SINHO,35660-084,GASOLINA,16/01/2023,4.74,,R$ / litro,BRANCA,2023-11-21
SE,MG,JOAO PINHEIRO,BRANDAO DERIVADOS DE PETROLEO LTDA,07.375.638/0001-56,RUA OLIMPIO MARTINS DE ARAUJO,2356,,AEROPORTO,38770-000,ETANOL,19/01/2023,3.79,,R$ / litro,ALESAT,2023-11-21
SE,MG,JOAO PINHEIRO,BRANDAO DERIVADOS DE PETROLEO LTDA,07.375.638/0001-56,RUA OLIMPIO MARTINS DE ARAUJO,2356,,AEROPORTO,38770-000,DIESEL S10,19/01/2023,5.95,,R$ / litro,ALESAT,2023-11-21
SE,MG,JOAO PINHEIRO,BRANDAO DERIVADOS DE PETROLEO LTDA,07.375.638/0001-56,RUA OLIMPIO MARTINS DE ARAUJO,2356,,AEROPORTO,38770-000,DIESEL,19/01/2023,6.05,,R$ / litro,ALESAT,2023-11-21
SE,MG,JOAO PINHEIRO,BRANDAO DERIVADOS DE PETROLEO LTDA,07.375.638/0001-56,RUA OLIMPIO MARTINS DE ARAUJO,2356,,AEROPORTO,38770-000,GASOLINA,19/01/2023,5.09,,R$ / litro,ALESAT,2023-11-21
SE,MG,BELO HORIZONTE,GAS BRAS LTDA,04.274.096/0001-37,RODOVIA PAPA JOAO PAULO II,400,,SATELITE,31748-002,ETANOL,16/01/2023,3.89,,R$ / litro,ALESAT,2023-11-21
SE,MG,BELO HORIZONTE,GAS BRAS LTDA,04.274.096/0001-37,RODOVIA PAPA JOAO PAULO II,400,,SATELITE,31748-002,DIESEL S10,16/01/2023,6.19,,R$ / litro,ALESAT,2023-11-21
SE,MG,BELO HORIZONTE,GAS BRAS LTDA,04.274.096/0001-37,RODOVIA PAPA JOAO PAULO II,400,,SATELITE,31748-002,GASOLINA ADITIVADA,16/01/2023,4.99,,R$ / litro,ALESAT,2023-11-21
SE,MG,ITAUNA,MARPETRO - COMERCIO E DISTRIBUICAO DE COMBUSTIVEIS LTDA,08.335.793/0001-01,RODOVIA MG-431,KM 40,552 METROS                POSTO DE GASOLINA,VILA TAVARES,35680-143,ETANOL,16/01/2023,3.99,,R$ / litro,ALESAT,2023-11-21
SE,MG,ITAUNA,MARPETRO - COMERCIO E DISTRIBUICAO DE COMBUSTIVEIS LTDA,08.335.793/0001-01,RODOVIA MG-431,KM 40,552 METROS                POSTO DE GASOLINA,VILA TAVARES,35680-143,DIESEL S10,16/01/2023,6.59,,R$ / litro,ALESAT,2023-11-21
SE,MG,ITAUNA,MARPETRO - COMERCIO E DISTRIBUICAO DE COMBUSTIVEIS LTDA,08.335.793/0001-01,RODOVIA MG-431,KM 40,552 METROS                POSTO DE GASOLINA,VILA TAVARES,35680-143,DIESEL,16/01/2023,6.49,,R$ / litro,ALESAT,2023-11-21
SE,MG,ITAUNA,MARPETRO - COMERCIO E DISTRIBUICAO DE COMBUSTIVEIS LTDA,08.335.793/0001-01,RODOVIA MG-431,KM 40,552 METROS                POSTO DE GASOLINA,VILA TAVARES,35680-143,GASOLINA,16/01/2023,4.99,,R$ / litro,ALESAT,2023-11-21
SE,MG,ARAGUARI,POSTO NASCIMENTO LTDA,07.453.243/0002-05,PRAÇA JUVENIL ALVES DE MELO,131,,JARDIM REGINA,38440-140,ETANOL,16/01/2023,3.63,,R$ / litro,BRANCA,2023-11-21
SE,MG,ARAGUARI,POSTO NASCIMENTO LTDA,07.453.243/0002-05,PRAÇA JUVENIL ALVES DE MELO,131,,JARDIM REGINA,38440-140,DIESEL S10,16/01/2023,6.05,,R$ / litro,BRANCA,2023-11-21
SE,MG,ARAGUARI,POSTO NASCIMENTO LTDA,07.453.243/0002-05,PRAÇA JUVENIL ALVES DE MELO,131,,JARDIM REGINA,38440-140,DIESEL,16/01/2023,5.91,,R$ / litro,BRANCA,2023-11-21
SE,MG,ARAGUARI,POSTO NASCIMENTO LTDA,07.453.243/0002-05,PRAÇA JUVENIL ALVES DE MELO,131,,JARDIM REGINA,38440-140,GASOLINA,16/01/2023,4.79,,R$ / litro,BRANCA,2023-11-21
SE,MG,UBERABA,MILANI GASPAROTO COMERCIO DE COMBUSTIVEIS E LOJA DE CONVENIENCIA LTDA.,11.718.183/0001-00,AVENIDA TONICO DOS SANTOS,738,,JARDIM INDUBERABA,38040-000,ETANOL,17/01/2023,3.59,,R$ / litro,BRANCA,2023-11-21
SE,MG,UBERABA,MILANI GASPAROTO COMERCIO DE COMBUSTIVEIS E LOJA DE CONVENIENCIA LTDA.,11.718.183/0001-00,AVENIDA TONICO DOS SANTOS,738,,JARDIM INDUBERABA,38040-000,DIESEL S10,17/01/2023,5.99,,R$ / litro,BRANCA,2023-11-21
SE,MG,UBERABA,MILANI GASPAROTO COMERCIO DE COMBUSTIVEIS E LOJA DE CONVENIENCIA LTDA.,11.718.183/0001-00,AVENIDA TONICO DOS SANTOS,738,,JARDIM INDUBERABA,38040-000,DIESEL,17/01/2023,5.93,,R$ / litro,BRANCA,2023-11-21
SE,MG,UBERABA,MILANI GASPAROTO COMERCIO DE COMBUSTIVEIS E LOJA DE CONVENIENCIA LTDA.,11.718.183/0001-00,AVENIDA TONICO DOS SANTOS,738,,JARDIM INDUBERABA,38040-000,GASOLINA ADITIVADA,17/01/2023,5.02,,R$ / litro,BRANCA,2023-11-21
SE,MG,UBERABA,MILANI GASPAROTO COMERCIO DE COMBUSTIVEIS E LOJA DE CONVENIENCIA LTDA.,11.718.183/0001-00,AVENIDA TONICO DOS SANTOS,738,,JARDIM INDUBERABA,38040-000,GASOLINA,17/01/2023,4.79,,R$ / litro,BRANCA,2023-11-21
SE,MG,MONTE CARMELO,AUTO POSTO JFA CORDEIRO LTDA,11.438.288/0001-05,RUA CEL. VIRGILIO ROSA,734,LETRA: A;,N S DE FATIMA,38500-000,ETANOL,19/01/2023,3.48,,R$ / litro,BRANCA,2023-11-21
SE,MG,MONTE CARMELO,AUTO POSTO JFA CORDEIRO LTDA,11.438.288/0001-05,RUA CEL. VIRGILIO ROSA,734,LETRA: A;,N S DE FATIMA,38500-000,GASOLINA,19/01/2023,4.65,,R$ / litro,BRANCA,2023-11-21
SE,MG,UBERLANDIA,ALTO UMUARAMA COMBUSTIVEIS LTDA,04.748.235/0001-17,AVENIDA DOM PEDRO II,1670,,CUSTODIO PEREIRA,38405-280,ETANOL,18/01/2023,3.77,,R$ / litro,BRANCA,2023-11-21
SE,MG,UBERLANDIA,ALTO UMUARAMA COMBUSTIVEIS LTDA,04.748.235/0001-17,AVENIDA DOM PEDRO II,1670,,CUSTODIO PEREIRA,38405-280,DIESEL S10,18/01/2023,6.02,,R$ / litro,BRANCA,2023-11-21
SE,MG,UBERLANDIA,ALTO UMUARAMA COMBUSTIVEIS LTDA,04.748.235/0001-17,AVENIDA DOM PEDRO II,1670,,CUSTODIO PEREIRA,38405-280,DIESEL,18/01/2023,5.98,,R$ / litro,BRANCA,2023-11-21
SE,MG,UBERLANDIA,ALTO UMUARAMA COMBUSTIVEIS LTDA,04.748.235/0001-17,AVENIDA DOM PEDRO II,1670,,CUSTODIO PEREIRA,38405-280,GASOLINA,18/01/2023,4.82,,R$ / litro,BRANCA,2023-11-21
SE,MG,MANHUACU,POSTO DE COMBUSTIVEIS MARTINS LTDA,11.171.201/0001-78,RODOVIA BR 262,S/N,"KM: 37,1;",BOM JARDIM,36900-000,ETANOL,17/01/2023,4.17,,R$ / litro,BRANCA,2023-11-21
SE,MG,MANHUACU,POSTO DE COMBUSTIVEIS MARTINS LTDA,11.171.201/0001-78,RODOVIA BR 262,S/N,"KM: 37,1;",BOM JARDIM,36900-000,DIESEL S10,17/01/2023,6.19,,R$ / litro,BRANCA,2023-11-21
SE,MG,MANHUACU,POSTO DE COMBUSTIVEIS MARTINS LTDA,11.171.201/0001-78,RODOVIA BR 262,S/N,"KM: 37,1;",BOM JARDIM,36900-000,DIESEL,17/01/2023,6.09,,R$ / litro,BRANCA,2023-11-21
SE,MG,MANHUACU,POSTO DE COMBUSTIVEIS MARTINS LTDA,11.171.201/0001-78,RODOVIA BR 262,S/N,"KM: 37,1;",BOM JARDIM,36900-000,GASOLINA ADITIVADA,17/01/2023,5.2,,R$ / litro,BRANCA,2023-11-21
SE,MG,MANHUACU,POSTO DE COMBUSTIVEIS MARTINS LTDA,11.171.201/0001-78,RODOVIA BR 262,S/N,"KM: 37,1;",BOM JARDIM,36900-000,GASOLINA,17/01/2023,5.1,,R$ / litro,BRANCA,2023-11-21
SE,MG,MANHUACU,VM POSTO DE COMBUSTIVEIS LTDA.,12.240.809/0001-70,RUA PROFESSOR JUVENTINO NUNES,176,,CENTRO,36900-000,ETANOL,20/01/2023,3.97,,R$ / litro,ALESAT,2023-11-21
SE,MG,MANHUACU,VM POSTO DE COMBUSTIVEIS LTDA.,12.240.809/0001-70,RUA PROFESSOR JUVENTINO NUNES,176,,CENTRO,36900-000,GASOLINA ADITIVADA,20/01/2023,4.97,,R$ / litro,ALESAT,2023-11-21
SE,MG,MANHUACU,VM POSTO DE COMBUSTIVEIS LTDA.,12.240.809/0001-70,RUA PROFESSOR JUVENTINO NUNES,176,,CENTRO,36900-000,GASOLINA,20/01/2023,4.97,,R$ / litro,ALESAT,2023-11-21
SE,MG,POCOS DE CALDAS,AUTO POSTO PAMPA LTDA.,11.836.930/0001-04,AVENIDA JOSE REMIGIO PREZIA,609,,JARDIM DOS ESTADOS,37701-102,ETANOL,18/01/2023,3.79,,R$ / litro,BRANCA,2023-11-21
SE,MG,POCOS DE CALDAS,AUTO POSTO PAMPA LTDA.,11.836.930/0001-04,AVENIDA JOSE REMIGIO PREZIA,609,,JARDIM DOS ESTADOS,37701-102,DIESEL S10,18/01/2023,6.99,,R$ / litro,BRANCA,2023-11-21
SE,MG,POCOS DE CALDAS,AUTO POSTO PAMPA LTDA.,11.836.930/0001-04,AVENIDA JOSE REMIGIO PREZIA,609,,JARDIM DOS ESTADOS,37701-102,GASOLINA ADITIVADA,18/01/2023,5.09,,R$ / litro,BRANCA,2023-11-21
SE,MG,POCOS DE CALDAS,AUTO POSTO PAMPA LTDA.,11.836.930/0001-04,AVENIDA JOSE REMIGIO PREZIA,609,,JARDIM DOS ESTADOS,37701-102,GASOLINA,18/01/2023,4.99,,R$ / litro,BRANCA,2023-11-21
SE,MG,SAO SEBASTIAO DO PARAISO,FCQ AUTO POSTO LTDA,12.387.244/0001-58,AVENIDA OLIVEIRA RESENDE,691,LETRA: A;,JARDIM VITORIA I,37950-000,ETANOL,17/01/2023,3.99,,R$ / litro,VIBRA ENERGIA,2023-11-21
SE,MG,SAO SEBASTIAO DO PARAISO,FCQ AUTO POSTO LTDA,12.387.244/0001-58,AVENIDA OLIVEIRA RESENDE,691,LETRA: A;,JARDIM VITORIA I,37950-000,DIESEL S10,17/01/2023,6.39,,R$ / litro,VIBRA ENERGIA,2023-11-21
SE,MG,SAO SEBASTIAO DO PARAISO,FCQ AUTO POSTO LTDA,12.387.244/0001-58,AVENIDA OLIVEIRA RESENDE,691,LETRA: A;,JARDIM VITORIA I,37950-000,DIESEL,17/01/2023,6.29,,R$ / litro,VIBRA ENERGIA,2023-11-21
SE,MG,SAO SEBASTIAO DO PARAISO,FCQ AUTO POSTO LTDA,12.387.244/0001-58,AVENIDA OLIVEIRA RESENDE,691,LETRA: A;,JARDIM VITORIA I,37950-000,GASOLINA,17/01/2023,5.29,,R$ / litro,VIBRA ENERGIA,2023-11-21
SE,MG,BELO HORIZONTE,POSTO CENTER NORTE LTDA,10.684.461/0001-84,AVENIDA VILARINHO,5360,,VENDA NOVA,31615-250,ETANOL,16/01/2023,3.89,,R$ / litro,VIBRA ENERGIA,2023-11-21
SE,MG,BELO HORIZONTE,POSTO CENTER NORTE LTDA,10.684.461/0001-84,AVENIDA VILARINHO,5360,,VENDA NOVA,31615-250,DIESEL S10,16/01/2023,6.09,,R$ / litro,VIBRA ENERGIA,2023-11-21
SE,MG,BELO HORIZONTE,POSTO CENTER NORTE LTDA,10.684.461/0001-84,AVENIDA VILARINHO,5360,,VENDA NOVA,31615-250,GASOLINA,16/01/2023,4.79,,R$ / litro,VIBRA ENERGIA,2023-11-21
SE,MG,SETE LAGOAS,POSTO VOLKSSETE LTDA,06.925.199/0001-45,AVENIDA PREFEITO ALBERTO MOURA,2000,,MATA GRANDE,35702-383,ETANOL,16/01/2023,4.09,,R$ / litro,VIBRA ENERGIA,2023-11-21
SE,MG,SETE LAGOAS,POSTO VOLKSSETE LTDA,06.925.199/0001-45,AVENIDA PREFEITO ALBERTO MOURA,2000,,MATA GRANDE,35702-383,DIESEL S10,16/01/2023,6.09,,R$ / litro,VIBRA ENERGIA,2023-11-21
SE,MG,SETE LAGOAS,POSTO VOLKSSETE LTDA,06.925.199/0001-45,AVENIDA PREFEITO ALBERTO MOURA,2000,,MATA GRANDE,35702-383,DIESEL,16/01/2023,5.99,,R$ / litro,VIBRA ENERGIA,2023-11-21
SE,MG,SETE LAGOAS,POSTO VOLKSSETE LTDA,06.925.199/0001-45,AVENIDA PREFEITO ALBERTO MOURA,2000,,MATA GRANDE,35702-383,GASOLINA,16/01/2023,4.89,,R$ / litro,VIBRA ENERGIA,2023-11-21
SE,MG,BELO HORIZONTE,POSTO MONTE SANTO LTDA,08.223.834/0001-78,AVENIDA DOM PEDRO II,3038,,CAICARA,30720-460,ETANOL,17/01/2023,3.88,,R$ / litro,VIBRA ENERGIA,2023-11-21
SE,MG,BELO HORIZONTE,POSTO MONTE SANTO LTDA,08.223.834/0001-78,AVENIDA DOM PEDRO II,3038,,CAICARA,30720-460,GASOLINA ADITIVADA,17/01/2023,5.08,,R$ / litro,VIBRA ENERGIA,2023-11-21
SE,MG,BELO HORIZONTE,POSTO MONTE SANTO LTDA,08.223.834/0001-78,AVENIDA DOM PEDRO II,3038,,CAICARA,30720-460,GASOLINA,17/01/2023,4.88,,R$ / litro,VIBRA ENERGIA,2023-11-21
SE,MG,ITUIUTABA,POSTO 5.5. LIMITADA,02.211.749/0006-18,AVENIDA DEPUTADO DANIEL DE FREITAS BARROS,2996,,IPIRANGA,38302-132,ETANOL,16/01/2023,3.89,,R$ / litro,VIBRA ENERGIA,2023-11-21
SE,MG,ITUIUTABA,POSTO 5.5. LIMITADA,02.211.749/0006-18,AVENIDA DEPUTADO DANIEL DE FREITAS BARROS,2996,,IPIRANGA,38302-132,DIESEL S10,16/01/2023,6.09,,R$ / litro,VIBRA ENERGIA,2023-11-21
SE,MG,ITUIUTABA,POSTO 5.5. LIMITADA,02.211.749/0006-18,AVENIDA DEPUTADO DANIEL DE FREITAS BARROS,2996,,IPIRANGA,38302-132,DIESEL,16/01/2023,5.94,,R$ / litro,VIBRA ENERGIA,2023-11-21
SE,MG,ITUIUTABA,POSTO 5.5. LIMITADA,02.211.749/0006-18,AVENIDA DEPUTADO DANIEL DE FREITAS BARROS,2996,,IPIRANGA,38302-132,GASOLINA,16/01/2023,4.99,,R$ / litro,VIBRA ENERGIA,2023-11-21
SE,MG,DIVINOPOLIS,SG COMERCIO DE COMBUSTIVEIS LTDA,13.594.690/0001-04,RUA ITAPECERICA,45,,CENTRO,35500-018,DIESEL S10,17/01/2023,6.39,,R$ / litro,VIBRA ENERGIA,2023-11-21
SE,MG,DIVINOPOLIS,SG COMERCIO DE COMBUSTIVEIS LTDA,13.594.690/0001-04,RUA ITAPECERICA,45,,CENTRO,35500-018,GASOLINA ADITIVADA,17/01/2023,5.19,,R$ / litro,VIBRA ENERGIA,2023-11-21
SE,MG,GOVERNADOR VALADARES,AUTO POSTO ANDRAMAGA LTDA,13.693.566/0001-98,AVENIDA JK,2961,,VILA RICA,35045-250,ETANOL,17/01/2023,3.98,,R$ / litro,BRANCA,2023-11-21
SE,MG,GOVERNADOR VALADARES,AUTO POSTO ANDRAMAGA LTDA,13.693.566/0001-98,AVENIDA JK,2961,,VILA RICA,35045-250,DIESEL S10,17/01/2023,6.28,,R$ / litro,BRANCA,2023-11-21
SE,MG,GOVERNADOR VALADARES,AUTO POSTO ANDRAMAGA LTDA,13.693.566/0001-98,AVENIDA JK,2961,,VILA RICA,35045-250,GASOLINA ADITIVADA,17/01/2023,5.34,,R$ / litro,BRANCA,2023-11-21
SE,MG,GOVERNADOR VALADARES,AUTO POSTO ANDRAMAGA LTDA,13.693.566/0001-98,AVENIDA JK,2961,,VILA RICA,35045-250,GASOLINA,17/01/2023,5.04,,R$ / litro,BRANCA,2023-11-21
SE,MG,FRUTAL,AUTO POSTO V8 LTDA,13.802.890/0001-05,AVENIDA MARECHAL DEODORO,305,,PRINCESA ISABEL,38200-000,ETANOL,17/01/2023,3.85,,R$ / litro,BRANCA,2023-11-21
SE,MG,FRUTAL,AUTO POSTO V8 LTDA,13.802.890/0001-05,AVENIDA MARECHAL DEODORO,305,,PRINCESA ISABEL,38200-000,GASOLINA,17/01/2023,4.99,,R$ / litro,BRANCA,2023-11-21
SE,MG,POCOS DE CALDAS,AUTO POSTO JLP LTDA,13.438.991/0001-30,AVENIDA JOSE REMIGIO PREZIA,13,,JARDIM DOS ESTADOS,37701-102,ETANOL,18/01/2023,3.57,,R$ / litro,BRANCA,2023-11-21
SE,MG,POCOS DE CALDAS,AUTO POSTO JLP LTDA,13.438.991/0001-30,AVENIDA JOSE REMIGIO PREZIA,13,,JARDIM DOS ESTADOS,37701-102,DIESEL S10,18/01/2023,5.99,,R$ / litro,BRANCA,2023-11-21
SE,MG,POCOS DE CALDAS,AUTO POSTO JLP LTDA,13.438.991/0001-30,AVENIDA JOSE REMIGIO PREZIA,13,,JARDIM DOS ESTADOS,37701-102,GASOLINA,18/01/2023,4.67,,R$ / litro,BRANCA,2023-11-21
SE,MG,PASSOS,AUTO POSTO EXPEDICIONARIOS LTDA,14.532.993/0001-57,AVENIDA JK,407,,JARDIM COLEGIO DE PASSOS,37901-000,ETANOL,19/01/2023,3.55,,R$ / litro,BRANCA,2023-11-21
SE,MG,PASSOS,AUTO POSTO EXPEDICIONARIOS LTDA,14.532.993/0001-57,AVENIDA JK,407,,JARDIM COLEGIO DE PASSOS,37901-000,DIESEL S10,19/01/2023,5.99,,R$ / litro,BRANCA,2023-11-21
SE,MG,PASSOS,AUTO POSTO EXPEDICIONARIOS LTDA,14.532.993/0001-57,AVENIDA JK,407,,JARDIM COLEGIO DE PASSOS,37901-000,DIESEL,19/01/2023,5.89,,R$ / litro,BRANCA,2023-11-21
SE,MG,PASSOS,AUTO POSTO EXPEDICIONARIOS LTDA,14.532.993/0001-57,AVENIDA JK,407,,JARDIM COLEGIO DE PASSOS,37901-000,GASOLINA ADITIVADA,19/01/2023,4.69,,R$ / litro,BRANCA,2023-11-21
SE,MG,PASSOS,AUTO POSTO EXPEDICIONARIOS LTDA,14.532.993/0001-57,AVENIDA JK,407,,JARDIM COLEGIO DE PASSOS,37901-000,GASOLINA,19/01/2023,4.59,,R$ / litro,BRANCA,2023-11-21
SE,MG,PASSOS,BARAO AUTO POSTO LTDA,14.533.037/0001-90,RUA MATO GROSSO,1428,,JARDIM COLEGIO DE PASSOS,37900-228,ETANOL,19/01/2023,3.55,,R$ / litro,BRANCA,2023-11-21
SE,MG,PASSOS,BARAO AUTO POSTO LTDA,14.533.037/0001-90,RUA MATO GROSSO,1428,,JARDIM COLEGIO DE PASSOS,37900-228,DIESEL S10,19/01/2023,5.99,,R$ / litro,BRANCA,2023-11-21
SE,MG,PASSOS,BARAO AUTO POSTO LTDA,14.533.037/0001-90,RUA MATO GROSSO,1428,,JARDIM COLEGIO DE PASSOS,37900-228,DIESEL,19/01/2023,5.89,,R$ / litro,BRANCA,2023-11-21
SE,MG,PASSOS,BARAO AUTO POSTO LTDA,14.533.037/0001-90,RUA MATO GROSSO,1428,,JARDIM COLEGIO DE PASSOS,37900-228,GASOLINA ADITIVADA,19/01/2023,4.69,,R$ / litro,BRANCA,2023-11-21
SE,MG,PASSOS,BARAO AUTO POSTO LTDA,14.533.037/0001-90,RUA MATO GROSSO,1428,,JARDIM COLEGIO DE PASSOS,37900-228,GASOLINA,19/01/2023,4.59,,R$ / litro,BRANCA,2023-11-21
SE,MG,BELO HORIZONTE,POSTO OLIMAR COMERCIO DE COMBUSTIVEIS LTDA,14.135.978/0001-75,AVENIDA TEREZA CRISTINA,2350,,PADRE EUSTAQUIO,30720-230,ETANOL,17/01/2023,3.75,,R$ / litro,IPIRANGA,2023-11-21
SE,MG,BELO HORIZONTE,POSTO OLIMAR COMERCIO DE COMBUSTIVEIS LTDA,14.135.978/0001-75,AVENIDA TEREZA CRISTINA,2350,,PADRE EUSTAQUIO,30720-230,GASOLINA ADITIVADA,17/01/2023,4.95,,R$ / litro,IPIRANGA,2023-11-21
SE,MG,BELO HORIZONTE,POSTO OLIMAR COMERCIO DE COMBUSTIVEIS LTDA,14.135.978/0001-75,AVENIDA TEREZA CRISTINA,2350,,PADRE EUSTAQUIO,30720-230,GASOLINA,17/01/2023,4.75,,R$ / litro,IPIRANGA,2023-11-21
SE,MG,SAO SEBASTIAO DO PARAISO,AUTO POSTO ZAMBIASI LTDA,08.346.578/0001-06,RODOVIA MG 050,455,: POSTO;,SUBURBIO,37950-000,ETANOL,17/01/2023,4.19,,R$ / litro,VIBRA ENERGIA,2023-11-21
SE,MG,SAO SEBASTIAO DO PARAISO,AUTO POSTO ZAMBIASI LTDA,08.346.578/0001-06,RODOVIA MG 050,455,: POSTO;,SUBURBIO,37950-000,DIESEL S10,17/01/2023,6.18,,R$ / litro,VIBRA ENERGIA,2023-11-21
SE,MG,SAO SEBASTIAO DO PARAISO,AUTO POSTO ZAMBIASI LTDA,08.346.578/0001-06,RODOVIA MG 050,455,: POSTO;,SUBURBIO,37950-000,DIESEL,17/01/2023,6.08,,R$ / litro,VIBRA ENERGIA,2023-11-21
SE,MG,SAO SEBASTIAO DO PARAISO,AUTO POSTO ZAMBIASI LTDA,08.346.578/0001-06,RODOVIA MG 050,455,: POSTO;,SUBURBIO,37950-000,GASOLINA,17/01/2023,5.29,,R$ / litro,VIBRA ENERGIA,2023-11-21
SE,MG,ARAXA,REDE DE POSTOS OLIVEIRA LTDA,11.165.625/0003-91,PRACA CORONEL ADOLFO,27,,VILA SAO PEDRO,38183-085,ETANOL,16/01/2023,4.15,,R$ / litro,TOTALENERGIES,2023-11-21
SE,MG,ARAXA,REDE DE POSTOS OLIVEIRA LTDA,11.165.625/0003-91,PRACA CORONEL ADOLFO,27,,VILA SAO PEDRO,38183-085,GASOLINA,16/01/2023,5.18,,R$ / litro,TOTALENERGIES,2023-11-21
SE,MG,ARAXA,PETRO BULL COMBUSTIVEIS LTDA,15.746.091/0001-86,AVENIDA   AMAZONAS,308,,SAO GERALDO,38180-084,ETANOL,16/01/2023,4.09,,R$ / litro,BRANCA,2023-11-21
SE,MG,ARAXA,PETRO BULL COMBUSTIVEIS LTDA,15.746.091/0001-86,AVENIDA   AMAZONAS,308,,SAO GERALDO,38180-084,DIESEL S10,16/01/2023,6.29,,R$ / litro,BRANCA,2023-11-21
SE,MG,ARAXA,PETRO BULL COMBUSTIVEIS LTDA,15.746.091/0001-86,AVENIDA   AMAZONAS,308,,SAO GERALDO,38180-084,GASOLINA ADITIVADA,16/01/2023,5.19,,R$ / litro,BRANCA,2023-11-21
SE,MG,ARAXA,PETRO BULL COMBUSTIVEIS LTDA,15.746.091/0001-86,AVENIDA   AMAZONAS,308,,SAO GERALDO,38180-084,GASOLINA,16/01/2023,5.19,,R$ / litro,BRANCA,2023-11-21
SE,MG,TIMOTEO,COMERCIAL DE COMBUSTIVEIS FUNCIONARIOS LTDA,15.300.290/0001-66,AVENIDA ALBERTO BATISTA GALLO,2,: F;,FUNCIONARIOS,35180-406,ETANOL,20/01/2023,3.94,,R$ / litro,ALESAT,2023-11-21
SE,MG,TIMOTEO,COMERCIAL DE COMBUSTIVEIS FUNCIONARIOS LTDA,15.300.290/0001-66,AVENIDA ALBERTO BATISTA GALLO,2,: F;,FUNCIONARIOS,35180-406,DIESEL S10,20/01/2023,5.99,,R$ / litro,ALESAT,2023-11-21
SE,MG,TIMOTEO,COMERCIAL DE COMBUSTIVEIS FUNCIONARIOS LTDA,15.300.290/0001-66,AVENIDA ALBERTO BATISTA GALLO,2,: F;,FUNCIONARIOS,35180-406,DIESEL,20/01/2023,5.95,,R$ / litro,ALESAT,2023-11-21
SE,MG,TIMOTEO,COMERCIAL DE COMBUSTIVEIS FUNCIONARIOS LTDA,15.300.290/0001-66,AVENIDA ALBERTO BATISTA GALLO,2,: F;,FUNCIONARIOS,35180-406,GASOLINA,20/01/2023,4.89,,R$ / litro,ALESAT,2023-11-21
SE,MG,BELO HORIZONTE,DGET COMBUSTIVEIS EIRELI,10.651.236/0001-41,RUA DOS ASTECAS,2930,,SANTA MONICA,31530-300,ETANOL,16/01/2023,3.65,,R$ / litro,BRANCA,2023-11-21
SE,MG,BELO HORIZONTE,DGET COMBUSTIVEIS EIRELI,10.651.236/0001-41,RUA DOS ASTECAS,2930,,SANTA MONICA,31530-300,DIESEL S10,16/01/2023,6.05,,R$ / litro,BRANCA,2023-11-21
SE,MG,BELO HORIZONTE,DGET COMBUSTIVEIS EIRELI,10.651.236/0001-41,RUA DOS ASTECAS,2930,,SANTA MONICA,31530-300,GASOLINA,16/01/2023,4.75,,R$ / litro,BRANCA,2023-11-21
SE,MG,CURVELO,ORGANIZACOES L.T.M. LTDA,14.587.939/0001-09,AVENIDA BIAS FORTES,699,,VILA DE LOURDES,35790-000,ETANOL,17/01/2023,3.93,,R$ / litro,IPIRANGA,2023-11-21
SE,MG,CURVELO,ORGANIZACOES L.T.M. LTDA,14.587.939/0001-09,AVENIDA BIAS FORTES,699,,VILA DE LOURDES,35790-000,DIESEL S10,17/01/2023,6.09,,R$ / litro,IPIRANGA,2023-11-21
SE,MG,CURVELO,ORGANIZACOES L.T.M. LTDA,14.587.939/0001-09,AVENIDA BIAS FORTES,699,,VILA DE LOURDES,35790-000,DIESEL,17/01/2023,5.99,,R$ / litro,IPIRANGA,2023-11-21
SE,MG,CURVELO,ORGANIZACOES L.T.M. LTDA,14.587.939/0001-09,AVENIDA BIAS FORTES,699,,VILA DE LOURDES,35790-000,GASOLINA,17/01/2023,5.09,,R$ / litro,IPIRANGA,2023-11-21
SE,MG,DIVINOPOLIS,AUTO POSTO CENTER EIRELI - EPP,17.182.997/0001-40,AVENIDA GETULIO VARGAS,535,,CENTRO,35500-024,ETANOL,17/01/2023,3.89,,R$ / litro,BRANCA,2023-11-21
SE,MG,DIVINOPOLIS,AUTO POSTO CENTER EIRELI - EPP,17.182.997/0001-40,AVENIDA GETULIO VARGAS,535,,CENTRO,35500-024,GASOLINA,17/01/2023,4.89,,R$ / litro,BRANCA,2023-11-21
SE,MG,SAO SEBASTIAO DO PARAISO,PARAISO COMERCIO DE COMBUSTIVEIS LTDA,17.081.296/0001-15,AVENIDA ZEZE AMARAL,275,,JARDIM SAO JOSE,37950-000,ETANOL,17/01/2023,3.9,,R$ / litro,BRANCA,2023-11-21
SE,MG,SAO SEBASTIAO DO PARAISO,PARAISO COMERCIO DE COMBUSTIVEIS LTDA,17.081.296/0001-15,AVENIDA ZEZE AMARAL,275,,JARDIM SAO JOSE,37950-000,DIESEL,17/01/2023,6.19,,R$ / litro,BRANCA,2023-11-21
SE,MG,SAO SEBASTIAO DO PARAISO,PARAISO COMERCIO DE COMBUSTIVEIS LTDA,17.081.296/0001-15,AVENIDA ZEZE AMARAL,275,,JARDIM SAO JOSE,37950-000,GASOLINA ADITIVADA,17/01/2023,5.2,,R$ / litro,BRANCA,2023-11-21
SE,MG,SAO SEBASTIAO DO PARAISO,PARAISO COMERCIO DE COMBUSTIVEIS LTDA,17.081.296/0001-15,AVENIDA ZEZE AMARAL,275,,JARDIM SAO JOSE,37950-000,GASOLINA,17/01/2023,5.2,,R$ / litro,BRANCA,2023-11-21
SE,MG,JUIZ DE FORA,RODO POSTO JUIZ DE FORA LTDA,10.671.749/0001-14,RODOVIA BR-040,S/N,KM: 794;,SALVATERRA,36033-005,ETANOL,18/01/2023,4.19,,R$ / litro,VIBRA ENERGIA,2023-11-21
SE,MG,JUIZ DE FORA,RODO POSTO JUIZ DE FORA LTDA,10.671.749/0001-14,RODOVIA BR-040,S/N,KM: 794;,SALVATERRA,36033-005,DIESEL S10,18/01/2023,6.19,,R$ / litro,VIBRA ENERGIA,2023-11-21
SE,MG,JUIZ DE FORA,RODO POSTO JUIZ DE FORA LTDA,10.671.749/0001-14,RODOVIA BR-040,S/N,KM: 794;,SALVATERRA,36033-005,DIESEL,18/01/2023,6.09,,R$ / litro,VIBRA ENERGIA,2023-11-21
SE,MG,JUIZ DE FORA,RODO POSTO JUIZ DE FORA LTDA,10.671.749/0001-14,RODOVIA BR-040,S/N,KM: 794;,SALVATERRA,36033-005,GASOLINA ADITIVADA,18/01/2023,5.09,,R$ / litro,VIBRA ENERGIA,2023-11-21
SE,MG,JUIZ DE FORA,RODO POSTO JUIZ DE FORA LTDA,10.671.749/0001-14,RODOVIA BR-040,S/N,KM: 794;,SALVATERRA,36033-005,GASOLINA,18/01/2023,4.99,,R$ / litro,VIBRA ENERGIA,2023-11-21
SE,MG,CORONEL FABRICIANO,COMERCIAL DE COMBUSTIVEIS MELO VIANA LTDA,17.110.310/0001-61,AVENIDA GERALDO INACIO,1893,,MELO VIANA,35170-151,ETANOL,18/01/2023,3.94,,R$ / litro,ALESAT,2023-11-21
SE,MG,CORONEL FABRICIANO,COMERCIAL DE COMBUSTIVEIS MELO VIANA LTDA,17.110.310/0001-61,AVENIDA GERALDO INACIO,1893,,MELO VIANA,35170-151,DIESEL,18/01/2023,5.95,,R$ / litro,ALESAT,2023-11-21
SE,MG,CORONEL FABRICIANO,COMERCIAL DE COMBUSTIVEIS MELO VIANA LTDA,17.110.310/0001-61,AVENIDA GERALDO INACIO,1893,,MELO VIANA,35170-151,GASOLINA,18/01/2023,4.89,,R$ / litro,ALESAT,2023-11-21
SE,MG,NOVA LIMA,POSTO VILA DA SERRA LTDA,16.979.906/0001-30,RODOVIA MG 030,"1,346",,VALE DO SERENO,34000-001,ETANOL,19/01/2023,3.95,,R$ / litro,VIBRA ENERGIA,2023-11-21
SE,MG,NOVA LIMA,POSTO VILA DA SERRA LTDA,16.979.906/0001-30,RODOVIA MG 030,"1,346",,VALE DO SERENO,34000-001,DIESEL S10,19/01/2023,6.49,,R$ / litro,VIBRA ENERGIA,2023-11-21
SE,MG,NOVA LIMA,POSTO VILA DA SERRA LTDA,16.979.906/0001-30,RODOVIA MG 030,"1,346",,VALE DO SERENO,34000-001,GASOLINA,19/01/2023,4.97,,R$ / litro,VIBRA ENERGIA,2023-11-21
SE,MG,POCOS DE CALDAS,AUTO POSTO E CENTRO AUTOMOTIVO WENCESLAU BRAZ LTDA,17.212.958/0001-49,AVENIDA WENCESLAU BRAZ,2000,,ESTANCIA POCOS DE CALDAS,37706-055,ETANOL,18/01/2023,3.49,,R$ / litro,BRANCA,2023-11-21
SE,MG,POCOS DE CALDAS,AUTO POSTO E CENTRO AUTOMOTIVO WENCESLAU BRAZ LTDA,17.212.958/0001-49,AVENIDA WENCESLAU BRAZ,2000,,ESTANCIA POCOS DE CALDAS,37706-055,GASOLINA,18/01/2023,4.59,,R$ / litro,BRANCA,2023-11-21
SE,MG,ARAXA,PEREIRA COMERCIO DE COMBUSTIVEIS LTDA,17.428.198/0001-01,AVENIDA HITALO ROS,1300,,MORADA DO SOL,38181-419,ETANOL,16/01/2023,3.96,,R$ / litro,RIO BRANCO,2023-11-21
SE,MG,ARAXA,PEREIRA COMERCIO DE COMBUSTIVEIS LTDA,17.428.198/0001-01,AVENIDA HITALO ROS,1300,,MORADA DO SOL,38181-419,DIESEL S10,16/01/2023,6.26,,R$ / litro,RIO BRANCO,2023-11-21
SE,MG,ARAXA,PEREIRA COMERCIO DE COMBUSTIVEIS LTDA,17.428.198/0001-01,AVENIDA HITALO ROS,1300,,MORADA DO SOL,38181-419,DIESEL,16/01/2023,6.18,,R$ / litro,RIO BRANCO,2023-11-21
SE,MG,ARAXA,PEREIRA COMERCIO DE COMBUSTIVEIS LTDA,17.428.198/0001-01,AVENIDA HITALO ROS,1300,,MORADA DO SOL,38181-419,GASOLINA ADITIVADA,16/01/2023,5.15,,R$ / litro,RIO BRANCO,2023-11-21
SE,MG,ARAXA,PEREIRA COMERCIO DE COMBUSTIVEIS LTDA,17.428.198/0001-01,AVENIDA HITALO ROS,1300,,MORADA DO SOL,38181-419,GASOLINA,16/01/2023,5.15,,R$ / litro,RIO BRANCO,2023-11-21
SE,MG,CAMPO BELO,HMAX COMBUSTIVEIS E LUBRIFICANTES LTDA,17.756.002/0001-08,RUA JOAO PINHEIRO,377,,CENTRO,37270-000,ETANOL,19/01/2023,3.89,,R$ / litro,BRANCA,2023-11-21
SE,MG,CAMPO BELO,HMAX COMBUSTIVEIS E LUBRIFICANTES LTDA,17.756.002/0001-08,RUA JOAO PINHEIRO,377,,CENTRO,37270-000,GASOLINA,19/01/2023,4.89,,R$ / litro,BRANCA,2023-11-21
SE,MG,BETIM,POSTO PANAMERA LTDA,15.313.045/0001-93,AVENIDA BANDEIRANTES,1155,,CHACARA,32670-355,ETANOL,17/01/2023,3.89,,R$ / litro,VIBRA ENERGIA,2023-11-21
SE,MG,BETIM,POSTO PANAMERA LTDA,15.313.045/0001-93,AVENIDA BANDEIRANTES,1155,,CHACARA,32670-355,DIESEL S10,17/01/2023,6.07,,R$ / litro,VIBRA ENERGIA,2023-11-21
SE,MG,BETIM,POSTO PANAMERA LTDA,15.313.045/0001-93,AVENIDA BANDEIRANTES,1155,,CHACARA,32670-355,GASOLINA ADITIVADA,17/01/2023,4.94,,R$ / litro,VIBRA ENERGIA,2023-11-21
SE,MG,BETIM,POSTO PANAMERA LTDA,15.313.045/0001-93,AVENIDA BANDEIRANTES,1155,,CHACARA,32670-355,GASOLINA,17/01/2023,4.79,,R$ / litro,VIBRA ENERGIA,2023-11-21
SE,MG,CAMPO BELO,HMAX COMBUSTIVEIS E LUBRIFICANTES LTDA,17.756.002/0002-99,AVENIDA AFONSO PENA,1550,,CENTRO,37270-000,ETANOL,19/01/2023,3.89,,R$ / litro,BRANCA,2023-11-21
SE,MG,CAMPO BELO,HMAX COMBUSTIVEIS E LUBRIFICANTES LTDA,17.756.002/0002-99,AVENIDA AFONSO PENA,1550,,CENTRO,37270-000,DIESEL,19/01/2023,6.19,,R$ / litro,BRANCA,2023-11-21
SE,MG,CAMPO BELO,HMAX COMBUSTIVEIS E LUBRIFICANTES LTDA,17.756.002/0002-99,AVENIDA AFONSO PENA,1550,,CENTRO,37270-000,GASOLINA,19/01/2023,4.89,,R$ / litro,BRANCA,2023-11-21
SE,MG,GOVERNADOR VALADARES,SERRA & SENNA COMERCIO DE COMBUSTIVEIS LTDA,18.208.822/0001-28,RUA MARECHAL FLORIANO,1694,,CENTRO,35010-141,ETANOL,17/01/2023,3.99,,R$ / litro,RAIZEN,2023-11-21
SE,MG,GOVERNADOR VALADARES,SERRA & SENNA COMERCIO DE COMBUSTIVEIS LTDA,18.208.822/0001-28,RUA MARECHAL FLORIANO,1694,,CENTRO,35010-141,GASOLINA ADITIVADA,17/01/2023,5.29,,R$ / litro,RAIZEN,2023-11-21
SE,MG,GOVERNADOR VALADARES,SERRA & SENNA COMERCIO DE COMBUSTIVEIS LTDA,18.208.822/0001-28,RUA MARECHAL FLORIANO,1694,,CENTRO,35010-141,GASOLINA,17/01/2023,5.05,,R$ / litro,RAIZEN,2023-11-21
SE,MG,BELO HORIZONTE,POSTO ITATIAIA LTDA,12.927.274/0001-00,AVENIDA PROFESSOR CLOVIS SALGADO,1865,,ITATIAIA,31360-280,ETANOL,16/01/2023,3.68,,R$ / litro,BRANCA,2023-11-21
SE,MG,BELO HORIZONTE,POSTO ITATIAIA LTDA,12.927.274/0001-00,AVENIDA PROFESSOR CLOVIS SALGADO,1865,,ITATIAIA,31360-280,DIESEL S10,16/01/2023,6.08,,R$ / litro,BRANCA,2023-11-21
SE,MG,BELO HORIZONTE,POSTO ITATIAIA LTDA,12.927.274/0001-00,AVENIDA PROFESSOR CLOVIS SALGADO,1865,,ITATIAIA,31360-280,DIESEL,16/01/2023,5.98,,R$ / litro,BRANCA,2023-11-21
SE,MG,BELO HORIZONTE,POSTO ITATIAIA LTDA,12.927.274/0001-00,AVENIDA PROFESSOR CLOVIS SALGADO,1865,,ITATIAIA,31360-280,GASOLINA ADITIVADA,16/01/2023,4.88,,R$ / litro,BRANCA,2023-11-21
SE,MG,BELO HORIZONTE,POSTO ITATIAIA LTDA,12.927.274/0001-00,AVENIDA PROFESSOR CLOVIS SALGADO,1865,,ITATIAIA,31360-280,GASOLINA,16/01/2023,4.78,,R$ / litro,BRANCA,2023-11-21
SE,MG,CORONEL FABRICIANO,POSTO AVENIDA DE FABRICIANO LTDA,19.257.895/0001-72,AVENIDA DOUTOR JOSE DE MAGALHAES PINTO,693,LETRA: A;,GIOVANINI,35170-096,ETANOL,18/01/2023,3.85,,R$ / litro,RAIZEN,2023-11-21
SE,MG,CORONEL FABRICIANO,POSTO AVENIDA DE FABRICIANO LTDA,19.257.895/0001-72,AVENIDA DOUTOR JOSE DE MAGALHAES PINTO,693,LETRA: A;,GIOVANINI,35170-096,GASOLINA ADITIVADA,18/01/2023,5.25,,R$ / litro,RAIZEN,2023-11-21
SE,MG,CORONEL FABRICIANO,POSTO AVENIDA DE FABRICIANO LTDA,19.257.895/0001-72,AVENIDA DOUTOR JOSE DE MAGALHAES PINTO,693,LETRA: A;,GIOVANINI,35170-096,GASOLINA,18/01/2023,4.85,,R$ / litro,RAIZEN,2023-11-21
SE,MG,ARAXA,ALBANO DE AZEVEDO E SOUZA & CIA LTDA,03.572.854/0007-26,AVENIDA JOAO PAULO II,170,,CENTRO,38183-000,ETANOL,16/01/2023,3.95,,R$ / litro,IPIRANGA,2023-11-21
SE,MG,ARAXA,ALBANO DE AZEVEDO E SOUZA & CIA LTDA,03.572.854/0007-26,AVENIDA JOAO PAULO II,170,,CENTRO,38183-000,DIESEL S10,16/01/2023,6.29,,R$ / litro,IPIRANGA,2023-11-21
SE,MG,ARAXA,ALBANO DE AZEVEDO E SOUZA & CIA LTDA,03.572.854/0007-26,AVENIDA JOAO PAULO II,170,,CENTRO,38183-000,DIESEL,16/01/2023,6.19,,R$ / litro,IPIRANGA,2023-11-21
SE,MG,ARAXA,ALBANO DE AZEVEDO E SOUZA & CIA LTDA,03.572.854/0007-26,AVENIDA JOAO PAULO II,170,,CENTRO,38183-000,GASOLINA ADITIVADA,16/01/2023,5.25,,R$ / litro,IPIRANGA,2023-11-21
SE,MG,ARAXA,ALBANO DE AZEVEDO E SOUZA & CIA LTDA,03.572.854/0007-26,AVENIDA JOAO PAULO II,170,,CENTRO,38183-000,GASOLINA,16/01/2023,5.15,,R$ / litro,IPIRANGA,2023-11-21
SE,MG,CONSELHEIRO LAFAIETE,AUTO POSTO GIGANTE LTDA,13.093.320/0001-85,RUA CRISTOVAO DE SENA,1201,,GIGANTE,36400-001,ETANOL,16/01/2023,3.85,,R$ / litro,BRANCA,2023-11-21
SE,MG,CONSELHEIRO LAFAIETE,AUTO POSTO GIGANTE LTDA,13.093.320/0001-85,RUA CRISTOVAO DE SENA,1201,,GIGANTE,36400-001,DIESEL S10,16/01/2023,6.15,,R$ / litro,BRANCA,2023-11-21
SE,MG,CONSELHEIRO LAFAIETE,AUTO POSTO GIGANTE LTDA,13.093.320/0001-85,RUA CRISTOVAO DE SENA,1201,,GIGANTE,36400-001,DIESEL,16/01/2023,6.07,,R$ / litro,BRANCA,2023-11-21
SE,MG,CONSELHEIRO LAFAIETE,AUTO POSTO GIGANTE LTDA,13.093.320/0001-85,RUA CRISTOVAO DE SENA,1201,,GIGANTE,36400-001,GASOLINA ADITIVADA,16/01/2023,4.95,,R$ / litro,BRANCA,2023-11-21
SE,MG,CONSELHEIRO LAFAIETE,AUTO POSTO GIGANTE LTDA,13.093.320/0001-85,RUA CRISTOVAO DE SENA,1201,,GIGANTE,36400-001,GASOLINA,16/01/2023,4.95,,R$ / litro,BRANCA,2023-11-21
SE,MG,GUAXUPE,POSTO FLORESTA GUAXUPE LTDA,18.803.352/0001-40,RUA ELIANA,20,,BEBEDOURO,37800-000,ETANOL,17/01/2023,3.99,,R$ / litro,IPIRANGA,2023-11-21
SE,MG,GUAXUPE,POSTO FLORESTA GUAXUPE LTDA,18.803.352/0001-40,RUA ELIANA,20,,BEBEDOURO,37800-000,DIESEL S10,17/01/2023,6.49,,R$ / litro,IPIRANGA,2023-11-21
SE,MG,GUAXUPE,POSTO FLORESTA GUAXUPE LTDA,18.803.352/0001-40,RUA ELIANA,20,,BEBEDOURO,37800-000,GASOLINA ADITIVADA,17/01/2023,5.09,,R$ / litro,IPIRANGA,2023-11-21
SE,MG,GUAXUPE,POSTO FLORESTA GUAXUPE LTDA,18.803.352/0001-40,RUA ELIANA,20,,BEBEDOURO,37800-000,GASOLINA,17/01/2023,4.99,,R$ / litro,IPIRANGA,2023-11-21
SE,MG,GOVERNADOR VALADARES,REDE HG COMBUSTIVEIS LTDA.,13.569.064/0004-00,AVENIDA RIO/BAHIA,S/N,KM: 412 E 33 METROS;,PLANALTO,35054-060,ETANOL,18/01/2023,3.98,,R$ / litro,VIBRA ENERGIA,2023-11-21
SE,MG,GOVERNADOR VALADARES,REDE HG COMBUSTIVEIS LTDA.,13.569.064/0004-00,AVENIDA RIO/BAHIA,S/N,KM: 412 E 33 METROS;,PLANALTO,35054-060,DIESEL S10,18/01/2023,6.15,,R$ / litro,VIBRA ENERGIA,2023-11-21
SE,MG,GOVERNADOR VALADARES,REDE HG COMBUSTIVEIS LTDA.,13.569.064/0004-00,AVENIDA RIO/BAHIA,S/N,KM: 412 E 33 METROS;,PLANALTO,35054-060,DIESEL,18/01/2023,6.05,,R$ / litro,VIBRA ENERGIA,2023-11-21
SE,MG,GOVERNADOR VALADARES,REDE HG COMBUSTIVEIS LTDA.,13.569.064/0004-00,AVENIDA RIO/BAHIA,S/N,KM: 412 E 33 METROS;,PLANALTO,35054-060,GASOLINA ADITIVADA,18/01/2023,5.33,,R$ / litro,VIBRA ENERGIA,2023-11-21
SE,MG,GOVERNADOR VALADARES,REDE HG COMBUSTIVEIS LTDA.,13.569.064/0004-00,AVENIDA RIO/BAHIA,S/N,KM: 412 E 33 METROS;,PLANALTO,35054-060,GASOLINA,18/01/2023,5.03,,R$ / litro,VIBRA ENERGIA,2023-11-21
SE,MG,GOVERNADOR VALADARES,REDE HG COMBUSTIVEIS LTDA.,13.569.064/0004-00,AVENIDA RIO/BAHIA,S/N,KM: 412 E 33 METROS;,PLANALTO,35054-060,GNV,18/01/2023,5.19,,R$ / m³,VIBRA ENERGIA,2023-11-21
SE,MG,GOVERNADOR VALADARES,REDE HG COMBUSTIVEIS LTDA.,13.569.064/0008-26,AVENIDA RIO/BAHIA,S/N,KM: 420 E 56 METROS;,VILA ISA,35044-000,ETANOL,18/01/2023,3.99,,R$ / litro,RAIZEN,2023-11-21
SE,MG,GOVERNADOR VALADARES,REDE HG COMBUSTIVEIS LTDA.,13.569.064/0008-26,AVENIDA RIO/BAHIA,S/N,KM: 420 E 56 METROS;,VILA ISA,35044-000,DIESEL S10,18/01/2023,6.19,,R$ / litro,RAIZEN,2023-11-21
SE,MG,GOVERNADOR VALADARES,REDE HG COMBUSTIVEIS LTDA.,13.569.064/0008-26,AVENIDA RIO/BAHIA,S/N,KM: 420 E 56 METROS;,VILA ISA,35044-000,GASOLINA ADITIVADA,18/01/2023,5.35,,R$ / litro,RAIZEN,2023-11-21
SE,MG,GOVERNADOR VALADARES,REDE HG COMBUSTIVEIS LTDA.,13.569.064/0008-26,AVENIDA RIO/BAHIA,S/N,KM: 420 E 56 METROS;,VILA ISA,35044-000,GASOLINA,18/01/2023,5.05,,R$ / litro,RAIZEN,2023-11-21
SE,MG,MONTES CLAROS,POSTO SAO JUDAS DERIVADOS DE PETROLEO LTDA,04.233.411/0001-88,AVENIDA SAO JUDAS TADEU,334,,SAO JUDAS,39402-558,ETANOL,19/01/2023,3.68,,R$ / litro,IPIRANGA,2023-11-21
SE,MG,MONTES CLAROS,POSTO SAO JUDAS DERIVADOS DE PETROLEO LTDA,04.233.411/0001-88,AVENIDA SAO JUDAS TADEU,334,,SAO JUDAS,39402-558,GASOLINA ADITIVADA,19/01/2023,4.98,,R$ / litro,IPIRANGA,2023-11-21
SE,MG,MONTES CLAROS,POSTO SAO JUDAS DERIVADOS DE PETROLEO LTDA,04.233.411/0001-88,AVENIDA SAO JUDAS TADEU,334,,SAO JUDAS,39402-558,GASOLINA,19/01/2023,4.78,,R$ / litro,IPIRANGA,2023-11-21
SE,MG,IPATINGA,COMERCIAL DE COMBUSTIVEIS IDEAL LTDA,16.876.266/0001-32,AVENIDA PEDRO NOLASCO,104,: A;,IDEAL,35162-216,ETANOL,17/01/2023,3.94,,R$ / litro,ALESAT,2023-11-21
SE,MG,IPATINGA,COMERCIAL DE COMBUSTIVEIS IDEAL LTDA,16.876.266/0001-32,AVENIDA PEDRO NOLASCO,104,: A;,IDEAL,35162-216,DIESEL S10,17/01/2023,5.99,,R$ / litro,ALESAT,2023-11-21
SE,MG,IPATINGA,COMERCIAL DE COMBUSTIVEIS IDEAL LTDA,16.876.266/0001-32,AVENIDA PEDRO NOLASCO,104,: A;,IDEAL,35162-216,DIESEL,17/01/2023,5.95,,R$ / litro,ALESAT,2023-11-21
SE,MG,IPATINGA,COMERCIAL DE COMBUSTIVEIS IDEAL LTDA,16.876.266/0001-32,AVENIDA PEDRO NOLASCO,104,: A;,IDEAL,35162-216,GASOLINA,17/01/2023,4.89,,R$ / litro,ALESAT,2023-11-21
SE,MG,POUSO ALEGRE,BRENNO VICENTE DE PAULA JUNIOR & CIA LTDA,04.878.675/0001-99,AVENIDA PREFEITO OLAVO GOMES DE OLIVEIRA,5377,,BELA VISTA,37557-260,ETANOL,20/01/2023,3.79,,R$ / litro,IPIRANGA,2023-11-21
SE,MG,POUSO ALEGRE,BRENNO VICENTE DE PAULA JUNIOR & CIA LTDA,04.878.675/0001-99,AVENIDA PREFEITO OLAVO GOMES DE OLIVEIRA,5377,,BELA VISTA,37557-260,DIESEL S10,20/01/2023,6.49,,R$ / litro,IPIRANGA,2023-11-21
SE,MG,POUSO ALEGRE,BRENNO VICENTE DE PAULA JUNIOR & CIA LTDA,04.878.675/0001-99,AVENIDA PREFEITO OLAVO GOMES DE OLIVEIRA,5377,,BELA VISTA,37557-260,DIESEL,20/01/2023,6.39,,R$ / litro,IPIRANGA,2023-11-21
SE,MG,POUSO ALEGRE,BRENNO VICENTE DE PAULA JUNIOR & CIA LTDA,04.878.675/0001-99,AVENIDA PREFEITO OLAVO GOMES DE OLIVEIRA,5377,,BELA VISTA,37557-260,GASOLINA,20/01/2023,4.89,,R$ / litro,IPIRANGA,2023-11-21
SE,MG,ITUIUTABA,POSTO 5.5. LIMITADA,02.211.749/0016-90,AVENIDA MINAS GERAIS,2955,,GERSON BADUY II,38304-285,ETANOL,16/01/2023,3.89,,R$ / litro,VIBRA ENERGIA,2023-11-21
SE,MG,ITUIUTABA,POSTO 5.5. LIMITADA,02.211.749/0016-90,AVENIDA MINAS GERAIS,2955,,GERSON BADUY II,38304-285,GASOLINA,16/01/2023,4.99,,R$ / litro,VIBRA ENERGIA,2023-11-21
SE,MG,IPATINGA,POSTO AUTO GIRO LTDA,09.140.879/0001-41,RUA CLAUDIO MOURA,777,: A;,NOVO CRUZEIRO,35164-840,ETANOL,17/01/2023,3.89,,R$ / litro,BRANCA,2023-11-21
SE,MG,IPATINGA,POSTO AUTO GIRO LTDA,09.140.879/0001-41,RUA CLAUDIO MOURA,777,: A;,NOVO CRUZEIRO,35164-840,GASOLINA ADITIVADA,17/01/2023,4.94,,R$ / litro,BRANCA,2023-11-21
SE,MG,IPATINGA,POSTO AUTO GIRO LTDA,09.140.879/0001-41,RUA CLAUDIO MOURA,777,: A;,NOVO CRUZEIRO,35164-840,GASOLINA,17/01/2023,4.89,,R$ / litro,BRANCA,2023-11-21
SE,MG,MURIAE,POSTO RADAR DE MURIAE LTDA,21.019.426/0001-67,"RUA ANTERO LOPES DE CARVALHO, RODOVIA BR 116",825,KM: 710;,SANTA HELENA,36884-124,ETANOL,18/01/2023,4.23,,R$ / litro,IPIRANGA,2023-11-21
SE,MG,MURIAE,POSTO RADAR DE MURIAE LTDA,21.019.426/0001-67,"RUA ANTERO LOPES DE CARVALHO, RODOVIA BR 116",825,KM: 710;,SANTA HELENA,36884-124,DIESEL S10,18/01/2023,6.37,,R$ / litro,IPIRANGA,2023-11-21
SE,MG,MURIAE,POSTO RADAR DE MURIAE LTDA,21.019.426/0001-67,"RUA ANTERO LOPES DE CARVALHO, RODOVIA BR 116",825,KM: 710;,SANTA HELENA,36884-124,DIESEL,18/01/2023,6.27,,R$ / litro,IPIRANGA,2023-11-21
SE,MG,MURIAE,POSTO RADAR DE MURIAE LTDA,21.019.426/0001-67,"RUA ANTERO LOPES DE CARVALHO, RODOVIA BR 116",825,KM: 710;,SANTA HELENA,36884-124,GASOLINA,18/01/2023,5.33,,R$ / litro,IPIRANGA,2023-11-21
SE,MG,MONTE CARMELO,ADILSON BORGES DA SILVA - ME,20.673.794/0001-61,RUA BOLIVIA,220,,CENTRO,38500-000,ETANOL,17/01/2023,3.55,,R$ / litro,BRANCA,2023-11-21
SE,MG,MONTE CARMELO,ADILSON BORGES DA SILVA - ME,20.673.794/0001-61,RUA BOLIVIA,220,,CENTRO,38500-000,DIESEL S10,17/01/2023,6.09,,R$ / litro,BRANCA,2023-11-21
SE,MG,MONTE CARMELO,ADILSON BORGES DA SILVA - ME,20.673.794/0001-61,RUA BOLIVIA,220,,CENTRO,38500-000,GASOLINA,17/01/2023,4.67,,R$ / litro,BRANCA,2023-11-21
SE,MG,SAO SEBASTIAO DO PARAISO,POSTO COOLAPA LTDA,20.763.342/0001-70,RUA NORALDINO LIMA,200,,VILA DALVA,37950-000,ETANOL,17/01/2023,3.95,,R$ / litro,RAIZEN,2023-11-21
SE,MG,SAO SEBASTIAO DO PARAISO,POSTO COOLAPA LTDA,20.763.342/0001-70,RUA NORALDINO LIMA,200,,VILA DALVA,37950-000,DIESEL S10,17/01/2023,6.27,,R$ / litro,RAIZEN,2023-11-21
SE,MG,SAO SEBASTIAO DO PARAISO,POSTO COOLAPA LTDA,20.763.342/0001-70,RUA NORALDINO LIMA,200,,VILA DALVA,37950-000,DIESEL,17/01/2023,6.17,,R$ / litro,RAIZEN,2023-11-21
SE,MG,SAO SEBASTIAO DO PARAISO,POSTO COOLAPA LTDA,20.763.342/0001-70,RUA NORALDINO LIMA,200,,VILA DALVA,37950-000,GASOLINA,17/01/2023,5.26,,R$ / litro,RAIZEN,2023-11-21
SE,MG,BARBACENA,POSTO BELVEDERE DE BARBACENA LTDA.,19.482.441/0001-03,RUA JOAO PINHEIRO,431,,SANTA TEREZA II,36201-128,ETANOL,17/01/2023,4.39,,R$ / litro,VIBRA ENERGIA,2023-11-21
SE,MG,BARBACENA,POSTO BELVEDERE DE BARBACENA LTDA.,19.482.441/0001-03,RUA JOAO PINHEIRO,431,,SANTA TEREZA II,36201-128,DIESEL S10,17/01/2023,6.59,,R$ / litro,VIBRA ENERGIA,2023-11-21
SE,MG,BARBACENA,POSTO BELVEDERE DE BARBACENA LTDA.,19.482.441/0001-03,RUA JOAO PINHEIRO,431,,SANTA TEREZA II,36201-128,DIESEL,17/01/2023,6.49,,R$ / litro,VIBRA ENERGIA,2023-11-21
SE,MG,BARBACENA,POSTO BELVEDERE DE BARBACENA LTDA.,19.482.441/0001-03,RUA JOAO PINHEIRO,431,,SANTA TEREZA II,36201-128,GASOLINA ADITIVADA,17/01/2023,5.39,,R$ / litro,VIBRA ENERGIA,2023-11-21
SE,MG,BARBACENA,POSTO BELVEDERE DE BARBACENA LTDA.,19.482.441/0001-03,RUA JOAO PINHEIRO,431,,SANTA TEREZA II,36201-128,GASOLINA,17/01/2023,5.29,,R$ / litro,VIBRA ENERGIA,2023-11-21
SE,MG,LAVRAS,AUTO POSTO PAIS DE GALE LTDA,20.922.136/0001-66,AVENIDA JUSCELINO KUBITSCHECK,358,,RETIRO,37200-000,ETANOL,19/01/2023,3.97,,R$ / litro,RAIZEN,2023-11-21
SE,MG,LAVRAS,AUTO POSTO PAIS DE GALE LTDA,20.922.136/0001-66,AVENIDA JUSCELINO KUBITSCHECK,358,,RETIRO,37200-000,GASOLINA,19/01/2023,4.89,,R$ / litro,RAIZEN,2023-11-21
SE,MG,POUSO ALEGRE,REDE DOM PEDRO DE POSTOS LTDA.,20.415.295/0013-08,RODOVIA FERNAO DIAS,S/N,KM: 859 MAIS 820 METROS;,CRUZ ALTA,37550-001,ETANOL,20/01/2023,3.99,,R$ / litro,IPIRANGA,2023-11-21
SE,MG,POUSO ALEGRE,REDE DOM PEDRO DE POSTOS LTDA.,20.415.295/0013-08,RODOVIA FERNAO DIAS,S/N,KM: 859 MAIS 820 METROS;,CRUZ ALTA,37550-001,DIESEL S10,20/01/2023,6.09,,R$ / litro,IPIRANGA,2023-11-21
SE,MG,POUSO ALEGRE,REDE DOM PEDRO DE POSTOS LTDA.,20.415.295/0013-08,RODOVIA FERNAO DIAS,S/N,KM: 859 MAIS 820 METROS;,CRUZ ALTA,37550-001,DIESEL,20/01/2023,5.99,,R$ / litro,IPIRANGA,2023-11-21
SE,MG,POUSO ALEGRE,REDE DOM PEDRO DE POSTOS LTDA.,20.415.295/0013-08,RODOVIA FERNAO DIAS,S/N,KM: 859 MAIS 820 METROS;,CRUZ ALTA,37550-001,GASOLINA,20/01/2023,4.99,,R$ / litro,IPIRANGA,2023-11-21
SE,MG,POUSO ALEGRE,REDE DOM PEDRO DE POSTOS LTDA.,20.415.295/0011-46,RODOVIA FERNAO DIAS,S/N,KM: 868;,FAZENDA GRANDE,37550-001,ETANOL,20/01/2023,3.99,,R$ / litro,IPIRANGA,2023-11-21
SE,MG,POUSO ALEGRE,REDE DOM PEDRO DE POSTOS LTDA.,20.415.295/0011-46,RODOVIA FERNAO DIAS,S/N,KM: 868;,FAZENDA GRANDE,37550-001,DIESEL S10,20/01/2023,6.09,,R$ / litro,IPIRANGA,2023-11-21
SE,MG,POUSO ALEGRE,REDE DOM PEDRO DE POSTOS LTDA.,20.415.295/0011-46,RODOVIA FERNAO DIAS,S/N,KM: 868;,FAZENDA GRANDE,37550-001,DIESEL,20/01/2023,5.99,,R$ / litro,IPIRANGA,2023-11-21
SE,MG,POUSO ALEGRE,REDE DOM PEDRO DE POSTOS LTDA.,20.415.295/0011-46,RODOVIA FERNAO DIAS,S/N,KM: 868;,FAZENDA GRANDE,37550-001,GASOLINA,20/01/2023,4.99,,R$ / litro,IPIRANGA,2023-11-21
SE,MG,SETE LAGOAS,POSTO VAPABUCU LTDA,21.309.034/0003-02,AVENIDA RAQUEL TEIXEIRA VIANA,1177,,CANAA,35700-293,ETANOL,17/01/2023,4.05,,R$ / litro,BRANCA,2023-11-21
SE,MG,SETE LAGOAS,POSTO VAPABUCU LTDA,21.309.034/0003-02,AVENIDA RAQUEL TEIXEIRA VIANA,1177,,CANAA,35700-293,DIESEL S10,17/01/2023,6.05,,R$ / litro,BRANCA,2023-11-21
SE,MG,SETE LAGOAS,POSTO VAPABUCU LTDA,21.309.034/0003-02,AVENIDA RAQUEL TEIXEIRA VIANA,1177,,CANAA,35700-293,DIESEL,17/01/2023,5.95,,R$ / litro,BRANCA,2023-11-21
SE,MG,SETE LAGOAS,POSTO VAPABUCU LTDA,21.309.034/0003-02,AVENIDA RAQUEL TEIXEIRA VIANA,1177,,CANAA,35700-293,GASOLINA,17/01/2023,4.82,,R$ / litro,BRANCA,2023-11-21
SE,MG,NOVA LIMA,PORTOPETRO COMBUSTIVEIS LTDA,03.167.395/0001-00,RODOVIA JANUARIO CARNEIRO,3480,LOTE  7 E 8               QUADRA2,BOSQUE RESIDENCIAL DO JAMBREIRO,34004-842,DIESEL S10,19/01/2023,6.48,,R$ / litro,RAIZEN,2023-11-21
SE,MG,NOVA LIMA,PORTOPETRO COMBUSTIVEIS LTDA,03.167.395/0001-00,RODOVIA JANUARIO CARNEIRO,3480,LOTE  7 E 8               QUADRA2,BOSQUE RESIDENCIAL DO JAMBREIRO,34004-842,GASOLINA ADITIVADA,19/01/2023,5.17,,R$ / litro,RAIZEN,2023-11-21
SE,MG,CAMPO BELO,AUTO POSTO AGLE LTDA,21.804.120/0003-83,AVENIDA BELO HORIZONTE,1090,,CENTENARIO,37270-000,ETANOL,19/01/2023,3.87,,R$ / litro,BRANCA,2023-11-21
SE,MG,CAMPO BELO,AUTO POSTO AGLE LTDA,21.804.120/0003-83,AVENIDA BELO HORIZONTE,1090,,CENTENARIO,37270-000,GASOLINA,19/01/2023,4.87,,R$ / litro,BRANCA,2023-11-21
SE,MG,PASSOS,AUTO POSTO ITALIA LTDA,22.392.066/0001-07,RUA JOAO TEIXEIRA MENDES,265,,NOSSA SENHORA APARECIDA,37902-419,ETANOL,19/01/2023,3.79,,R$ / litro,VIBRA ENERGIA,2023-11-21
SE,MG,PASSOS,AUTO POSTO ITALIA LTDA,22.392.066/0001-07,RUA JOAO TEIXEIRA MENDES,265,,NOSSA SENHORA APARECIDA,37902-419,DIESEL S10,19/01/2023,6.39,,R$ / litro,VIBRA ENERGIA,2023-11-21
SE,MG,PASSOS,AUTO POSTO ITALIA LTDA,22.392.066/0001-07,RUA JOAO TEIXEIRA MENDES,265,,NOSSA SENHORA APARECIDA,37902-419,DIESEL,19/01/2023,6.29,,R$ / litro,VIBRA ENERGIA,2023-11-21
SE,MG,PASSOS,AUTO POSTO ITALIA LTDA,22.392.066/0001-07,RUA JOAO TEIXEIRA MENDES,265,,NOSSA SENHORA APARECIDA,37902-419,GASOLINA,19/01/2023,4.89,,R$ / litro,VIBRA ENERGIA,2023-11-21
SE,MG,BETIM,ABC DISTRIBUICAO DE PETROLEO LTDA,13.117.591/0004-76,RUA ESPIRITO SANTO,173,,DECAMAO,32603-064,ETANOL,17/01/2023,3.89,,R$ / litro,BRANCA,2023-11-21
SE,MG,BETIM,ABC DISTRIBUICAO DE PETROLEO LTDA,13.117.591/0004-76,RUA ESPIRITO SANTO,173,,DECAMAO,32603-064,DIESEL S10,17/01/2023,6.09,,R$ / litro,BRANCA,2023-11-21
SE,MG,BETIM,ABC DISTRIBUICAO DE PETROLEO LTDA,13.117.591/0004-76,RUA ESPIRITO SANTO,173,,DECAMAO,32603-064,GASOLINA,17/01/2023,4.89,,R$ / litro,BRANCA,2023-11-21
SE,MG,CAMPO BELO,AUTO POSTO JARDIM AEROPORTO LTDA,22.440.988/0001-42,RUA VEREADOR FRANCISCO ARAUJO RODARTE,1586,,PASSA TEMPO,37270-000,ETANOL,18/01/2023,4.89,,R$ / litro,VIBRA ENERGIA,2023-11-21
SE,MG,CAMPO BELO,AUTO POSTO JARDIM AEROPORTO LTDA,22.440.988/0001-42,RUA VEREADOR FRANCISCO ARAUJO RODARTE,1586,,PASSA TEMPO,37270-000,DIESEL S10,18/01/2023,6.19,,R$ / litro,VIBRA ENERGIA,2023-11-21
SE,MG,CAMPO BELO,AUTO POSTO JARDIM AEROPORTO LTDA,22.440.988/0001-42,RUA VEREADOR FRANCISCO ARAUJO RODARTE,1586,,PASSA TEMPO,37270-000,DIESEL,18/01/2023,6.09,,R$ / litro,VIBRA ENERGIA,2023-11-21
SE,MG,CAMPO BELO,AUTO POSTO JARDIM AEROPORTO LTDA,22.440.988/0001-42,RUA VEREADOR FRANCISCO ARAUJO RODARTE,1586,,PASSA TEMPO,37270-000,GASOLINA ADITIVADA,18/01/2023,4.99,,R$ / litro,VIBRA ENERGIA,2023-11-21
SE,MG,CAMPO BELO,AUTO POSTO JARDIM AEROPORTO LTDA,22.440.988/0001-42,RUA VEREADOR FRANCISCO ARAUJO RODARTE,1586,,PASSA TEMPO,37270-000,GASOLINA,18/01/2023,4.89,,R$ / litro,VIBRA ENERGIA,2023-11-21
SE,MG,CONSELHEIRO LAFAIETE,POSTO ELOHIM LTDA,01.708.132/0002-16,R BARAO DE POUSO ALEGRE,701,,SAO DIMAS,36400-000,ETANOL,16/01/2023,3.67,,R$ / litro,ALESAT,2023-11-21
SE,MG,CONSELHEIRO LAFAIETE,POSTO ELOHIM LTDA,01.708.132/0002-16,R BARAO DE POUSO ALEGRE,701,,SAO DIMAS,36400-000,DIESEL S10,16/01/2023,6.1,,R$ / litro,ALESAT,2023-11-21
SE,MG,CONSELHEIRO LAFAIETE,POSTO ELOHIM LTDA,01.708.132/0002-16,R BARAO DE POUSO ALEGRE,701,,SAO DIMAS,36400-000,DIESEL,16/01/2023,5.99,,R$ / litro,ALESAT,2023-11-21
SE,MG,CONSELHEIRO LAFAIETE,POSTO ELOHIM LTDA,01.708.132/0002-16,R BARAO DE POUSO ALEGRE,701,,SAO DIMAS,36400-000,GASOLINA ADITIVADA,16/01/2023,4.95,,R$ / litro,ALESAT,2023-11-21
SE,MG,CONSELHEIRO LAFAIETE,POSTO ELOHIM LTDA,01.708.132/0002-16,R BARAO DE POUSO ALEGRE,701,,SAO DIMAS,36400-000,GASOLINA,16/01/2023,4.9,,R$ / litro,ALESAT,2023-11-21
SE,MG,MURIAE,AUTO POSTO 2000 MURIAE LTDA,23.123.370/0001-11,AVENIDA ALFREDO BICALHO CANEDO,33,,CHACARA LOURDES,36889-064,ETANOL,18/01/2023,4.24,,R$ / litro,ALESAT,2023-11-21
SE,MG,MURIAE,AUTO POSTO 2000 MURIAE LTDA,23.123.370/0001-11,AVENIDA ALFREDO BICALHO CANEDO,33,,CHACARA LOURDES,36889-064,GASOLINA ADITIVADA,18/01/2023,5.34,,R$ / litro,ALESAT,2023-11-21
SE,MG,MURIAE,AUTO POSTO 2000 MURIAE LTDA,23.123.370/0001-11,AVENIDA ALFREDO BICALHO CANEDO,33,,CHACARA LOURDES,36889-064,GASOLINA,18/01/2023,5.34,,R$ / litro,ALESAT,2023-11-21
SE,MG,ARAGUARI,CARILLI DIAS COMERCIO DE COMBUSTIVEIS LTDA,23.350.635/0001-14,AVENIDA MATO GROSSO,1740,,CENTRO,38440-046,ETANOL,16/01/2023,3.99,,R$ / litro,IPIRANGA,2023-11-21
SE,MG,ARAGUARI,CARILLI DIAS COMERCIO DE COMBUSTIVEIS LTDA,23.350.635/0001-14,AVENIDA MATO GROSSO,1740,,CENTRO,38440-046,DIESEL S10,16/01/2023,6.59,,R$ / litro,IPIRANGA,2023-11-21
SE,MG,ARAGUARI,CARILLI DIAS COMERCIO DE COMBUSTIVEIS LTDA,23.350.635/0001-14,AVENIDA MATO GROSSO,1740,,CENTRO,38440-046,DIESEL,16/01/2023,6.49,,R$ / litro,IPIRANGA,2023-11-21
SE,MG,ARAGUARI,CARILLI DIAS COMERCIO DE COMBUSTIVEIS LTDA,23.350.635/0001-14,AVENIDA MATO GROSSO,1740,,CENTRO,38440-046,GASOLINA,16/01/2023,4.99,,R$ / litro,IPIRANGA,2023-11-21
SE,MG,CAMPO BELO,ABC DISTRIBUICAO DE PETROLEO LTDA,13.117.591/0003-95,AVENIDA SAO JOAO,825,,CENTRO,37270-000,ETANOL,19/01/2023,3.89,,R$ / litro,BRANCA,2023-11-21
SE,MG,CAMPO BELO,ABC DISTRIBUICAO DE PETROLEO LTDA,13.117.591/0003-95,AVENIDA SAO JOAO,825,,CENTRO,37270-000,GASOLINA,19/01/2023,4.88,,R$ / litro,BRANCA,2023-11-21
SE,MG,UBERABA,AUTO POSTO RIBEIRO E PAIVA LTDA,23.869.913/0001-44,AVENIDA FRANCISCO PAGLIARO,30,,SAO BENEDITO,38020-340,ETANOL,17/01/2023,3.49,,R$ / litro,BRANCA,2023-11-21
SE,MG,UBERABA,AUTO POSTO RIBEIRO E PAIVA LTDA,23.869.913/0001-44,AVENIDA FRANCISCO PAGLIARO,30,,SAO BENEDITO,38020-340,DIESEL S10,17/01/2023,5.99,,R$ / litro,BRANCA,2023-11-21
SE,MG,UBERABA,AUTO POSTO RIBEIRO E PAIVA LTDA,23.869.913/0001-44,AVENIDA FRANCISCO PAGLIARO,30,,SAO BENEDITO,38020-340,GASOLINA,17/01/2023,4.59,,R$ / litro,BRANCA,2023-11-21
SE,MG,CONTAGEM,POSTO VILA PICA PAU LTDA,15.218.502/0001-60,VIA EXPRESSA DE CONTAGEM,6900,,BERNARDO MONTEIRO,32070-005,ETANOL,17/01/2023,3.77,,R$ / litro,IPIRANGA,2023-11-21
SE,MG,CONTAGEM,POSTO VILA PICA PAU LTDA,15.218.502/0001-60,VIA EXPRESSA DE CONTAGEM,6900,,BERNARDO MONTEIRO,32070-005,DIESEL,17/01/2023,5.99,,R$ / litro,IPIRANGA,2023-11-21
SE,MG,CONTAGEM,POSTO VILA PICA PAU LTDA,15.218.502/0001-60,VIA EXPRESSA DE CONTAGEM,6900,,BERNARDO MONTEIRO,32070-005,GASOLINA,17/01/2023,4.78,,R$ / litro,IPIRANGA,2023-11-21
SE,MG,ARAGUARI,AUTO POSTO GAMELEIRA LTDA,18.801.824/0002-07,AVENIDA  TEODORETO VELOSO DE CARVALHO,7373,,SIBIPIRUNA,38445-198,ETANOL,16/01/2023,3.59,,R$ / litro,BRANCA,2023-11-21
SE,MG,ARAGUARI,AUTO POSTO GAMELEIRA LTDA,18.801.824/0002-07,AVENIDA  TEODORETO VELOSO DE CARVALHO,7373,,SIBIPIRUNA,38445-198,DIESEL S10,16/01/2023,6.03,,R$ / litro,BRANCA,2023-11-21
SE,MG,ARAGUARI,AUTO POSTO GAMELEIRA LTDA,18.801.824/0002-07,AVENIDA  TEODORETO VELOSO DE CARVALHO,7373,,SIBIPIRUNA,38445-198,DIESEL,16/01/2023,5.9,,R$ / litro,BRANCA,2023-11-21
SE,MG,ARAGUARI,AUTO POSTO GAMELEIRA LTDA,18.801.824/0002-07,AVENIDA  TEODORETO VELOSO DE CARVALHO,7373,,SIBIPIRUNA,38445-198,GASOLINA,16/01/2023,4.79,,R$ / litro,BRANCA,2023-11-21
SE,MG,TIMOTEO,POSTO RIMA LTDA- EPP,23.932.057/0001-24,ALAMEDA TRINTA E UM DE OUTUBRO,85,,CENTRO,35180-014,ETANOL,17/01/2023,3.94,,R$ / litro,ALESAT,2023-11-21
SE,MG,TIMOTEO,POSTO RIMA LTDA- EPP,23.932.057/0001-24,ALAMEDA TRINTA E UM DE OUTUBRO,85,,CENTRO,35180-014,DIESEL,17/01/2023,5.95,,R$ / litro,ALESAT,2023-11-21
SE,MG,TIMOTEO,POSTO RIMA LTDA- EPP,23.932.057/0001-24,ALAMEDA TRINTA E UM DE OUTUBRO,85,,CENTRO,35180-014,GASOLINA,17/01/2023,4.89,,R$ / litro,ALESAT,2023-11-21
SE,MG,TIMOTEO,POSTO REDE RIVA 6 LTDA - EPP,23.928.593/0001-56,AVENIDA ACESITA,91,,OLARIA,35180-207,ETANOL,20/01/2023,3.99,,R$ / litro,VIBRA ENERGIA,2023-11-21
SE,MG,TIMOTEO,POSTO REDE RIVA 6 LTDA - EPP,23.928.593/0001-56,AVENIDA ACESITA,91,,OLARIA,35180-207,DIESEL S10,20/01/2023,6.09,,R$ / litro,VIBRA ENERGIA,2023-11-21
SE,MG,TIMOTEO,POSTO REDE RIVA 6 LTDA - EPP,23.928.593/0001-56,AVENIDA ACESITA,91,,OLARIA,35180-207,DIESEL,20/01/2023,5.99,,R$ / litro,VIBRA ENERGIA,2023-11-21
SE,MG,TIMOTEO,POSTO REDE RIVA 6 LTDA - EPP,23.928.593/0001-56,AVENIDA ACESITA,91,,OLARIA,35180-207,GASOLINA ADITIVADA,20/01/2023,5.1,,R$ / litro,VIBRA ENERGIA,2023-11-21
SE,MG,TIMOTEO,POSTO REDE RIVA 6 LTDA - EPP,23.928.593/0001-56,AVENIDA ACESITA,91,,OLARIA,35180-207,GASOLINA,20/01/2023,4.95,,R$ / litro,VIBRA ENERGIA,2023-11-21
SE,MG,CARATINGA,CARATINGA COMBUSTIVEIS LTDA,23.981.936/0001-46,AVENIDA JOAO CAETANO NASCIMENTO,1225,SALA  03,LIMOEIRO,35300-104,ETANOL,16/01/2023,4.09,,R$ / litro,ALESAT,2023-11-21
SE,MG,CARATINGA,CARATINGA COMBUSTIVEIS LTDA,23.981.936/0001-46,AVENIDA JOAO CAETANO NASCIMENTO,1225,SALA  03,LIMOEIRO,35300-104,DIESEL S10,16/01/2023,6.29,,R$ / litro,ALESAT,2023-11-21
SE,MG,CARATINGA,CARATINGA COMBUSTIVEIS LTDA,23.981.936/0001-46,AVENIDA JOAO CAETANO NASCIMENTO,1225,SALA  03,LIMOEIRO,35300-104,DIESEL,16/01/2023,6.19,,R$ / litro,ALESAT,2023-11-21
SE,MG,CARATINGA,CARATINGA COMBUSTIVEIS LTDA,23.981.936/0001-46,AVENIDA JOAO CAETANO NASCIMENTO,1225,SALA  03,LIMOEIRO,35300-104,GASOLINA,16/01/2023,5.19,,R$ / litro,ALESAT,2023-11-21
SE,MG,UBERABA,COMERCIO DE COMBUSTIVEIS PORTO SEGURO LTDA,20.872.365/0001-13,AVENIDA SANTOS DUMONT,1750,,SANTA MARIA,38050-400,ETANOL,17/01/2023,3.69,,R$ / litro,RAIZEN,2023-11-21
SE,MG,UBERABA,COMERCIO DE COMBUSTIVEIS PORTO SEGURO LTDA,20.872.365/0001-13,AVENIDA SANTOS DUMONT,1750,,SANTA MARIA,38050-400,GASOLINA ADITIVADA,17/01/2023,5.19,,R$ / litro,RAIZEN,2023-11-21
SE,MG,UBERABA,COMERCIO DE COMBUSTIVEIS PORTO SEGURO LTDA,20.872.365/0001-13,AVENIDA SANTOS DUMONT,1750,,SANTA MARIA,38050-400,GASOLINA,17/01/2023,4.79,,R$ / litro,RAIZEN,2023-11-21
SE,MG,SETE LAGOAS,AUTO POSTO RAINHA DA PAZ LTDA,23.472.757/0001-83,AVENIDA MUCIO JOSE REIS,40,,CENTRO,35700-640,ETANOL,17/01/2023,3.85,,R$ / litro,BRANCA,2023-11-21
SE,MG,SETE LAGOAS,AUTO POSTO RAINHA DA PAZ LTDA,23.472.757/0001-83,AVENIDA MUCIO JOSE REIS,40,,CENTRO,35700-640,DIESEL S10,17/01/2023,6.04,,R$ / litro,BRANCA,2023-11-21
SE,MG,SETE LAGOAS,AUTO POSTO RAINHA DA PAZ LTDA,23.472.757/0001-83,AVENIDA MUCIO JOSE REIS,40,,CENTRO,35700-640,DIESEL,17/01/2023,5.95,,R$ / litro,BRANCA,2023-11-21
SE,MG,SETE LAGOAS,AUTO POSTO RAINHA DA PAZ LTDA,23.472.757/0001-83,AVENIDA MUCIO JOSE REIS,40,,CENTRO,35700-640,GASOLINA ADITIVADA,17/01/2023,4.95,,R$ / litro,BRANCA,2023-11-21
SE,MG,SETE LAGOAS,AUTO POSTO RAINHA DA PAZ LTDA,23.472.757/0001-83,AVENIDA MUCIO JOSE REIS,40,,CENTRO,35700-640,GASOLINA,17/01/2023,4.85,,R$ / litro,BRANCA,2023-11-21
SE,MG,GUAXUPE,AUTO POSTO BRASIL PETRO GUAXUPE LTDA - EPP,26.244.386/0001-70,RUA DR. JEREMIAS ZERBINI,746,,VILA MEZIARA,37800-000,ETANOL,17/01/2023,3.89,,R$ / litro,BRANCA,2023-11-21
SE,MG,GUAXUPE,AUTO POSTO BRASIL PETRO GUAXUPE LTDA - EPP,26.244.386/0001-70,RUA DR. JEREMIAS ZERBINI,746,,VILA MEZIARA,37800-000,DIESEL S10,17/01/2023,6.19,,R$ / litro,BRANCA,2023-11-21
SE,MG,GUAXUPE,AUTO POSTO BRASIL PETRO GUAXUPE LTDA - EPP,26.244.386/0001-70,RUA DR. JEREMIAS ZERBINI,746,,VILA MEZIARA,37800-000,DIESEL,17/01/2023,6.14,,R$ / litro,BRANCA,2023-11-21
SE,MG,GUAXUPE,AUTO POSTO BRASIL PETRO GUAXUPE LTDA - EPP,26.244.386/0001-70,RUA DR. JEREMIAS ZERBINI,746,,VILA MEZIARA,37800-000,GASOLINA ADITIVADA,17/01/2023,4.94,,R$ / litro,BRANCA,2023-11-21
SE,MG,GUAXUPE,AUTO POSTO BRASIL PETRO GUAXUPE LTDA - EPP,26.244.386/0001-70,RUA DR. JEREMIAS ZERBINI,746,,VILA MEZIARA,37800-000,GASOLINA,17/01/2023,4.89,,R$ / litro,BRANCA,2023-11-21
SE,MG,BARBACENA,COMERCIO DE COMBUSTIVEIS E LUBRIFICANTES SBT LTDA,25.060.649/0001-29,RODOVIA BR 040,S/N,KM    718,CORREIA DE ALMEIDA,36208-000,GASOLINA,18/01/2023,4.79,,R$ / litro,BRANCA,2023-11-21
SE,MG,BARBACENA,COMERCIO DE COMBUSTIVEIS E LUBRIFICANTES SBT LTDA,25.060.649/0001-29,RODOVIA BR 040,S/N,KM    718,CORREIA DE ALMEIDA,36208-000,ETANOL,18/01/2023,3.48,,R$ / litro,BRANCA,2023-11-21
SE,MG,BARBACENA,COMERCIO DE COMBUSTIVEIS E LUBRIFICANTES SBT LTDA,25.060.649/0001-29,RODOVIA BR 040,S/N,KM    718,CORREIA DE ALMEIDA,36208-000,DIESEL S10,18/01/2023,5.98,,R$ / litro,BRANCA,2023-11-21
SE,MG,BARBACENA,COMERCIO DE COMBUSTIVEIS E LUBRIFICANTES SBT LTDA,25.060.649/0001-29,RODOVIA BR 040,S/N,KM    718,CORREIA DE ALMEIDA,36208-000,DIESEL,18/01/2023,5.79,,R$ / litro,BRANCA,2023-11-21
SE,MG,LAVRAS,GX I POSTO DE COMBUSTIVEIS LTDA,23.836.656/0001-44,AVENIDA EVARISTO GOMES GUERRA,1351,,JARDIM GLORIA,37200-000,ETANOL,19/01/2023,4.19,,R$ / litro,VIBRA ENERGIA,2023-11-21
SE,MG,LAVRAS,GX I POSTO DE COMBUSTIVEIS LTDA,23.836.656/0001-44,AVENIDA EVARISTO GOMES GUERRA,1351,,JARDIM GLORIA,37200-000,DIESEL S10,19/01/2023,6.29,,R$ / litro,VIBRA ENERGIA,2023-11-21
SE,MG,LAVRAS,GX I POSTO DE COMBUSTIVEIS LTDA,23.836.656/0001-44,AVENIDA EVARISTO GOMES GUERRA,1351,,JARDIM GLORIA,37200-000,GASOLINA ADITIVADA,19/01/2023,5.07,,R$ / litro,VIBRA ENERGIA,2023-11-21
SE,MG,LAVRAS,GX I POSTO DE COMBUSTIVEIS LTDA,23.836.656/0001-44,AVENIDA EVARISTO GOMES GUERRA,1351,,JARDIM GLORIA,37200-000,GASOLINA,19/01/2023,4.99,,R$ / litro,VIBRA ENERGIA,2023-11-21
SE,MG,DIVINOPOLIS,AEROPORTO POSTO DE SERVICO LTDA,25.180.534/0001-78,RUA ORIBES BATISTA LEITE,680,,SANTA TEREZA,35501-102,ETANOL,17/01/2023,3.83,,R$ / litro,IPIRANGA,2023-11-21
SE,MG,DIVINOPOLIS,AEROPORTO POSTO DE SERVICO LTDA,25.180.534/0001-78,RUA ORIBES BATISTA LEITE,680,,SANTA TEREZA,35501-102,DIESEL S10,17/01/2023,6.49,,R$ / litro,IPIRANGA,2023-11-21
SE,MG,DIVINOPOLIS,AEROPORTO POSTO DE SERVICO LTDA,25.180.534/0001-78,RUA ORIBES BATISTA LEITE,680,,SANTA TEREZA,35501-102,GASOLINA ADITIVADA,17/01/2023,5.13,,R$ / litro,IPIRANGA,2023-11-21
SE,MG,DIVINOPOLIS,AEROPORTO POSTO DE SERVICO LTDA,25.180.534/0001-78,RUA ORIBES BATISTA LEITE,680,,SANTA TEREZA,35501-102,GASOLINA,17/01/2023,4.93,,R$ / litro,IPIRANGA,2023-11-21
SE,MG,BETIM,POSTO JARDIM DA CIDADE LTDA  - ME,06.284.318/0001-28,AVENIDA TEOTONIO PARREIRA COELHO,115,,JARDIM DA CIDADE,32604-255,ETANOL,17/01/2023,3.89,,R$ / litro,IPIRANGA,2023-11-21
SE,MG,BETIM,POSTO JARDIM DA CIDADE LTDA  - ME,06.284.318/0001-28,AVENIDA TEOTONIO PARREIRA COELHO,115,,JARDIM DA CIDADE,32604-255,DIESEL S10,17/01/2023,6.29,,R$ / litro,IPIRANGA,2023-11-21
SE,MG,BETIM,POSTO JARDIM DA CIDADE LTDA  - ME,06.284.318/0001-28,AVENIDA TEOTONIO PARREIRA COELHO,115,,JARDIM DA CIDADE,32604-255,GASOLINA ADITIVADA,17/01/2023,5.09,,R$ / litro,IPIRANGA,2023-11-21
SE,MG,BETIM,POSTO JARDIM DA CIDADE LTDA  - ME,06.284.318/0001-28,AVENIDA TEOTONIO PARREIRA COELHO,115,,JARDIM DA CIDADE,32604-255,GASOLINA,17/01/2023,4.89,,R$ / litro,IPIRANGA,2023-11-21
SE,MG,BARBACENA,AUTO POSTO SEGREDINHO LTDA,24.440.725/0001-69,AVENIDA GOVERNADOR BIAS FORTES,1605,B,PONTILHAO,36204-168,ETANOL,17/01/2023,3.81,,R$ / litro,IPIRANGA,2023-11-21
SE,MG,BARBACENA,AUTO POSTO SEGREDINHO LTDA,24.440.725/0001-69,AVENIDA GOVERNADOR BIAS FORTES,1605,B,PONTILHAO,36204-168,DIESEL S10,17/01/2023,6.06,,R$ / litro,IPIRANGA,2023-11-21
SE,MG,BARBACENA,AUTO POSTO SEGREDINHO LTDA,24.440.725/0001-69,AVENIDA GOVERNADOR BIAS FORTES,1605,B,PONTILHAO,36204-168,DIESEL,17/01/2023,5.96,,R$ / litro,IPIRANGA,2023-11-21
SE,MG,BARBACENA,AUTO POSTO SEGREDINHO LTDA,24.440.725/0001-69,AVENIDA GOVERNADOR BIAS FORTES,1605,B,PONTILHAO,36204-168,GASOLINA,17/01/2023,4.99,,R$ / litro,IPIRANGA,2023-11-21
SE,MG,DIVINOPOLIS,COMERCIO DE COMBUSTIVEIS VALADAO LTDA,26.262.132/0001-85,RUA ITAI,371,,MANOEL VALINHAS,35500-279,ETANOL,17/01/2023,3.83,,R$ / litro,IPIRANGA,2023-11-21
SE,MG,DIVINOPOLIS,COMERCIO DE COMBUSTIVEIS VALADAO LTDA,26.262.132/0001-85,RUA ITAI,371,,MANOEL VALINHAS,35500-279,DIESEL S10,17/01/2023,6.49,,R$ / litro,IPIRANGA,2023-11-21
SE,MG,DIVINOPOLIS,COMERCIO DE COMBUSTIVEIS VALADAO LTDA,26.262.132/0001-85,RUA ITAI,371,,MANOEL VALINHAS,35500-279,GASOLINA ADITIVADA,17/01/2023,5.13,,R$ / litro,IPIRANGA,2023-11-21
SE,MG,DIVINOPOLIS,COMERCIO DE COMBUSTIVEIS VALADAO LTDA,26.262.132/0001-85,RUA ITAI,371,,MANOEL VALINHAS,35500-279,GASOLINA,17/01/2023,4.93,,R$ / litro,IPIRANGA,2023-11-21
SE,MG,FRUTAL,AUTO POSTO V8 DE FRUTAL LTDA,26.181.714/0001-37,RUA PEDRO RODRIGUES DA SILVEIRA,445,,ALTO BOA VISTA,38200-000,ETANOL,18/01/2023,3.79,,R$ / litro,BRANCA,2023-11-21
SE,MG,FRUTAL,AUTO POSTO V8 DE FRUTAL LTDA,26.181.714/0001-37,RUA PEDRO RODRIGUES DA SILVEIRA,445,,ALTO BOA VISTA,38200-000,DIESEL S10,18/01/2023,6.49,,R$ / litro,BRANCA,2023-11-21
SE,MG,FRUTAL,AUTO POSTO V8 DE FRUTAL LTDA,26.181.714/0001-37,RUA PEDRO RODRIGUES DA SILVEIRA,445,,ALTO BOA VISTA,38200-000,DIESEL,18/01/2023,6.39,,R$ / litro,BRANCA,2023-11-21
SE,MG,FRUTAL,AUTO POSTO V8 DE FRUTAL LTDA,26.181.714/0001-37,RUA PEDRO RODRIGUES DA SILVEIRA,445,,ALTO BOA VISTA,38200-000,GASOLINA,18/01/2023,4.89,,R$ / litro,BRANCA,2023-11-21
SE,MG,CARATINGA,CIMINI PRAIS CIA LTDA - ME,04.637.870/0001-27,AVENIDA PRESIDENTE TANCREDO NEVES,1243,,SALATIEL,35300-543,ETANOL,16/01/2023,3.99,,R$ / litro,RAIZEN,2023-11-21
SE,MG,CARATINGA,CIMINI PRAIS CIA LTDA - ME,04.637.870/0001-27,AVENIDA PRESIDENTE TANCREDO NEVES,1243,,SALATIEL,35300-543,DIESEL S10,16/01/2023,6.39,,R$ / litro,RAIZEN,2023-11-21
SE,MG,CARATINGA,CIMINI PRAIS CIA LTDA - ME,04.637.870/0001-27,AVENIDA PRESIDENTE TANCREDO NEVES,1243,,SALATIEL,35300-543,DIESEL,16/01/2023,6.29,,R$ / litro,RAIZEN,2023-11-21
SE,MG,CARATINGA,CIMINI PRAIS CIA LTDA - ME,04.637.870/0001-27,AVENIDA PRESIDENTE TANCREDO NEVES,1243,,SALATIEL,35300-543,GASOLINA ADITIVADA,16/01/2023,5.39,,R$ / litro,RAIZEN,2023-11-21
SE,MG,CARATINGA,CIMINI PRAIS CIA LTDA - ME,04.637.870/0001-27,AVENIDA PRESIDENTE TANCREDO NEVES,1243,,SALATIEL,35300-543,GASOLINA,16/01/2023,5.19,,R$ / litro,RAIZEN,2023-11-21
SE,MG,DIVINOPOLIS,SANTOS E PINHEIRO AUTO POSTO LTDA,26.823.549/0001-70,AVENIDA GOVERNADOR MAGALHAES PINTO,1024,,NITEROI,35500-220,ETANOL,17/01/2023,3.79,,R$ / litro,VIBRA ENERGIA,2023-11-21
SE,MG,DIVINOPOLIS,SANTOS E PINHEIRO AUTO POSTO LTDA,26.823.549/0001-70,AVENIDA GOVERNADOR MAGALHAES PINTO,1024,,NITEROI,35500-220,GASOLINA,17/01/2023,4.79,,R$ / litro,VIBRA ENERGIA,2023-11-21
SE,MG,PASSOS,POSTO DE COMBUSTIVEIS AVENIDA LTDA,25.451.240/0002-14,AVENIDA JUCA STOCKLER,2438,,JOAO PAULO II,37901-506,ETANOL,19/01/2023,3.89,,R$ / litro,IPIRANGA,2023-11-21
SE,MG,PASSOS,POSTO DE COMBUSTIVEIS AVENIDA LTDA,25.451.240/0002-14,AVENIDA JUCA STOCKLER,2438,,JOAO PAULO II,37901-506,DIESEL S10,19/01/2023,6.29,,R$ / litro,IPIRANGA,2023-11-21
SE,MG,PASSOS,POSTO DE COMBUSTIVEIS AVENIDA LTDA,25.451.240/0002-14,AVENIDA JUCA STOCKLER,2438,,JOAO PAULO II,37901-506,DIESEL,19/01/2023,6.19,,R$ / litro,IPIRANGA,2023-11-21
SE,MG,PASSOS,POSTO DE COMBUSTIVEIS AVENIDA LTDA,25.451.240/0002-14,AVENIDA JUCA STOCKLER,2438,,JOAO PAULO II,37901-506,GASOLINA,19/01/2023,4.99,,R$ / litro,IPIRANGA,2023-11-21
SE,MG,LAVRAS,POSTO TREVAO II COMERCIO DE COMBUSTIVEIS LTDA,19.796.948/0001-23,RODOVIA BR 265,1595,,JARDIM SAMAUMA,37200-000,ETANOL,19/01/2023,4.16,,R$ / litro,VIBRA ENERGIA,2023-11-21
SE,MG,LAVRAS,POSTO TREVAO II COMERCIO DE COMBUSTIVEIS LTDA,19.796.948/0001-23,RODOVIA BR 265,1595,,JARDIM SAMAUMA,37200-000,DIESEL S10,19/01/2023,6.32,,R$ / litro,VIBRA ENERGIA,2023-11-21
SE,MG,LAVRAS,POSTO TREVAO II COMERCIO DE COMBUSTIVEIS LTDA,19.796.948/0001-23,RODOVIA BR 265,1595,,JARDIM SAMAUMA,37200-000,DIESEL,19/01/2023,6.2,,R$ / litro,VIBRA ENERGIA,2023-11-21
SE,MG,LAVRAS,POSTO TREVAO II COMERCIO DE COMBUSTIVEIS LTDA,19.796.948/0001-23,RODOVIA BR 265,1595,,JARDIM SAMAUMA,37200-000,GASOLINA ADITIVADA,19/01/2023,5.12,,R$ / litro,VIBRA ENERGIA,2023-11-21
SE,MG,LAVRAS,POSTO TREVAO II COMERCIO DE COMBUSTIVEIS LTDA,19.796.948/0001-23,RODOVIA BR 265,1595,,JARDIM SAMAUMA,37200-000,GASOLINA,19/01/2023,5.09,,R$ / litro,VIBRA ENERGIA,2023-11-21
SE,MG,JUIZ DE FORA,POSTO ECO LTDA,03.845.434/0003-42,RUA ONOFRE OLIVEIRA SALLES,10,,SANTA MARIA,36085-155,ETANOL,16/01/2023,4.2,,R$ / litro,IPIRANGA,2023-11-21
SE,MG,JUIZ DE FORA,POSTO ECO LTDA,03.845.434/0003-42,RUA ONOFRE OLIVEIRA SALLES,10,,SANTA MARIA,36085-155,DIESEL S10,16/01/2023,6.09,,R$ / litro,IPIRANGA,2023-11-21
SE,MG,JUIZ DE FORA,POSTO ECO LTDA,03.845.434/0003-42,RUA ONOFRE OLIVEIRA SALLES,10,,SANTA MARIA,36085-155,DIESEL,16/01/2023,5.99,,R$ / litro,IPIRANGA,2023-11-21
SE,MG,JUIZ DE FORA,POSTO ECO LTDA,03.845.434/0003-42,RUA ONOFRE OLIVEIRA SALLES,10,,SANTA MARIA,36085-155,GASOLINA ADITIVADA,16/01/2023,5.3,,R$ / litro,IPIRANGA,2023-11-21
SE,MG,JUIZ DE FORA,POSTO ECO LTDA,03.845.434/0003-42,RUA ONOFRE OLIVEIRA SALLES,10,,SANTA MARIA,36085-155,GASOLINA,16/01/2023,5.1,,R$ / litro,IPIRANGA,2023-11-21
SE,MG,ARAXA,CAMARGO COMBUSTIVEIS LTDA  - ME,18.884.742/0001-92,AVENIDA DOUTOR DANILO CUNHA,15,,BOM JESUS,38181-001,ETANOL,16/01/2023,4.05,,R$ / litro,IPIRANGA,2023-11-21
SE,MG,ARAXA,CAMARGO COMBUSTIVEIS LTDA  - ME,18.884.742/0001-92,AVENIDA DOUTOR DANILO CUNHA,15,,BOM JESUS,38181-001,DIESEL S10,16/01/2023,6.49,,R$ / litro,IPIRANGA,2023-11-21
SE,MG,ARAXA,CAMARGO COMBUSTIVEIS LTDA  - ME,18.884.742/0001-92,AVENIDA DOUTOR DANILO CUNHA,15,,BOM JESUS,38181-001,DIESEL,16/01/2023,6.28,,R$ / litro,IPIRANGA,2023-11-21
SE,MG,ARAXA,CAMARGO COMBUSTIVEIS LTDA  - ME,18.884.742/0001-92,AVENIDA DOUTOR DANILO CUNHA,15,,BOM JESUS,38181-001,GASOLINA ADITIVADA,16/01/2023,5.35,,R$ / litro,IPIRANGA,2023-11-21
SE,MG,ARAXA,CAMARGO COMBUSTIVEIS LTDA  - ME,18.884.742/0001-92,AVENIDA DOUTOR DANILO CUNHA,15,,BOM JESUS,38181-001,GASOLINA,16/01/2023,5.23,,R$ / litro,IPIRANGA,2023-11-21
SE,MG,MANHUACU,BARRIGAO COMERCIAL LTDA,22.265.797/0006-04,RODOVIA BR 116,SN,KM    590,VILANOVA,36900-000,ETANOL,17/01/2023,4.19,,R$ / litro,IPIRANGA,2023-11-21
SE,MG,MANHUACU,BARRIGAO COMERCIAL LTDA,22.265.797/0006-04,RODOVIA BR 116,SN,KM    590,VILANOVA,36900-000,DIESEL S10,17/01/2023,6.19,,R$ / litro,IPIRANGA,2023-11-21
SE,MG,MANHUACU,BARRIGAO COMERCIAL LTDA,22.265.797/0006-04,RODOVIA BR 116,SN,KM    590,VILANOVA,36900-000,DIESEL,17/01/2023,6.09,,R$ / litro,IPIRANGA,2023-11-21
SE,MG,MANHUACU,BARRIGAO COMERCIAL LTDA,22.265.797/0006-04,RODOVIA BR 116,SN,KM    590,VILANOVA,36900-000,GASOLINA ADITIVADA,17/01/2023,5.34,,R$ / litro,IPIRANGA,2023-11-21
SE,MG,MANHUACU,BARRIGAO COMERCIAL LTDA,22.265.797/0006-04,RODOVIA BR 116,SN,KM    590,VILANOVA,36900-000,GASOLINA,17/01/2023,5.19,,R$ / litro,IPIRANGA,2023-11-21
SE,MG,BETIM,REDE DOM PEDRO DE POSTOS LTDA.,20.415.295/0015-70,RODOVIA BR-381 FERNAO DIAS,S/N,KM    496,BRASILEIA,32600-260,ETANOL,17/01/2023,3.89,,R$ / litro,IPIRANGA,2023-11-21
SE,MG,BETIM,REDE DOM PEDRO DE POSTOS LTDA.,20.415.295/0015-70,RODOVIA BR-381 FERNAO DIAS,S/N,KM    496,BRASILEIA,32600-260,DIESEL S10,17/01/2023,6.09,,R$ / litro,IPIRANGA,2023-11-21
SE,MG,BETIM,REDE DOM PEDRO DE POSTOS LTDA.,20.415.295/0015-70,RODOVIA BR-381 FERNAO DIAS,S/N,KM    496,BRASILEIA,32600-260,DIESEL,17/01/2023,5.99,,R$ / litro,IPIRANGA,2023-11-21
SE,MG,BETIM,REDE DOM PEDRO DE POSTOS LTDA.,20.415.295/0015-70,RODOVIA BR-381 FERNAO DIAS,S/N,KM    496,BRASILEIA,32600-260,GASOLINA,17/01/2023,4.89,,R$ / litro,IPIRANGA,2023-11-21
SE,MG,FORMIGA,AUTO POSTO LAVAJATO LTDA,29.467.161/0001-71,PRACA BERNARDINO NOGUEIRA,2,,CENTRO,35570-144,DIESEL S10,16/01/2023,6.19,,R$ / litro,VIBRA ENERGIA,2023-11-21
SE,MG,FORMIGA,AUTO POSTO LAVAJATO LTDA,29.467.161/0001-71,PRACA BERNARDINO NOGUEIRA,2,,CENTRO,35570-144,GASOLINA ADITIVADA,16/01/2023,5.19,,R$ / litro,VIBRA ENERGIA,2023-11-21
SE,MG,FORMIGA,AUTO POSTO LAVAJATO LTDA,29.467.161/0001-71,PRACA BERNARDINO NOGUEIRA,2,,CENTRO,35570-144,GASOLINA,16/01/2023,5.09,,R$ / litro,VIBRA ENERGIA,2023-11-21
SE,MG,PASSOS,AUTO POSTO ITALIA LTDA,22.392.066/0002-98,RUA CONTORNO,461,,CENTRO,37900-170,ETANOL,19/01/2023,3.59,,R$ / litro,BRANCA,2023-11-21
SE,MG,PASSOS,AUTO POSTO ITALIA LTDA,22.392.066/0002-98,RUA CONTORNO,461,,CENTRO,37900-170,DIESEL S10,19/01/2023,6.19,,R$ / litro,BRANCA,2023-11-21
SE,MG,PASSOS,AUTO POSTO ITALIA LTDA,22.392.066/0002-98,RUA CONTORNO,461,,CENTRO,37900-170,DIESEL,19/01/2023,6.09,,R$ / litro,BRANCA,2023-11-21
SE,MG,PASSOS,AUTO POSTO ITALIA LTDA,22.392.066/0002-98,RUA CONTORNO,461,,CENTRO,37900-170,GASOLINA,19/01/2023,4.69,,R$ / litro,BRANCA,2023-11-21
SE,MG,CURVELO,DISTRIBUIDORA DE PETROLEO MENDES LTDA,14.484.066/0001-09,RUA JOAQUIM FELICIO,402,,CENTRO,35790-000,ETANOL,17/01/2023,4.19,,R$ / litro,RAIZEN,2023-11-21
SE,MG,CURVELO,DISTRIBUIDORA DE PETROLEO MENDES LTDA,14.484.066/0001-09,RUA JOAQUIM FELICIO,402,,CENTRO,35790-000,DIESEL,17/01/2023,6.49,,R$ / litro,RAIZEN,2023-11-21
SE,MG,CURVELO,DISTRIBUIDORA DE PETROLEO MENDES LTDA,14.484.066/0001-09,RUA JOAQUIM FELICIO,402,,CENTRO,35790-000,GASOLINA ADITIVADA,17/01/2023,5.39,,R$ / litro,RAIZEN,2023-11-21
SE,MG,CURVELO,DISTRIBUIDORA DE PETROLEO MENDES LTDA,14.484.066/0001-09,RUA JOAQUIM FELICIO,402,,CENTRO,35790-000,GASOLINA,17/01/2023,5.19,,R$ / litro,RAIZEN,2023-11-21
SE,MG,SETE LAGOAS,POSTO INTERLAGOS LTDA,23.556.740/0001-04,AVENIDA PREFEITO ALBERTO MOURA,325,,DISTRITO INDUSTRIAL,35702-383,ETANOL,16/01/2023,3.86,,R$ / litro,VIBRA ENERGIA,2023-11-21
SE,MG,SETE LAGOAS,POSTO INTERLAGOS LTDA,23.556.740/0001-04,AVENIDA PREFEITO ALBERTO MOURA,325,,DISTRITO INDUSTRIAL,35702-383,DIESEL S10,16/01/2023,6.19,,R$ / litro,VIBRA ENERGIA,2023-11-21
SE,MG,SETE LAGOAS,POSTO INTERLAGOS LTDA,23.556.740/0001-04,AVENIDA PREFEITO ALBERTO MOURA,325,,DISTRITO INDUSTRIAL,35702-383,DIESEL,16/01/2023,5.97,,R$ / litro,VIBRA ENERGIA,2023-11-21
SE,MG,SETE LAGOAS,POSTO INTERLAGOS LTDA,23.556.740/0001-04,AVENIDA PREFEITO ALBERTO MOURA,325,,DISTRITO INDUSTRIAL,35702-383,GASOLINA ADITIVADA,16/01/2023,4.89,,R$ / litro,VIBRA ENERGIA,2023-11-21
SE,MG,SETE LAGOAS,POSTO INTERLAGOS LTDA,23.556.740/0001-04,AVENIDA PREFEITO ALBERTO MOURA,325,,DISTRITO INDUSTRIAL,35702-383,GASOLINA,16/01/2023,4.89,,R$ / litro,VIBRA ENERGIA,2023-11-21
SE,MG,BARBACENA,POSTO IRMAOS CONDE LTDA,27.375.449/0001-90,RODOVIA BR 040,S/N,KM    720,CORREIA DE ALMEIDA,36208-000,ETANOL,18/01/2023,3.7,,R$ / litro,VIBRA ENERGIA,2023-11-21
SE,MG,BARBACENA,POSTO IRMAOS CONDE LTDA,27.375.449/0001-90,RODOVIA BR 040,S/N,KM    720,CORREIA DE ALMEIDA,36208-000,DIESEL S10,18/01/2023,5.99,,R$ / litro,VIBRA ENERGIA,2023-11-21
SE,MG,BARBACENA,POSTO IRMAOS CONDE LTDA,27.375.449/0001-90,RODOVIA BR 040,S/N,KM    720,CORREIA DE ALMEIDA,36208-000,DIESEL,18/01/2023,5.92,,R$ / litro,VIBRA ENERGIA,2023-11-21
SE,MG,BARBACENA,POSTO IRMAOS CONDE LTDA,27.375.449/0001-90,RODOVIA BR 040,S/N,KM    720,CORREIA DE ALMEIDA,36208-000,GASOLINA ADITIVADA,18/01/2023,4.95,,R$ / litro,VIBRA ENERGIA,2023-11-21
SE,MG,BARBACENA,POSTO IRMAOS CONDE LTDA,27.375.449/0001-90,RODOVIA BR 040,S/N,KM    720,CORREIA DE ALMEIDA,36208-000,GASOLINA,18/01/2023,4.89,,R$ / litro,VIBRA ENERGIA,2023-11-21
SE,MG,BETIM,REDE DOM PEDRO DE POSTOS LTDA.,20.415.295/0014-99,RODOVIA BR-381 FERNAO DIAS,S/N,KM: 482;,DISTRITO INDUSTRIAL JARDIM PIEMONT NORTE,32689-898,ETANOL,17/01/2023,3.89,,R$ / litro,IPIRANGA,2023-11-21
SE,MG,BETIM,REDE DOM PEDRO DE POSTOS LTDA.,20.415.295/0014-99,RODOVIA BR-381 FERNAO DIAS,S/N,KM: 482;,DISTRITO INDUSTRIAL JARDIM PIEMONT NORTE,32689-898,DIESEL S10,17/01/2023,6.09,,R$ / litro,IPIRANGA,2023-11-21
SE,MG,BETIM,REDE DOM PEDRO DE POSTOS LTDA.,20.415.295/0014-99,RODOVIA BR-381 FERNAO DIAS,S/N,KM: 482;,DISTRITO INDUSTRIAL JARDIM PIEMONT NORTE,32689-898,DIESEL,17/01/2023,5.99,,R$ / litro,IPIRANGA,2023-11-21
SE,MG,BETIM,REDE DOM PEDRO DE POSTOS LTDA.,20.415.295/0014-99,RODOVIA BR-381 FERNAO DIAS,S/N,KM: 482;,DISTRITO INDUSTRIAL JARDIM PIEMONT NORTE,32689-898,GASOLINA,17/01/2023,4.89,,R$ / litro,IPIRANGA,2023-11-21
SE,MG,TEOFILO OTONI,ATALAIA COMBUSTIVEIS E LUBRIFICANTES LTDA,27.543.740/0001-20,AVENIDA ALFREDO SA,2227,,JARDIM DAS ACACIAS,39804-000,ETANOL,18/01/2023,4.09,,R$ / litro,RAIZEN,2023-11-21
SE,MG,TEOFILO OTONI,ATALAIA COMBUSTIVEIS E LUBRIFICANTES LTDA,27.543.740/0001-20,AVENIDA ALFREDO SA,2227,,JARDIM DAS ACACIAS,39804-000,DIESEL S10,18/01/2023,6.39,,R$ / litro,RAIZEN,2023-11-21
SE,MG,TEOFILO OTONI,ATALAIA COMBUSTIVEIS E LUBRIFICANTES LTDA,27.543.740/0001-20,AVENIDA ALFREDO SA,2227,,JARDIM DAS ACACIAS,39804-000,GASOLINA ADITIVADA,18/01/2023,5.29,,R$ / litro,RAIZEN,2023-11-21
SE,MG,TEOFILO OTONI,ATALAIA COMBUSTIVEIS E LUBRIFICANTES LTDA,27.543.740/0001-20,AVENIDA ALFREDO SA,2227,,JARDIM DAS ACACIAS,39804-000,GASOLINA,18/01/2023,5.09,,R$ / litro,RAIZEN,2023-11-21
SE,MG,CONSELHEIRO LAFAIETE,POSTO DE COMBUSTIVEL VIA PRACA DA BANDEIRA LTDA,30.866.182/0001-49,PRACA DA BANDEIRA,1,,CARIJOS,36406-113,ETANOL,16/01/2023,4.09,,R$ / litro,IPIRANGA,2023-11-21
SE,MG,CONSELHEIRO LAFAIETE,POSTO DE COMBUSTIVEL VIA PRACA DA BANDEIRA LTDA,30.866.182/0001-49,PRACA DA BANDEIRA,1,,CARIJOS,36406-113,DIESEL S10,16/01/2023,6.79,,R$ / litro,IPIRANGA,2023-11-21
SE,MG,CONSELHEIRO LAFAIETE,POSTO DE COMBUSTIVEL VIA PRACA DA BANDEIRA LTDA,30.866.182/0001-49,PRACA DA BANDEIRA,1,,CARIJOS,36406-113,DIESEL,16/01/2023,6.69,,R$ / litro,IPIRANGA,2023-11-21
SE,MG,CONSELHEIRO LAFAIETE,POSTO DE COMBUSTIVEL VIA PRACA DA BANDEIRA LTDA,30.866.182/0001-49,PRACA DA BANDEIRA,1,,CARIJOS,36406-113,GASOLINA ADITIVADA,16/01/2023,5.29,,R$ / litro,IPIRANGA,2023-11-21
SE,MG,CONSELHEIRO LAFAIETE,POSTO DE COMBUSTIVEL VIA PRACA DA BANDEIRA LTDA,30.866.182/0001-49,PRACA DA BANDEIRA,1,,CARIJOS,36406-113,GASOLINA,16/01/2023,5.19,,R$ / litro,IPIRANGA,2023-11-21
SE,MG,CARATINGA,COMERCIO DE COMBUSTIVEIS PRESIDENTE TANCREDO NEVES LTDA,32.334.785/0001-25,AVENIDA PRESIDENTE TANCREDO NEVES,2325,,ZACARIAS,35300-571,ETANOL,16/01/2023,4.05,,R$ / litro,ALESAT,2023-11-21
SE,MG,CARATINGA,COMERCIO DE COMBUSTIVEIS PRESIDENTE TANCREDO NEVES LTDA,32.334.785/0001-25,AVENIDA PRESIDENTE TANCREDO NEVES,2325,,ZACARIAS,35300-571,DIESEL S10,16/01/2023,6.25,,R$ / litro,ALESAT,2023-11-21
SE,MG,CARATINGA,COMERCIO DE COMBUSTIVEIS PRESIDENTE TANCREDO NEVES LTDA,32.334.785/0001-25,AVENIDA PRESIDENTE TANCREDO NEVES,2325,,ZACARIAS,35300-571,DIESEL,16/01/2023,6.19,,R$ / litro,ALESAT,2023-11-21
SE,MG,CARATINGA,COMERCIO DE COMBUSTIVEIS PRESIDENTE TANCREDO NEVES LTDA,32.334.785/0001-25,AVENIDA PRESIDENTE TANCREDO NEVES,2325,,ZACARIAS,35300-571,GASOLINA,16/01/2023,5.17,,R$ / litro,ALESAT,2023-11-21
SE,MG,POUSO ALEGRE,AUTO POSTO LIMEIRA LTDA,24.360.316/0001-52,AVENIDA PREF. OLAVO GOMES DE OLIVEIRA,7835,,AREA 04,37550-001,ETANOL,20/01/2023,3.89,,R$ / litro,BRANCA,2023-11-21
SE,MG,POUSO ALEGRE,AUTO POSTO LIMEIRA LTDA,24.360.316/0001-52,AVENIDA PREF. OLAVO GOMES DE OLIVEIRA,7835,,AREA 04,37550-001,DIESEL S10,20/01/2023,6.49,,R$ / litro,BRANCA,2023-11-21
SE,MG,POUSO ALEGRE,AUTO POSTO LIMEIRA LTDA,24.360.316/0001-52,AVENIDA PREF. OLAVO GOMES DE OLIVEIRA,7835,,AREA 04,37550-001,DIESEL,20/01/2023,6.39,,R$ / litro,BRANCA,2023-11-21
SE,MG,POUSO ALEGRE,AUTO POSTO LIMEIRA LTDA,24.360.316/0001-52,AVENIDA PREF. OLAVO GOMES DE OLIVEIRA,7835,,AREA 04,37550-001,GASOLINA ADITIVADA,20/01/2023,4.99,,R$ / litro,BRANCA,2023-11-21
SE,MG,POUSO ALEGRE,AUTO POSTO LIMEIRA LTDA,24.360.316/0001-52,AVENIDA PREF. OLAVO GOMES DE OLIVEIRA,7835,,AREA 04,37550-001,GASOLINA,20/01/2023,4.89,,R$ / litro,BRANCA,2023-11-21
SE,MG,IPATINGA,COMERCIAL DE COMBUSTIVEIS MAURICIO GUERRA LTDA,30.767.519/0001-60,AVENIDA SIMON BOLIVAR,575,,CIDADE NOBRE,35162-410,ETANOL,17/01/2023,3.94,,R$ / litro,ALESAT,2023-11-21
SE,MG,IPATINGA,COMERCIAL DE COMBUSTIVEIS MAURICIO GUERRA LTDA,30.767.519/0001-60,AVENIDA SIMON BOLIVAR,575,,CIDADE NOBRE,35162-410,DIESEL S10,17/01/2023,5.99,,R$ / litro,ALESAT,2023-11-21
SE,MG,IPATINGA,COMERCIAL DE COMBUSTIVEIS MAURICIO GUERRA LTDA,30.767.519/0001-60,AVENIDA SIMON BOLIVAR,575,,CIDADE NOBRE,35162-410,DIESEL,17/01/2023,5.95,,R$ / litro,ALESAT,2023-11-21
SE,MG,IPATINGA,COMERCIAL DE COMBUSTIVEIS MAURICIO GUERRA LTDA,30.767.519/0001-60,AVENIDA SIMON BOLIVAR,575,,CIDADE NOBRE,35162-410,GASOLINA,17/01/2023,4.89,,R$ / litro,ALESAT,2023-11-21
SE,MG,FRUTAL,AUTO POSTO V8 JK LTDA,34.759.867/0001-47,AVENIDA PRESIDENTE JUSCELINO KUBITSCHEK,1122,,IPE AMARELO,38200-000,ETANOL,17/01/2023,3.85,,R$ / litro,BRANCA,2023-11-21
SE,MG,FRUTAL,AUTO POSTO V8 JK LTDA,34.759.867/0001-47,AVENIDA PRESIDENTE JUSCELINO KUBITSCHEK,1122,,IPE AMARELO,38200-000,DIESEL S10,17/01/2023,6.49,,R$ / litro,BRANCA,2023-11-21
SE,MG,FRUTAL,AUTO POSTO V8 JK LTDA,34.759.867/0001-47,AVENIDA PRESIDENTE JUSCELINO KUBITSCHEK,1122,,IPE AMARELO,38200-000,DIESEL,17/01/2023,6.39,,R$ / litro,BRANCA,2023-11-21
SE,MG,FRUTAL,AUTO POSTO V8 JK LTDA,34.759.867/0001-47,AVENIDA PRESIDENTE JUSCELINO KUBITSCHEK,1122,,IPE AMARELO,38200-000,GASOLINA,17/01/2023,4.99,,R$ / litro,BRANCA,2023-11-21
SE,MG,UBERLANDIA,OLIVEIRA CARNEIRO COMERCIO DE COMBUSTIVEIS LTDA,07.857.349/0002-74,AVENIDA ALDO BORGES LEAO,1950,,MORADA NOVA,38421-051,ETANOL,17/01/2023,3.68,,R$ / litro,VIBRA ENERGIA,2023-11-21
SE,MG,UBERLANDIA,OLIVEIRA CARNEIRO COMERCIO DE COMBUSTIVEIS LTDA,07.857.349/0002-74,AVENIDA ALDO BORGES LEAO,1950,,MORADA NOVA,38421-051,DIESEL S10,17/01/2023,6.07,,R$ / litro,VIBRA ENERGIA,2023-11-21
SE,MG,UBERLANDIA,OLIVEIRA CARNEIRO COMERCIO DE COMBUSTIVEIS LTDA,07.857.349/0002-74,AVENIDA ALDO BORGES LEAO,1950,,MORADA NOVA,38421-051,DIESEL,17/01/2023,5.97,,R$ / litro,VIBRA ENERGIA,2023-11-21
SE,MG,UBERLANDIA,OLIVEIRA CARNEIRO COMERCIO DE COMBUSTIVEIS LTDA,07.857.349/0002-74,AVENIDA ALDO BORGES LEAO,1950,,MORADA NOVA,38421-051,GASOLINA,17/01/2023,4.88,,R$ / litro,VIBRA ENERGIA,2023-11-21
SE,MG,MONTES CLAROS,"RENON, COSTA & CIA LTDA",04.309.086/0002-70,AVENIDA DEPUTADO PLINIO RIBEIRO,3150,,JARDIM PALMEIRAS,39402-194,ETANOL,19/01/2023,3.69,,R$ / litro,IPIRANGA,2023-11-21
SE,MG,MONTES CLAROS,"RENON, COSTA & CIA LTDA",04.309.086/0002-70,AVENIDA DEPUTADO PLINIO RIBEIRO,3150,,JARDIM PALMEIRAS,39402-194,DIESEL S10,19/01/2023,6.19,,R$ / litro,IPIRANGA,2023-11-21
SE,MG,MONTES CLAROS,"RENON, COSTA & CIA LTDA",04.309.086/0002-70,AVENIDA DEPUTADO PLINIO RIBEIRO,3150,,JARDIM PALMEIRAS,39402-194,DIESEL,19/01/2023,6.09,,R$ / litro,IPIRANGA,2023-11-21
SE,MG,MONTES CLAROS,"RENON, COSTA & CIA LTDA",04.309.086/0002-70,AVENIDA DEPUTADO PLINIO RIBEIRO,3150,,JARDIM PALMEIRAS,39402-194,GASOLINA ADITIVADA,19/01/2023,4.99,,R$ / litro,IPIRANGA,2023-11-21
SE,MG,MONTES CLAROS,"RENON, COSTA & CIA LTDA",04.309.086/0002-70,AVENIDA DEPUTADO PLINIO RIBEIRO,3150,,JARDIM PALMEIRAS,39402-194,GASOLINA,19/01/2023,4.89,,R$ / litro,IPIRANGA,2023-11-21
SE,MG,TEOFILO OTONI,JR DERIVADOS DE PETROLEO LTDA,36.190.654/0001-72,RUA LIBIO CARLOS DE OLIVEIRA,3,,MARAJOARA,39803-139,ETANOL,18/01/2023,3.89,,R$ / litro,ALESAT,2023-11-21
SE,MG,TEOFILO OTONI,JR DERIVADOS DE PETROLEO LTDA,36.190.654/0001-72,RUA LIBIO CARLOS DE OLIVEIRA,3,,MARAJOARA,39803-139,DIESEL S10,18/01/2023,6.29,,R$ / litro,ALESAT,2023-11-21
SE,MG,TEOFILO OTONI,JR DERIVADOS DE PETROLEO LTDA,36.190.654/0001-72,RUA LIBIO CARLOS DE OLIVEIRA,3,,MARAJOARA,39803-139,DIESEL,18/01/2023,6.19,,R$ / litro,ALESAT,2023-11-21
SE,MG,TEOFILO OTONI,JR DERIVADOS DE PETROLEO LTDA,36.190.654/0001-72,RUA LIBIO CARLOS DE OLIVEIRA,3,,MARAJOARA,39803-139,GASOLINA,18/01/2023,4.99,,R$ / litro,ALESAT,2023-11-21
SE,MG,FORMIGA,AUTO POSTO SERRA LTDA,36.109.872/0001-30,RUA DOUTOR TEIXEIRA SOARES,468,,CENTRO,35570-090,ETANOL,16/01/2023,4.09,,R$ / litro,VIBRA ENERGIA,2023-11-21
SE,MG,FORMIGA,AUTO POSTO SERRA LTDA,36.109.872/0001-30,RUA DOUTOR TEIXEIRA SOARES,468,,CENTRO,35570-090,DIESEL S10,16/01/2023,6.29,,R$ / litro,VIBRA ENERGIA,2023-11-21
SE,MG,FORMIGA,AUTO POSTO SERRA LTDA,36.109.872/0001-30,RUA DOUTOR TEIXEIRA SOARES,468,,CENTRO,35570-090,GASOLINA,16/01/2023,5.19,,R$ / litro,VIBRA ENERGIA,2023-11-21
SE,MG,TEOFILO OTONI,LM DERIVADOS DE PETROLEO EIRELI,20.845.607/0001-80,AVENIDA ALFREDO SA,"2,21",,JARDIM DAS ACACIAS,39803-000,ETANOL,18/01/2023,3.87,,R$ / litro,ALESAT,2023-11-21
SE,MG,TEOFILO OTONI,LM DERIVADOS DE PETROLEO EIRELI,20.845.607/0001-80,AVENIDA ALFREDO SA,"2,21",,JARDIM DAS ACACIAS,39803-000,DIESEL S10,18/01/2023,6.29,,R$ / litro,ALESAT,2023-11-21
SE,MG,TEOFILO OTONI,LM DERIVADOS DE PETROLEO EIRELI,20.845.607/0001-80,AVENIDA ALFREDO SA,"2,21",,JARDIM DAS ACACIAS,39803-000,DIESEL,18/01/2023,6.19,,R$ / litro,ALESAT,2023-11-21
SE,MG,TEOFILO OTONI,LM DERIVADOS DE PETROLEO EIRELI,20.845.607/0001-80,AVENIDA ALFREDO SA,"2,21",,JARDIM DAS ACACIAS,39803-000,GASOLINA,18/01/2023,4.99,,R$ / litro,ALESAT,2023-11-21
SE,MG,UBERLANDIA,DMA DISTRIBUIDORA S/A,01.928.075/0183-09,RUA BR-050 - SENTIDO UBERABA,7085,KM    73 POSTO,PANORAMA,38400-760,ETANOL,17/01/2023,3.64,,R$ / litro,VIBRA ENERGIA,2023-11-21
SE,MG,UBERLANDIA,DMA DISTRIBUIDORA S/A,01.928.075/0183-09,RUA BR-050 - SENTIDO UBERABA,7085,KM    73 POSTO,PANORAMA,38400-760,DIESEL S10,17/01/2023,6.09,,R$ / litro,VIBRA ENERGIA,2023-11-21
SE,MG,UBERLANDIA,DMA DISTRIBUIDORA S/A,01.928.075/0183-09,RUA BR-050 - SENTIDO UBERABA,7085,KM    73 POSTO,PANORAMA,38400-760,GASOLINA ADITIVADA,17/01/2023,4.84,,R$ / litro,VIBRA ENERGIA,2023-11-21
SE,MG,UBERLANDIA,DMA DISTRIBUIDORA S/A,01.928.075/0183-09,RUA BR-050 - SENTIDO UBERABA,7085,KM    73 POSTO,PANORAMA,38400-760,GASOLINA,17/01/2023,4.74,,R$ / litro,VIBRA ENERGIA,2023-11-21
SE,MG,PASSOS,POSTO SERRA DAS BRISAS LTDA,39.582.313/0001-30,AVENIDA JK,1974,,BELO HORIZONTE,37901-503,ETANOL,19/01/2023,3.99,,R$ / litro,RIO BRANCO,2023-11-21
SE,MG,PASSOS,POSTO SERRA DAS BRISAS LTDA,39.582.313/0001-30,AVENIDA JK,1974,,BELO HORIZONTE,37901-503,DIESEL S10,19/01/2023,6.29,,R$ / litro,RIO BRANCO,2023-11-21
SE,MG,PASSOS,POSTO SERRA DAS BRISAS LTDA,39.582.313/0001-30,AVENIDA JK,1974,,BELO HORIZONTE,37901-503,DIESEL,19/01/2023,6.19,,R$ / litro,RIO BRANCO,2023-11-21
SE,MG,PASSOS,POSTO SERRA DAS BRISAS LTDA,39.582.313/0001-30,AVENIDA JK,1974,,BELO HORIZONTE,37901-503,GASOLINA ADITIVADA,19/01/2023,4.99,,R$ / litro,RIO BRANCO,2023-11-21
SE,MG,PASSOS,POSTO SERRA DAS BRISAS LTDA,39.582.313/0001-30,AVENIDA JK,1974,,BELO HORIZONTE,37901-503,GASOLINA,19/01/2023,4.99,,R$ / litro,RIO BRANCO,2023-11-21
SE,MG,JOAO PINHEIRO,REDE SANTANA COMBUSTIVES JOAO PINHEIRO II LTDA,34.413.014/0001-59,AVENIDA HORACIO DORNELAS,392,,MARIA JOSE DE PAULA,38770-000,ETANOL,19/01/2023,3.75,,R$ / litro,BRANCA,2023-11-21
SE,MG,JOAO PINHEIRO,REDE SANTANA COMBUSTIVES JOAO PINHEIRO II LTDA,34.413.014/0001-59,AVENIDA HORACIO DORNELAS,392,,MARIA JOSE DE PAULA,38770-000,DIESEL S10,19/01/2023,6.02,,R$ / litro,BRANCA,2023-11-21
SE,MG,JOAO PINHEIRO,REDE SANTANA COMBUSTIVES JOAO PINHEIRO II LTDA,34.413.014/0001-59,AVENIDA HORACIO DORNELAS,392,,MARIA JOSE DE PAULA,38770-000,DIESEL,19/01/2023,5.92,,R$ / litro,BRANCA,2023-11-21
SE,MG,JOAO PINHEIRO,REDE SANTANA COMBUSTIVES JOAO PINHEIRO II LTDA,34.413.014/0001-59,AVENIDA HORACIO DORNELAS,392,,MARIA JOSE DE PAULA,38770-000,GASOLINA,19/01/2023,5.05,,R$ / litro,BRANCA,2023-11-21
SE,MG,PATOS DE MINAS,ABC DISTRIBUICAO DE PETROLEO LTDA,13.117.591/0005-57,RUA DONA LUIZA,1400,,CRISTO REDENTOR,38700-229,ETANOL,17/01/2023,3.78,,R$ / litro,BRANCA,2023-11-21
SE,MG,PATOS DE MINAS,ABC DISTRIBUICAO DE PETROLEO LTDA,13.117.591/0005-57,RUA DONA LUIZA,1400,,CRISTO REDENTOR,38700-229,DIESEL S10,17/01/2023,6.29,,R$ / litro,BRANCA,2023-11-21
SE,MG,PATOS DE MINAS,ABC DISTRIBUICAO DE PETROLEO LTDA,13.117.591/0005-57,RUA DONA LUIZA,1400,,CRISTO REDENTOR,38700-229,GASOLINA,17/01/2023,4.78,,R$ / litro,BRANCA,2023-11-21
SE,MG,CONTAGEM,DMA DISTRIBUIDORA S/A,01.928.075/0186-51,RODOVIA BR-381,3700,KM    3.5 POSTO,RIACHO DAS PEDRAS,32280-680,ETANOL,16/01/2023,3.82,,R$ / litro,VIBRA ENERGIA,2023-11-21
SE,MG,CONTAGEM,DMA DISTRIBUIDORA S/A,01.928.075/0186-51,RODOVIA BR-381,3700,KM    3.5 POSTO,RIACHO DAS PEDRAS,32280-680,DIESEL S10,16/01/2023,6.09,,R$ / litro,VIBRA ENERGIA,2023-11-21
SE,MG,CONTAGEM,DMA DISTRIBUIDORA S/A,01.928.075/0186-51,RODOVIA BR-381,3700,KM    3.5 POSTO,RIACHO DAS PEDRAS,32280-680,GASOLINA,16/01/2023,4.74,,R$ / litro,VIBRA ENERGIA,2023-11-21
SE,MG,CAMPO BELO,AUTO POSTO TUPY CAMPO BELO LTDA,40.165.592/0001-16,AVENIDA AFONSO PENA,423,,CENTRO,37270-000,ETANOL,19/01/2023,3.89,,R$ / litro,RAIZEN,2023-11-21
SE,MG,CAMPO BELO,AUTO POSTO TUPY CAMPO BELO LTDA,40.165.592/0001-16,AVENIDA AFONSO PENA,423,,CENTRO,37270-000,GASOLINA,19/01/2023,4.89,,R$ / litro,RAIZEN,2023-11-21
SE,MG,TIMOTEO,COMERCIAL DE COMBUSTIVEIS CENTRO SUL EIRELI,37.414.648/0001-14,AVENIDA ACESITA,3705,SALA  01,CENTRO SUL,35182-031,ETANOL,19/01/2023,3.94,,R$ / litro,ALESAT,2023-11-21
SE,MG,TIMOTEO,COMERCIAL DE COMBUSTIVEIS CENTRO SUL EIRELI,37.414.648/0001-14,AVENIDA ACESITA,3705,SALA  01,CENTRO SUL,35182-031,DIESEL,19/01/2023,5.95,,R$ / litro,ALESAT,2023-11-21
SE,MG,TIMOTEO,COMERCIAL DE COMBUSTIVEIS CENTRO SUL EIRELI,37.414.648/0001-14,AVENIDA ACESITA,3705,SALA  01,CENTRO SUL,35182-031,GASOLINA,19/01/2023,4.89,,R$ / litro,ALESAT,2023-11-21
SE,MG,FORMIGA,ABC DISTRIBUICAO DE PETROLEO LTDA,13.117.591/0007-19,AVENIDA TABELIAO JUCA ALMEIDA,511,,QUINZINHO,35570-200,ETANOL,16/01/2023,3.89,,R$ / litro,BRANCA,2023-11-21
SE,MG,FORMIGA,ABC DISTRIBUICAO DE PETROLEO LTDA,13.117.591/0007-19,AVENIDA TABELIAO JUCA ALMEIDA,511,,QUINZINHO,35570-200,DIESEL S10,16/01/2023,6.09,,R$ / litro,BRANCA,2023-11-21
SE,MG,FORMIGA,ABC DISTRIBUICAO DE PETROLEO LTDA,13.117.591/0007-19,AVENIDA TABELIAO JUCA ALMEIDA,511,,QUINZINHO,35570-200,GASOLINA ADITIVADA,16/01/2023,4.94,,R$ / litro,BRANCA,2023-11-21
SE,MG,FORMIGA,ABC DISTRIBUICAO DE PETROLEO LTDA,13.117.591/0007-19,AVENIDA TABELIAO JUCA ALMEIDA,511,,QUINZINHO,35570-200,GASOLINA,16/01/2023,4.94,,R$ / litro,BRANCA,2023-11-21
SE,MG,JOAO PINHEIRO,POSTO PINHEIRENSE LTDA,39.565.492/0001-06,AVENIDA JUCA CORDEIRO,615,,CENTRO,38770-000,ETANOL,20/01/2023,3.89,,R$ / litro,RAIZEN,2023-11-21
SE,MG,JOAO PINHEIRO,POSTO PINHEIRENSE LTDA,39.565.492/0001-06,AVENIDA JUCA CORDEIRO,615,,CENTRO,38770-000,DIESEL S10,20/01/2023,6.19,,R$ / litro,RAIZEN,2023-11-21
SE,MG,JOAO PINHEIRO,POSTO PINHEIRENSE LTDA,39.565.492/0001-06,AVENIDA JUCA CORDEIRO,615,,CENTRO,38770-000,GASOLINA ADITIVADA,20/01/2023,5.39,,R$ / litro,RAIZEN,2023-11-21
SE,MG,JOAO PINHEIRO,POSTO PINHEIRENSE LTDA,39.565.492/0001-06,AVENIDA JUCA CORDEIRO,615,,CENTRO,38770-000,GASOLINA,20/01/2023,5.19,,R$ / litro,RAIZEN,2023-11-21
SE,MG,FRUTAL,COOPERATIVA MISTA DOS PRODUTORES RURAIS DE FRUTAL LTDA,18.581.025/0008-68,AVENIDA JOSE DE ALENCAR,1099,,NOSSA SENHORA DO CARMO,38202-160,ETANOL,18/01/2023,3.82,,R$ / litro,BRANCA,2023-11-21
SE,MG,FRUTAL,COOPERATIVA MISTA DOS PRODUTORES RURAIS DE FRUTAL LTDA,18.581.025/0008-68,AVENIDA JOSE DE ALENCAR,1099,,NOSSA SENHORA DO CARMO,38202-160,DIESEL S10,18/01/2023,6.27,,R$ / litro,BRANCA,2023-11-21
SE,MG,FRUTAL,COOPERATIVA MISTA DOS PRODUTORES RURAIS DE FRUTAL LTDA,18.581.025/0008-68,AVENIDA JOSE DE ALENCAR,1099,,NOSSA SENHORA DO CARMO,38202-160,DIESEL,18/01/2023,6.2,,R$ / litro,BRANCA,2023-11-21
SE,MG,FRUTAL,COOPERATIVA MISTA DOS PRODUTORES RURAIS DE FRUTAL LTDA,18.581.025/0008-68,AVENIDA JOSE DE ALENCAR,1099,,NOSSA SENHORA DO CARMO,38202-160,GASOLINA,18/01/2023,4.89,,R$ / litro,BRANCA,2023-11-21
SE,MG,ARAGUARI,MG COMERCIO DE COMBUSTIVEIS LTDA,36.203.543/0001-53,RODOVIA BR-050,KM 41,,DISTRITO INDUSTRIAL,38446-232,ETANOL,16/01/2023,3.65,,R$ / litro,IPIRANGA,2023-11-21
SE,MG,ARAGUARI,MG COMERCIO DE COMBUSTIVEIS LTDA,36.203.543/0001-53,RODOVIA BR-050,KM 41,,DISTRITO INDUSTRIAL,38446-232,DIESEL S10,16/01/2023,6.09,,R$ / litro,IPIRANGA,2023-11-21
SE,MG,ARAGUARI,MG COMERCIO DE COMBUSTIVEIS LTDA,36.203.543/0001-53,RODOVIA BR-050,KM 41,,DISTRITO INDUSTRIAL,38446-232,DIESEL,16/01/2023,5.94,,R$ / litro,IPIRANGA,2023-11-21
SE,MG,ARAGUARI,MG COMERCIO DE COMBUSTIVEIS LTDA,36.203.543/0001-53,RODOVIA BR-050,KM 41,,DISTRITO INDUSTRIAL,38446-232,GASOLINA,16/01/2023,4.99,,R$ / litro,IPIRANGA,2023-11-21
SE,MG,UBERLANDIA,NORTON COMERCIO DE COMBUSTIVEIS LTDA,05.581.810/0001-00,AVENIDA BRASIL,2403,,BRASIL,38400-718,ETANOL,18/01/2023,3.59,,R$ / litro,IPIRANGA,2023-11-21
SE,MG,UBERLANDIA,NORTON COMERCIO DE COMBUSTIVEIS LTDA,05.581.810/0001-00,AVENIDA BRASIL,2403,,BRASIL,38400-718,DIESEL S10,18/01/2023,6.39,,R$ / litro,IPIRANGA,2023-11-21
SE,MG,UBERLANDIA,NORTON COMERCIO DE COMBUSTIVEIS LTDA,05.581.810/0001-00,AVENIDA BRASIL,2403,,BRASIL,38400-718,GASOLINA ADITIVADA,18/01/2023,4.89,,R$ / litro,IPIRANGA,2023-11-21
SE,MG,UBERLANDIA,NORTON COMERCIO DE COMBUSTIVEIS LTDA,05.581.810/0001-00,AVENIDA BRASIL,2403,,BRASIL,38400-718,GASOLINA,18/01/2023,4.79,,R$ / litro,IPIRANGA,2023-11-21
SE,MG,FRUTAL,AUTO POSTO DOS LAGOS LTDA,27.569.768/0001-37,AVENIDA BRASILIA,169,,NOSSA SENHORA APARECIDA,38204-078,ETANOL,17/01/2023,3.99,,R$ / litro,TOTALENERGIES,2023-11-21
SE,MG,FRUTAL,AUTO POSTO DOS LAGOS LTDA,27.569.768/0001-37,AVENIDA BRASILIA,169,,NOSSA SENHORA APARECIDA,38204-078,DIESEL S10,17/01/2023,6.55,,R$ / litro,TOTALENERGIES,2023-11-21
SE,MG,FRUTAL,AUTO POSTO DOS LAGOS LTDA,27.569.768/0001-37,AVENIDA BRASILIA,169,,NOSSA SENHORA APARECIDA,38204-078,GASOLINA ADITIVADA,17/01/2023,5.15,,R$ / litro,TOTALENERGIES,2023-11-21
SE,MG,FRUTAL,AUTO POSTO DOS LAGOS LTDA,27.569.768/0001-37,AVENIDA BRASILIA,169,,NOSSA SENHORA APARECIDA,38204-078,GASOLINA,17/01/2023,4.99,,R$ / litro,TOTALENERGIES,2023-11-21
SE,MG,BARBACENA,POSTO MIRANDA LTDA,19.590.280/0001-63,RUA HENRIQUE DINIZ,45,47,CENTRO,36202-370,ETANOL,25/01/2023,3.58,,R$ / litro,RAIZEN,2023-11-21
SE,MG,BARBACENA,POSTO MIRANDA LTDA,19.590.280/0001-63,RUA HENRIQUE DINIZ,45,47,CENTRO,36202-370,DIESEL S10,25/01/2023,6.05,,R$ / litro,RAIZEN,2023-11-21
SE,MG,BARBACENA,POSTO MIRANDA LTDA,19.590.280/0001-63,RUA HENRIQUE DINIZ,45,47,CENTRO,36202-370,GASOLINA ADITIVADA,25/01/2023,5.55,,R$ / litro,RAIZEN,2023-11-21
SE,MG,BARBACENA,POSTO MIRANDA LTDA,19.590.280/0001-63,RUA HENRIQUE DINIZ,45,47,CENTRO,36202-370,GASOLINA,25/01/2023,5.15,,R$ / litro,RAIZEN,2023-11-21
SE,MG,BETIM,POSTO VILA FERNAO DIAS LTDA,08.418.243/0001-56,RODOVIA BR-381 FERNAO DIAS,S/N,KM: 487;,JARDIM TERESOPOLIS,32681-200,ETANOL,24/01/2023,3.74,,R$ / litro,IPIRANGA,2023-11-21
SE,MG,BETIM,POSTO VILA FERNAO DIAS LTDA,08.418.243/0001-56,RODOVIA BR-381 FERNAO DIAS,S/N,KM: 487;,JARDIM TERESOPOLIS,32681-200,DIESEL S10,24/01/2023,6.06,,R$ / litro,IPIRANGA,2023-11-21
SE,MG,BETIM,POSTO VILA FERNAO DIAS LTDA,08.418.243/0001-56,RODOVIA BR-381 FERNAO DIAS,S/N,KM: 487;,JARDIM TERESOPOLIS,32681-200,DIESEL,24/01/2023,5.96,,R$ / litro,IPIRANGA,2023-11-21
SE,MG,BETIM,POSTO VILA FERNAO DIAS LTDA,08.418.243/0001-56,RODOVIA BR-381 FERNAO DIAS,S/N,KM: 487;,JARDIM TERESOPOLIS,32681-200,GASOLINA ADITIVADA,24/01/2023,4.94,,R$ / litro,IPIRANGA,2023-11-21
SE,MG,BETIM,POSTO VILA FERNAO DIAS LTDA,08.418.243/0001-56,RODOVIA BR-381 FERNAO DIAS,S/N,KM: 487;,JARDIM TERESOPOLIS,32681-200,GASOLINA,24/01/2023,4.74,,R$ / litro,IPIRANGA,2023-11-21
SE,MG,BETIM,POSTO ALTEROSA LTDA,08.077.863/0001-79,AVENIDA CAMPO DE OURIQUE,1265,,JARDIM ALTEROSA,32660-000,DIESEL,24/01/2023,6.09,,R$ / litro,VIBRA ENERGIA,2023-11-21
SE,MG,BETIM,POSTO ALTEROSA LTDA,08.077.863/0001-79,AVENIDA CAMPO DE OURIQUE,1265,,JARDIM ALTEROSA,32660-000,GASOLINA ADITIVADA,24/01/2023,4.79,,R$ / litro,VIBRA ENERGIA,2023-11-21
SE,MG,BETIM,POSTO ALTEROSA LTDA,08.077.863/0001-79,AVENIDA CAMPO DE OURIQUE,1265,,JARDIM ALTEROSA,32660-000,GASOLINA,24/01/2023,4.79,,R$ / litro,VIBRA ENERGIA,2023-11-21
SE,MG,BETIM,POSTO ALTEROSA LTDA,08.077.863/0001-79,AVENIDA CAMPO DE OURIQUE,1265,,JARDIM ALTEROSA,32660-000,ETANOL,24/01/2023,3.79,,R$ / litro,VIBRA ENERGIA,2023-11-21
SE,MG,BETIM,POSTO ALTEROSA LTDA,08.077.863/0001-79,AVENIDA CAMPO DE OURIQUE,1265,,JARDIM ALTEROSA,32660-000,DIESEL S10,24/01/2023,6.19,,R$ / litro,VIBRA ENERGIA,2023-11-21
SE,MG,BETIM,MILLENNIUM DERIVADOS DE PETROLEO LTDA,03.848.560/0001-99,AVENIDA EDMEIA MATTOS LAZAROTTI,1441,,ANGOLA,32604-228,ETANOL,24/01/2023,3.75,,R$ / litro,ALESAT,2023-11-21
SE,MG,BETIM,MILLENNIUM DERIVADOS DE PETROLEO LTDA,03.848.560/0001-99,AVENIDA EDMEIA MATTOS LAZAROTTI,1441,,ANGOLA,32604-228,DIESEL S10,24/01/2023,6.07,,R$ / litro,ALESAT,2023-11-21
SE,MG,BETIM,MILLENNIUM DERIVADOS DE PETROLEO LTDA,03.848.560/0001-99,AVENIDA EDMEIA MATTOS LAZAROTTI,1441,,ANGOLA,32604-228,GASOLINA ADITIVADA,24/01/2023,4.87,,R$ / litro,ALESAT,2023-11-21
SE,MG,BETIM,MILLENNIUM DERIVADOS DE PETROLEO LTDA,03.848.560/0001-99,AVENIDA EDMEIA MATTOS LAZAROTTI,1441,,ANGOLA,32604-228,GASOLINA,24/01/2023,4.75,,R$ / litro,ALESAT,2023-11-21
SE,MG,BETIM,MILLENNIUM DERIVADOS DE PETROLEO LTDA,03.848.560/0001-99,AVENIDA EDMEIA MATTOS LAZAROTTI,1441,,ANGOLA,32604-228,GNV,24/01/2023,5.24,,R$ / m³,ALESAT,2023-11-21
SE,MG,BETIM,POSTO CIDADE NOVA LIMITADA,18.695.064/0003-81,AVENIDA JUIZ MARCO TULIO ISAAC,330,,CENTRO,32600-002,ETANOL,24/01/2023,3.65,,R$ / litro,RAIZEN,2023-11-21
SE,MG,BETIM,POSTO CIDADE NOVA LIMITADA,18.695.064/0003-81,AVENIDA JUIZ MARCO TULIO ISAAC,330,,CENTRO,32600-002,DIESEL S10,24/01/2023,6.08,,R$ / litro,RAIZEN,2023-11-21
SE,MG,BETIM,POSTO CIDADE NOVA LIMITADA,18.695.064/0003-81,AVENIDA JUIZ MARCO TULIO ISAAC,330,,CENTRO,32600-002,GASOLINA,24/01/2023,4.75,,R$ / litro,RAIZEN,2023-11-21
SE,MG,BETIM,POSTO PAMPAS LTDA,20.256.228/0001-54,RODOVIA BR-381 FERNAO DIAS,S/N,KM    493,BETIM INDUSTRIAL,32670-420,ETANOL,24/01/2023,3.74,,R$ / litro,RAIZEN,2023-11-21
SE,MG,BETIM,POSTO PAMPAS LTDA,20.256.228/0001-54,RODOVIA BR-381 FERNAO DIAS,S/N,KM    493,BETIM INDUSTRIAL,32670-420,DIESEL S10,24/01/2023,6.06,,R$ / litro,RAIZEN,2023-11-21
SE,MG,BETIM,POSTO PAMPAS LTDA,20.256.228/0001-54,RODOVIA BR-381 FERNAO DIAS,S/N,KM    493,BETIM INDUSTRIAL,32670-420,DIESEL,24/01/2023,5.96,,R$ / litro,RAIZEN,2023-11-21
SE,MG,BETIM,POSTO PAMPAS LTDA,20.256.228/0001-54,RODOVIA BR-381 FERNAO DIAS,S/N,KM    493,BETIM INDUSTRIAL,32670-420,GASOLINA ADITIVADA,24/01/2023,5.14,,R$ / litro,RAIZEN,2023-11-21
SE,MG,BETIM,POSTO PAMPAS LTDA,20.256.228/0001-54,RODOVIA BR-381 FERNAO DIAS,S/N,KM    493,BETIM INDUSTRIAL,32670-420,GASOLINA,24/01/2023,4.74,,R$ / litro,RAIZEN,2023-11-21
SE,MG,BETIM,AUTO POSTO RODRIGO LTDA,04.134.973/0001-74,AVENIDA ARTUR DA SILVA BERNARDES,355,,INGA,32604-475,ETANOL,24/01/2023,3.75,,R$ / litro,BRANCA,2023-11-21
SE,MG,BETIM,AUTO POSTO RODRIGO LTDA,04.134.973/0001-74,AVENIDA ARTUR DA SILVA BERNARDES,355,,INGA,32604-475,DIESEL S10,24/01/2023,6.09,,R$ / litro,BRANCA,2023-11-21
SE,MG,BETIM,AUTO POSTO RODRIGO LTDA,04.134.973/0001-74,AVENIDA ARTUR DA SILVA BERNARDES,355,,INGA,32604-475,DIESEL,24/01/2023,5.99,,R$ / litro,BRANCA,2023-11-21
SE,MG,BETIM,AUTO POSTO RODRIGO LTDA,04.134.973/0001-74,AVENIDA ARTUR DA SILVA BERNARDES,355,,INGA,32604-475,GASOLINA,24/01/2023,4.75,,R$ / litro,BRANCA,2023-11-21
SE,MG,BETIM,POSTO VILA AMARAL LTDA,03.785.237/0001-13,AVENIDA EDMEIA MATTOS LAZZAROTTI,1100,,CENTRO,32600-004,ETANOL,24/01/2023,3.75,,R$ / litro,IPIRANGA,2023-11-21
SE,MG,BETIM,POSTO VILA AMARAL LTDA,03.785.237/0001-13,AVENIDA EDMEIA MATTOS LAZZAROTTI,1100,,CENTRO,32600-004,DIESEL S10,24/01/2023,6.07,,R$ / litro,IPIRANGA,2023-11-21
SE,MG,BETIM,POSTO VILA AMARAL LTDA,03.785.237/0001-13,AVENIDA EDMEIA MATTOS LAZZAROTTI,1100,,CENTRO,32600-004,GASOLINA,24/01/2023,4.75,,R$ / litro,IPIRANGA,2023-11-21
SE,MG,BETIM,POSTO URANO LTDA,03.588.462/0001-60,RODOVIA BR-381 FERNAO DIAS,S/N,KM    490 NORTE,SANTA CRUZ,32667-465,ETANOL,24/01/2023,4.09,,R$ / litro,VIBRA ENERGIA,2023-11-21
SE,MG,BETIM,POSTO URANO LTDA,03.588.462/0001-60,RODOVIA BR-381 FERNAO DIAS,S/N,KM    490 NORTE,SANTA CRUZ,32667-465,DIESEL S10,24/01/2023,6.29,,R$ / litro,VIBRA ENERGIA,2023-11-21
SE,MG,BETIM,POSTO URANO LTDA,03.588.462/0001-60,RODOVIA BR-381 FERNAO DIAS,S/N,KM    490 NORTE,SANTA CRUZ,32667-465,DIESEL,24/01/2023,6.09,,R$ / litro,VIBRA ENERGIA,2023-11-21
SE,MG,BETIM,POSTO URANO LTDA,03.588.462/0001-60,RODOVIA BR-381 FERNAO DIAS,S/N,KM    490 NORTE,SANTA CRUZ,32667-465,GASOLINA ADITIVADA,24/01/2023,5.29,,R$ / litro,VIBRA ENERGIA,2023-11-21
SE,MG,BETIM,POSTO URANO LTDA,03.588.462/0001-60,RODOVIA BR-381 FERNAO DIAS,S/N,KM    490 NORTE,SANTA CRUZ,32667-465,GASOLINA,24/01/2023,5.09,,R$ / litro,VIBRA ENERGIA,2023-11-21
SE,MG,CARATINGA,POSTO MALUQUINHO LTDA,05.910.170/0001-27,AVENIDA JOAO CAETANO DO NASCIMENTO,5,,SANTA ZITA,35300-104,ETANOL,23/01/2023,3.96,,R$ / litro,BRANCA,2023-11-21
SE,MG,CARATINGA,POSTO MALUQUINHO LTDA,05.910.170/0001-27,AVENIDA JOAO CAETANO DO NASCIMENTO,5,,SANTA ZITA,35300-104,DIESEL S10,23/01/2023,6.34,,R$ / litro,BRANCA,2023-11-21
SE,MG,CARATINGA,POSTO MALUQUINHO LTDA,05.910.170/0001-27,AVENIDA JOAO CAETANO DO NASCIMENTO,5,,SANTA ZITA,35300-104,GASOLINA,23/01/2023,5.12,,R$ / litro,BRANCA,2023-11-21
SE,MG,CARATINGA,POSTO BURITIRAMA LTDA,65.336.240/0001-07,RUA DONA JULICA,115,0,CENTRO,35300-038,ETANOL,23/01/2023,3.97,,R$ / litro,BRANCA,2023-11-21
SE,MG,CARATINGA,POSTO BURITIRAMA LTDA,65.336.240/0001-07,RUA DONA JULICA,115,0,CENTRO,35300-038,GASOLINA,23/01/2023,5.13,,R$ / litro,BRANCA,2023-11-21
SE,MG,CARATINGA,J MENDES DE AQUINO & CIA. LTDA,42.978.668/0001-58,PRACA CESARIO ALVIM,80,,,35300-036,ETANOL,23/01/2023,4.09,,R$ / litro,BRANCA,2023-11-21
SE,MG,CARATINGA,J MENDES DE AQUINO & CIA. LTDA,42.978.668/0001-58,PRACA CESARIO ALVIM,80,,,35300-036,GASOLINA ADITIVADA,23/01/2023,5.15,,R$ / litro,BRANCA,2023-11-21
SE,MG,CARATINGA,J MENDES DE AQUINO & CIA. LTDA,42.978.668/0001-58,PRACA CESARIO ALVIM,80,,,35300-036,GASOLINA,23/01/2023,5.15,,R$ / litro,BRANCA,2023-11-21
SE,MG,CARATINGA,POSTO BOA ESTRELA EIRELI,20.811.410/0001-20,AVENIDA PRES TANCREDO NEVES,2812,A,ZACARIAS,35300-101,ETANOL,23/01/2023,4.19,,R$ / litro,VIBRA ENERGIA,2023-11-21
SE,MG,CARATINGA,POSTO BOA ESTRELA EIRELI,20.811.410/0001-20,AVENIDA PRES TANCREDO NEVES,2812,A,ZACARIAS,35300-101,DIESEL S10,23/01/2023,6.49,,R$ / litro,VIBRA ENERGIA,2023-11-21
SE,MG,CARATINGA,POSTO BOA ESTRELA EIRELI,20.811.410/0001-20,AVENIDA PRES TANCREDO NEVES,2812,A,ZACARIAS,35300-101,GASOLINA ADITIVADA,23/01/2023,5.29,,R$ / litro,VIBRA ENERGIA,2023-11-21
SE,MG,CONSELHEIRO LAFAIETE,POSTO DE COMBUSTÍVEIS LETÍCIA LTDA.,19.720.564/0001-27,MARGEM BR 040,24407,KM 628,SANTA CRUZ,36400-000,ETANOL,23/01/2023,3.99,,R$ / litro,IPIRANGA,2023-11-21
SE,MG,CONSELHEIRO LAFAIETE,POSTO DE COMBUSTÍVEIS LETÍCIA LTDA.,19.720.564/0001-27,MARGEM BR 040,24407,KM 628,SANTA CRUZ,36400-000,DIESEL S10,23/01/2023,6.5,,R$ / litro,IPIRANGA,2023-11-21
SE,MG,CONSELHEIRO LAFAIETE,POSTO DE COMBUSTÍVEIS LETÍCIA LTDA.,19.720.564/0001-27,MARGEM BR 040,24407,KM 628,SANTA CRUZ,36400-000,DIESEL,23/01/2023,6.32,,R$ / litro,IPIRANGA,2023-11-21
SE,MG,CONSELHEIRO LAFAIETE,POSTO DE COMBUSTÍVEIS LETÍCIA LTDA.,19.720.564/0001-27,MARGEM BR 040,24407,KM 628,SANTA CRUZ,36400-000,GASOLINA ADITIVADA,23/01/2023,4.99,,R$ / litro,IPIRANGA,2023-11-21
SE,MG,CONSELHEIRO LAFAIETE,POSTO DE COMBUSTÍVEIS LETÍCIA LTDA.,19.720.564/0001-27,MARGEM BR 040,24407,KM 628,SANTA CRUZ,36400-000,GASOLINA,23/01/2023,4.84,,R$ / litro,IPIRANGA,2023-11-21
SE,MG,CONSELHEIRO LAFAIETE,PETROVIA COMERCIO DE COMBUSTIVEIS,05.797.257/0001-30,AVENIDA PREFEITO TELESFORO CANDIDO DE REZENDE,817,,CENTRO,36400-056,ETANOL,23/01/2023,3.99,,R$ / litro,IPIRANGA,2023-11-21
SE,MG,CONSELHEIRO LAFAIETE,PETROVIA COMERCIO DE COMBUSTIVEIS,05.797.257/0001-30,AVENIDA PREFEITO TELESFORO CANDIDO DE REZENDE,817,,CENTRO,36400-056,DIESEL,23/01/2023,6.79,,R$ / litro,IPIRANGA,2023-11-21
SE,MG,CONSELHEIRO LAFAIETE,PETROVIA COMERCIO DE COMBUSTIVEIS,05.797.257/0001-30,AVENIDA PREFEITO TELESFORO CANDIDO DE REZENDE,817,,CENTRO,36400-056,GASOLINA ADITIVADA,23/01/2023,5.18,,R$ / litro,IPIRANGA,2023-11-21
SE,MG,CONSELHEIRO LAFAIETE,PETROVIA COMERCIO DE COMBUSTIVEIS,05.797.257/0001-30,AVENIDA PREFEITO TELESFORO CANDIDO DE REZENDE,817,,CENTRO,36400-056,GASOLINA,23/01/2023,5.08,,R$ / litro,IPIRANGA,2023-11-21
SE,MG,CONSELHEIRO LAFAIETE,POSTO MONTEIRO LTDA,04.973.540/0001-02,RUA JOSE FELICIO CARDOSO,172,,JARDIM AMERICA,36400-001,DIESEL S10,23/01/2023,6.98,,R$ / litro,BRANCA,2023-11-21
SE,MG,CONSELHEIRO LAFAIETE,POSTO MONTEIRO LTDA,04.973.540/0001-02,RUA JOSE FELICIO CARDOSO,172,,JARDIM AMERICA,36400-001,GASOLINA,23/01/2023,4.89,,R$ / litro,BRANCA,2023-11-21
SE,MG,CONSELHEIRO LAFAIETE,POSTO MONTEIRO LTDA,04.973.540/0001-02,RUA JOSE FELICIO CARDOSO,172,,JARDIM AMERICA,36400-001,ETANOL,23/01/2023,3.99,,R$ / litro,BRANCA,2023-11-21
SE,MG,CONSELHEIRO LAFAIETE,POSTO IRMAOS TRINDADE LTDA,05.248.606/0001-64,"AVENIDA FURTADO,",372,,CENTRO,36400-000,ETANOL,25/01/2023,3.98,,R$ / litro,VIBRA ENERGIA,2023-11-21
SE,MG,CONSELHEIRO LAFAIETE,POSTO IRMAOS TRINDADE LTDA,05.248.606/0001-64,"AVENIDA FURTADO,",372,,CENTRO,36400-000,DIESEL S10,25/01/2023,6.69,,R$ / litro,VIBRA ENERGIA,2023-11-21
SE,MG,CONSELHEIRO LAFAIETE,POSTO IRMAOS TRINDADE LTDA,05.248.606/0001-64,"AVENIDA FURTADO,",372,,CENTRO,36400-000,GASOLINA,25/01/2023,4.99,,R$ / litro,VIBRA ENERGIA,2023-11-21
SE,MG,CONSELHEIRO LAFAIETE,MS & FILHOS LTDA,04.008.565/0001-76,RUA ALFREDO ELIAS MAFUZ,540,,SANTA MATILDE,36405-100,ETANOL,23/01/2023,3.99,,R$ / litro,ALESAT,2023-11-21
SE,MG,CONSELHEIRO LAFAIETE,MS & FILHOS LTDA,04.008.565/0001-76,RUA ALFREDO ELIAS MAFUZ,540,,SANTA MATILDE,36405-100,DIESEL S10,23/01/2023,6.29,,R$ / litro,ALESAT,2023-11-21
SE,MG,CONSELHEIRO LAFAIETE,MS & FILHOS LTDA,04.008.565/0001-76,RUA ALFREDO ELIAS MAFUZ,540,,SANTA MATILDE,36405-100,GASOLINA,23/01/2023,4.95,,R$ / litro,ALESAT,2023-11-21
SE,MG,CONSELHEIRO LAFAIETE,POSTO POP LTDA,23.325.822/0001-48,PR GETULIO VARGAS,121,,CENTRO,36400-001,ETANOL,23/01/2023,3.85,,R$ / litro,BRANCA,2023-11-21
SE,MG,CONSELHEIRO LAFAIETE,POSTO POP LTDA,23.325.822/0001-48,PR GETULIO VARGAS,121,,CENTRO,36400-001,DIESEL S10,23/01/2023,6.15,,R$ / litro,BRANCA,2023-11-21
SE,MG,CONSELHEIRO LAFAIETE,POSTO POP LTDA,23.325.822/0001-48,PR GETULIO VARGAS,121,,CENTRO,36400-001,GASOLINA ADITIVADA,23/01/2023,5.19,,R$ / litro,BRANCA,2023-11-21
SE,MG,CONSELHEIRO LAFAIETE,POSTO POP LTDA,23.325.822/0001-48,PR GETULIO VARGAS,121,,CENTRO,36400-001,GASOLINA,23/01/2023,5.09,,R$ / litro,BRANCA,2023-11-21
SE,MG,CONTAGEM,POSTO VILA MARIA DIAS LTDA,08.986.856/0001-90,AVENIDA BABITA CAMARGOS,1330,,CIDADE INDUSTRIAL,32210-180,ETANOL,23/01/2023,3.75,,R$ / litro,IPIRANGA,2023-11-21
SE,MG,CONTAGEM,POSTO VILA MARIA DIAS LTDA,08.986.856/0001-90,AVENIDA BABITA CAMARGOS,1330,,CIDADE INDUSTRIAL,32210-180,DIESEL S10,23/01/2023,6.07,,R$ / litro,IPIRANGA,2023-11-21
SE,MG,CONTAGEM,POSTO VILA MARIA DIAS LTDA,08.986.856/0001-90,AVENIDA BABITA CAMARGOS,1330,,CIDADE INDUSTRIAL,32210-180,GASOLINA ADITIVADA,23/01/2023,4.95,,R$ / litro,IPIRANGA,2023-11-21
SE,MG,CONTAGEM,POSTO VILA MARIA DIAS LTDA,08.986.856/0001-90,AVENIDA BABITA CAMARGOS,1330,,CIDADE INDUSTRIAL,32210-180,GASOLINA,23/01/2023,4.75,,R$ / litro,IPIRANGA,2023-11-21
SE,MG,CONTAGEM,EMPREENDIMENTOS BRITO LIMA LTDA,03.812.019/0004-73,AVENIDA SEVERINO BALLESTEROS,256,,GUANABARA,32145-480,ETANOL,25/01/2023,3.77,,R$ / litro,VIBRA ENERGIA,2023-11-21
SE,MG,CONTAGEM,EMPREENDIMENTOS BRITO LIMA LTDA,03.812.019/0004-73,AVENIDA SEVERINO BALLESTEROS,256,,GUANABARA,32145-480,DIESEL S10,25/01/2023,6.07,,R$ / litro,VIBRA ENERGIA,2023-11-21
SE,MG,CONTAGEM,EMPREENDIMENTOS BRITO LIMA LTDA,03.812.019/0004-73,AVENIDA SEVERINO BALLESTEROS,256,,GUANABARA,32145-480,DIESEL,25/01/2023,5.97,,R$ / litro,VIBRA ENERGIA,2023-11-21
SE,MG,CONTAGEM,EMPREENDIMENTOS BRITO LIMA LTDA,03.812.019/0004-73,AVENIDA SEVERINO BALLESTEROS,256,,GUANABARA,32145-480,GASOLINA,25/01/2023,5.07,,R$ / litro,VIBRA ENERGIA,2023-11-21
SE,MG,CONTAGEM,POSTO ZEPPE OASIS LTDA,06.341.290/0001-13,VIA EXPRESSA,2600,,CINCO/PEROBAS,32370-485,ETANOL,23/01/2023,3.77,,R$ / litro,VIBRA ENERGIA,2023-11-21
SE,MG,CONTAGEM,POSTO ZEPPE OASIS LTDA,06.341.290/0001-13,VIA EXPRESSA,2600,,CINCO/PEROBAS,32370-485,DIESEL S10,23/01/2023,6.07,,R$ / litro,VIBRA ENERGIA,2023-11-21
SE,MG,CONTAGEM,POSTO ZEPPE OASIS LTDA,06.341.290/0001-13,VIA EXPRESSA,2600,,CINCO/PEROBAS,32370-485,DIESEL,23/01/2023,5.97,,R$ / litro,VIBRA ENERGIA,2023-11-21
SE,MG,CONTAGEM,POSTO ZEPPE OASIS LTDA,06.341.290/0001-13,VIA EXPRESSA,2600,,CINCO/PEROBAS,32370-485,GASOLINA,23/01/2023,4.77,,R$ / litro,VIBRA ENERGIA,2023-11-21
SE,MG,CONTAGEM,VENETO EMPREENDIMENTO COMERCIAL LTDA,05.655.316/0001-35,AVENIDA JOAO CESAR DE OLIVEIRA,4125,,NOVO ELDORADO,32341-001,ETANOL,23/01/2023,3.76,,R$ / litro,VIBRA ENERGIA,2023-11-21
SE,MG,CONTAGEM,VENETO EMPREENDIMENTO COMERCIAL LTDA,05.655.316/0001-35,AVENIDA JOAO CESAR DE OLIVEIRA,4125,,NOVO ELDORADO,32341-001,DIESEL S10,23/01/2023,6.07,,R$ / litro,VIBRA ENERGIA,2023-11-21
SE,MG,CONTAGEM,VENETO EMPREENDIMENTO COMERCIAL LTDA,05.655.316/0001-35,AVENIDA JOAO CESAR DE OLIVEIRA,4125,,NOVO ELDORADO,32341-001,GASOLINA,23/01/2023,4.76,,R$ / litro,VIBRA ENERGIA,2023-11-21
SE,MG,CONTAGEM,FARIA REVENDEDORA DE COMBUSTIVEIS LTDA,04.373.546/0001-49,AVENIDA HELENA DE VASCONCELOS COSTA,4514,,CINCAO,32371-685,ETANOL,23/01/2023,3.77,,R$ / litro,RAIZEN,2023-11-21
SE,MG,CONTAGEM,FARIA REVENDEDORA DE COMBUSTIVEIS LTDA,04.373.546/0001-49,AVENIDA HELENA DE VASCONCELOS COSTA,4514,,CINCAO,32371-685,DIESEL S10,23/01/2023,6.07,,R$ / litro,RAIZEN,2023-11-21
SE,MG,CONTAGEM,FARIA REVENDEDORA DE COMBUSTIVEIS LTDA,04.373.546/0001-49,AVENIDA HELENA DE VASCONCELOS COSTA,4514,,CINCAO,32371-685,DIESEL,23/01/2023,5.97,,R$ / litro,RAIZEN,2023-11-21
SE,MG,CONTAGEM,FARIA REVENDEDORA DE COMBUSTIVEIS LTDA,04.373.546/0001-49,AVENIDA HELENA DE VASCONCELOS COSTA,4514,,CINCAO,32371-685,GASOLINA,23/01/2023,4.77,,R$ / litro,RAIZEN,2023-11-21
SE,MG,CONTAGEM,FERREIRA PARTICIPACOES E EMPREENDIMENTOS LTDA,00.671.320/0001-73,RUA CORONEL AUGUSTO CAMARGOS,301,,NSRA DO CARMO,32015-740,ETANOL,23/01/2023,3.76,,R$ / litro,ALESAT,2023-11-21
SE,MG,CONTAGEM,FERREIRA PARTICIPACOES E EMPREENDIMENTOS LTDA,00.671.320/0001-73,RUA CORONEL AUGUSTO CAMARGOS,301,,NSRA DO CARMO,32015-740,DIESEL,23/01/2023,5.98,,R$ / litro,ALESAT,2023-11-21
SE,MG,CONTAGEM,FERREIRA PARTICIPACOES E EMPREENDIMENTOS LTDA,00.671.320/0001-73,RUA CORONEL AUGUSTO CAMARGOS,301,,NSRA DO CARMO,32015-740,GASOLINA,23/01/2023,4.76,,R$ / litro,ALESAT,2023-11-21
SE,MG,CONTAGEM,RIO GRANDE COMBUSTIVEIS LTDA,03.754.139/0001-19,PRACA PAULO PINHEIRO CHAGAS,217,,ELDORADO,32341-350,ETANOL,23/01/2023,3.77,,R$ / litro,IPIRANGA,2023-11-21
SE,MG,CONTAGEM,RIO GRANDE COMBUSTIVEIS LTDA,03.754.139/0001-19,PRACA PAULO PINHEIRO CHAGAS,217,,ELDORADO,32341-350,GASOLINA,23/01/2023,4.77,,R$ / litro,IPIRANGA,2023-11-21
SE,MG,CONTAGEM,MILLENIUM-COMERCIO DE DERIVADOS DE PETROLEO LTDA,03.808.767/0001-30,RUA TOMAZ DE ANDRADE,85,,INDUSTRIAL-3 SECAO,32223-000,ETANOL,23/01/2023,3.77,,R$ / litro,IPIRANGA,2023-11-21
SE,MG,CONTAGEM,MILLENIUM-COMERCIO DE DERIVADOS DE PETROLEO LTDA,03.808.767/0001-30,RUA TOMAZ DE ANDRADE,85,,INDUSTRIAL-3 SECAO,32223-000,GASOLINA,23/01/2023,4.77,,R$ / litro,IPIRANGA,2023-11-21
SE,MG,CONTAGEM,LOYOLA & ABREU LTDA.,04.029.462/0001-92,AVENIDA CORONEL BENJAMIM GUIMARAES,556,,INDUSTRIAL,32235-000,ETANOL,23/01/2023,3.77,,R$ / litro,IPIRANGA,2023-11-21
SE,MG,CONTAGEM,LOYOLA & ABREU LTDA.,04.029.462/0001-92,AVENIDA CORONEL BENJAMIM GUIMARAES,556,,INDUSTRIAL,32235-000,GASOLINA,23/01/2023,4.77,,R$ / litro,IPIRANGA,2023-11-21
SE,MG,CONTAGEM,POSTO PRAIA - EIRELI,03.362.578/0001-86,RUA DO REGISTRO,1925,,VILA MAGDALENA,32017-390,ETANOL,24/01/2023,3.76,,R$ / litro,IPIRANGA,2023-11-21
SE,MG,CONTAGEM,POSTO PRAIA - EIRELI,03.362.578/0001-86,RUA DO REGISTRO,1925,,VILA MAGDALENA,32017-390,DIESEL S10,24/01/2023,6.09,,R$ / litro,IPIRANGA,2023-11-21
SE,MG,CONTAGEM,POSTO PRAIA - EIRELI,03.362.578/0001-86,RUA DO REGISTRO,1925,,VILA MAGDALENA,32017-390,DIESEL,24/01/2023,5.99,,R$ / litro,IPIRANGA,2023-11-21
SE,MG,CONTAGEM,POSTO PRAIA - EIRELI,03.362.578/0001-86,RUA DO REGISTRO,1925,,VILA MAGDALENA,32017-390,GASOLINA ADITIVADA,24/01/2023,4.89,,R$ / litro,IPIRANGA,2023-11-21
SE,MG,CONTAGEM,POSTO PRAIA - EIRELI,03.362.578/0001-86,RUA DO REGISTRO,1925,,VILA MAGDALENA,32017-390,GASOLINA,24/01/2023,4.76,,R$ / litro,IPIRANGA,2023-11-21
SE,MG,CONTAGEM,POSTO TRES BARRAS LTDA,02.973.900/0001-40,RUA MANOEL PINHEIRO DINIZ,525,,PLANO DIR CONTAGEM,32041-140,ETANOL,24/01/2023,3.76,,R$ / litro,VIBRA ENERGIA,2023-11-21
SE,MG,CONTAGEM,POSTO TRES BARRAS LTDA,02.973.900/0001-40,RUA MANOEL PINHEIRO DINIZ,525,,PLANO DIR CONTAGEM,32041-140,DIESEL S10,24/01/2023,6.07,,R$ / litro,VIBRA ENERGIA,2023-11-21
SE,MG,CONTAGEM,POSTO TRES BARRAS LTDA,02.973.900/0001-40,RUA MANOEL PINHEIRO DINIZ,525,,PLANO DIR CONTAGEM,32041-140,DIESEL,24/01/2023,5.97,,R$ / litro,VIBRA ENERGIA,2023-11-21
SE,MG,CONTAGEM,POSTO TRES BARRAS LTDA,02.973.900/0001-40,RUA MANOEL PINHEIRO DINIZ,525,,PLANO DIR CONTAGEM,32041-140,GASOLINA ADITIVADA,24/01/2023,4.96,,R$ / litro,VIBRA ENERGIA,2023-11-21
SE,MG,CONTAGEM,POSTO TRES BARRAS LTDA,02.973.900/0001-40,RUA MANOEL PINHEIRO DINIZ,525,,PLANO DIR CONTAGEM,32041-140,GASOLINA,24/01/2023,4.76,,R$ / litro,VIBRA ENERGIA,2023-11-21
SE,MG,CONTAGEM,POSTO SUPREMO LTDA,02.738.100/0001-45,AVENIDA PRINCESA IZABEL,320,,PARQUE RECREIO,32110-000,ETANOL,24/01/2023,3.65,,R$ / litro,IPIRANGA,2023-11-21
SE,MG,CONTAGEM,POSTO SUPREMO LTDA,02.738.100/0001-45,AVENIDA PRINCESA IZABEL,320,,PARQUE RECREIO,32110-000,DIESEL S10,24/01/2023,6.29,,R$ / litro,IPIRANGA,2023-11-21
SE,MG,CONTAGEM,POSTO SUPREMO LTDA,02.738.100/0001-45,AVENIDA PRINCESA IZABEL,320,,PARQUE RECREIO,32110-000,DIESEL,24/01/2023,6.15,,R$ / litro,IPIRANGA,2023-11-21
SE,MG,CONTAGEM,POSTO SUPREMO LTDA,02.738.100/0001-45,AVENIDA PRINCESA IZABEL,320,,PARQUE RECREIO,32110-000,GASOLINA ADITIVADA,24/01/2023,4.82,,R$ / litro,IPIRANGA,2023-11-21
SE,MG,CONTAGEM,POSTO SUPREMO LTDA,02.738.100/0001-45,AVENIDA PRINCESA IZABEL,320,,PARQUE RECREIO,32110-000,GASOLINA,24/01/2023,4.69,,R$ / litro,IPIRANGA,2023-11-21
SE,MG,CONTAGEM,POSTO MISSISSIPPI LTDA,01.687.534/0001-09,AVENIDA ESTRELA DALVA,44,,JD.RIACHO DAS PEDRAS,32241-260,ETANOL,24/01/2023,3.78,,R$ / litro,BRANCA,2023-11-21
SE,MG,CONTAGEM,POSTO MISSISSIPPI LTDA,01.687.534/0001-09,AVENIDA ESTRELA DALVA,44,,JD.RIACHO DAS PEDRAS,32241-260,DIESEL S10,24/01/2023,6.07,,R$ / litro,BRANCA,2023-11-21
SE,MG,CONTAGEM,POSTO MISSISSIPPI LTDA,01.687.534/0001-09,AVENIDA ESTRELA DALVA,44,,JD.RIACHO DAS PEDRAS,32241-260,DIESEL,24/01/2023,5.97,,R$ / litro,BRANCA,2023-11-21
SE,MG,CONTAGEM,POSTO MISSISSIPPI LTDA,01.687.534/0001-09,AVENIDA ESTRELA DALVA,44,,JD.RIACHO DAS PEDRAS,32241-260,GASOLINA,24/01/2023,4.78,,R$ / litro,BRANCA,2023-11-21
SE,MG,CONTAGEM,POSTO TROVAO LTDA,01.333.257/0001-28,AVENIDA TITO FULGENCIO,1189,,JARDIM INDUSTRIAL,32215-000,ETANOL,23/01/2023,3.75,,R$ / litro,VIBRA ENERGIA,2023-11-21
SE,MG,CONTAGEM,POSTO TROVAO LTDA,01.333.257/0001-28,AVENIDA TITO FULGENCIO,1189,,JARDIM INDUSTRIAL,32215-000,DIESEL S10,23/01/2023,6.06,,R$ / litro,VIBRA ENERGIA,2023-11-21
SE,MG,CONTAGEM,POSTO TROVAO LTDA,01.333.257/0001-28,AVENIDA TITO FULGENCIO,1189,,JARDIM INDUSTRIAL,32215-000,DIESEL,23/01/2023,5.96,,R$ / litro,VIBRA ENERGIA,2023-11-21
SE,MG,CONTAGEM,POSTO TROVAO LTDA,01.333.257/0001-28,AVENIDA TITO FULGENCIO,1189,,JARDIM INDUSTRIAL,32215-000,GASOLINA,23/01/2023,4.75,,R$ / litro,VIBRA ENERGIA,2023-11-21
SE,MG,CONTAGEM,POSTO TROVAO LTDA,01.333.257/0001-28,AVENIDA TITO FULGENCIO,1189,,JARDIM INDUSTRIAL,32215-000,GNV,23/01/2023,4.87,,R$ / m³,VIBRA ENERGIA,2023-11-21
SE,MG,CONTAGEM,POSTO OKLAHOMA LTDA,00.688.814/0001-60,RUA TIRADENTES,1904,,INDUSTRIAL,32230-020,ETANOL,24/01/2023,3.77,,R$ / litro,RAIZEN,2023-11-21
SE,MG,CONTAGEM,POSTO OKLAHOMA LTDA,00.688.814/0001-60,RUA TIRADENTES,1904,,INDUSTRIAL,32230-020,DIESEL S10,24/01/2023,6.07,,R$ / litro,RAIZEN,2023-11-21
SE,MG,CONTAGEM,POSTO OKLAHOMA LTDA,00.688.814/0001-60,RUA TIRADENTES,1904,,INDUSTRIAL,32230-020,DIESEL,24/01/2023,5.97,,R$ / litro,RAIZEN,2023-11-21
SE,MG,CONTAGEM,POSTO OKLAHOMA LTDA,00.688.814/0001-60,RUA TIRADENTES,1904,,INDUSTRIAL,32230-020,GASOLINA ADITIVADA,24/01/2023,4.99,,R$ / litro,RAIZEN,2023-11-21
SE,MG,CONTAGEM,POSTO OKLAHOMA LTDA,00.688.814/0001-60,RUA TIRADENTES,1904,,INDUSTRIAL,32230-020,GASOLINA,24/01/2023,4.77,,R$ / litro,RAIZEN,2023-11-21
SE,MG,DIVINOPOLIS,PREMIUM COMERCIO DE COMBUSTIVEIS LTDA,08.326.895/0001-60,RUA GOIAS,1075,,CENTRO,35500-001,ETANOL,24/01/2023,3.99,,R$ / litro,IPIRANGA,2023-11-21
SE,MG,DIVINOPOLIS,PREMIUM COMERCIO DE COMBUSTIVEIS LTDA,08.326.895/0001-60,RUA GOIAS,1075,,CENTRO,35500-001,GASOLINA,24/01/2023,4.99,,R$ / litro,IPIRANGA,2023-11-21
SE,MG,DIVINOPOLIS,AUTO POSTO MATO GROSSO LTDA,03.014.698/0001-92,RUA MINAS GERAIS,1051,,CENTRO,35500-007,ETANOL,24/01/2023,3.76,,R$ / litro,BRANCA,2023-11-21
SE,MG,DIVINOPOLIS,AUTO POSTO MATO GROSSO LTDA,03.014.698/0001-92,RUA MINAS GERAIS,1051,,CENTRO,35500-007,DIESEL S10,24/01/2023,6.09,,R$ / litro,BRANCA,2023-11-21
SE,MG,DIVINOPOLIS,AUTO POSTO MATO GROSSO LTDA,03.014.698/0001-92,RUA MINAS GERAIS,1051,,CENTRO,35500-007,GASOLINA,24/01/2023,4.76,,R$ / litro,BRANCA,2023-11-21
SE,MG,DIVINOPOLIS,MASTER AUTO POSTO LTDA.,03.762.040/0001-69,AVENIDA JK,2135,,BOM PASTOR,35500-155,ETANOL,24/01/2023,3.75,,R$ / litro,VIBRA ENERGIA,2023-11-21
SE,MG,DIVINOPOLIS,MASTER AUTO POSTO LTDA.,03.762.040/0001-69,AVENIDA JK,2135,,BOM PASTOR,35500-155,DIESEL S10,24/01/2023,6.49,,R$ / litro,VIBRA ENERGIA,2023-11-21
SE,MG,DIVINOPOLIS,MASTER AUTO POSTO LTDA.,03.762.040/0001-69,AVENIDA JK,2135,,BOM PASTOR,35500-155,DIESEL,24/01/2023,6.39,,R$ / litro,VIBRA ENERGIA,2023-11-21
SE,MG,DIVINOPOLIS,MASTER AUTO POSTO LTDA.,03.762.040/0001-69,AVENIDA JK,2135,,BOM PASTOR,35500-155,GASOLINA ADITIVADA,24/01/2023,4.99,,R$ / litro,VIBRA ENERGIA,2023-11-21
SE,MG,DIVINOPOLIS,MASTER AUTO POSTO LTDA.,03.762.040/0001-69,AVENIDA JK,2135,,BOM PASTOR,35500-155,GASOLINA,24/01/2023,4.79,,R$ / litro,VIBRA ENERGIA,2023-11-21
SE,MG,DIVINOPOLIS,AUTO POSTO OLINDA LTDA,03.646.801/0001-17,RUA MARQUÊS DE OLINDA,501,,SÃO JOSÉ,35501-222,ETANOL,24/01/2023,3.69,,R$ / litro,BRANCA,2023-11-21
SE,MG,DIVINOPOLIS,AUTO POSTO OLINDA LTDA,03.646.801/0001-17,RUA MARQUÊS DE OLINDA,501,,SÃO JOSÉ,35501-222,DIESEL,24/01/2023,5.99,,R$ / litro,BRANCA,2023-11-21
SE,MG,DIVINOPOLIS,AUTO POSTO OLINDA LTDA,03.646.801/0001-17,RUA MARQUÊS DE OLINDA,501,,SÃO JOSÉ,35501-222,GASOLINA,24/01/2023,4.69,,R$ / litro,BRANCA,2023-11-21
SE,MG,DIVINOPOLIS,AUTO POSTO PEÇANHA LTDA.,05.052.425/0001-68,AVENIDA GOVERNADOR MAGALHÃES PINTO,251,,NITERÓI,35500-221,ETANOL,24/01/2023,3.69,,R$ / litro,BRANCA,2023-11-21
SE,MG,DIVINOPOLIS,AUTO POSTO PEÇANHA LTDA.,05.052.425/0001-68,AVENIDA GOVERNADOR MAGALHÃES PINTO,251,,NITERÓI,35500-221,DIESEL,24/01/2023,6.08,,R$ / litro,BRANCA,2023-11-21
SE,MG,DIVINOPOLIS,AUTO POSTO PEÇANHA LTDA.,05.052.425/0001-68,AVENIDA GOVERNADOR MAGALHÃES PINTO,251,,NITERÓI,35500-221,GASOLINA,24/01/2023,4.69,,R$ / litro,BRANCA,2023-11-21
SE,MG,DIVINOPOLIS,AUTO POSTO INTERLAGOS LTDA,03.646.827/0001-65,RUA DOLORES DE AGUIAR RABELO,358,,INTERLAGOS,35500-491,ETANOL,24/01/2023,3.69,,R$ / litro,BRANCA,2023-11-21
SE,MG,DIVINOPOLIS,AUTO POSTO INTERLAGOS LTDA,03.646.827/0001-65,RUA DOLORES DE AGUIAR RABELO,358,,INTERLAGOS,35500-491,DIESEL,24/01/2023,5.99,,R$ / litro,BRANCA,2023-11-21
SE,MG,DIVINOPOLIS,AUTO POSTO INTERLAGOS LTDA,03.646.827/0001-65,RUA DOLORES DE AGUIAR RABELO,358,,INTERLAGOS,35500-491,GASOLINA,24/01/2023,4.69,,R$ / litro,BRANCA,2023-11-21
SE,MG,DIVINOPOLIS,POSTO MINAS GERAIS LTDA,16.773.939/0001-29,RUA GOIAS,585,,PORTO VELHO,35500-433,ETANOL,24/01/2023,3.9,,R$ / litro,BRANCA,2023-11-21
SE,MG,DIVINOPOLIS,POSTO MINAS GERAIS LTDA,16.773.939/0001-29,RUA GOIAS,585,,PORTO VELHO,35500-433,DIESEL S10,24/01/2023,6.38,,R$ / litro,BRANCA,2023-11-21
SE,MG,DIVINOPOLIS,POSTO MINAS GERAIS LTDA,16.773.939/0001-29,RUA GOIAS,585,,PORTO VELHO,35500-433,DIESEL,24/01/2023,6.28,,R$ / litro,BRANCA,2023-11-21
SE,MG,DIVINOPOLIS,POSTO MINAS GERAIS LTDA,16.773.939/0001-29,RUA GOIAS,585,,PORTO VELHO,35500-433,GASOLINA,24/01/2023,5,,R$ / litro,BRANCA,2023-11-21
SE,MG,DIVINOPOLIS,AUTO POSTO AUTORAMA LTDA,03.646.861/0001-30,AVENIDA AUTORAMA,525,,SAO JUDAS TADEU,35501-221,ETANOL,24/01/2023,3.68,,R$ / litro,BRANCA,2023-11-21
SE,MG,DIVINOPOLIS,AUTO POSTO AUTORAMA LTDA,03.646.861/0001-30,AVENIDA AUTORAMA,525,,SAO JUDAS TADEU,35501-221,DIESEL,24/01/2023,6.09,,R$ / litro,BRANCA,2023-11-21
SE,MG,DIVINOPOLIS,AUTO POSTO AUTORAMA LTDA,03.646.861/0001-30,AVENIDA AUTORAMA,525,,SAO JUDAS TADEU,35501-221,GASOLINA,24/01/2023,4.68,,R$ / litro,BRANCA,2023-11-21
SE,MG,DIVINOPOLIS,AUTO POSTO SC LTDA,02.391.574/0001-63,AVENIDA SETE DE SETEMBRO,740,,SANTA CLARA,35500-188,ETANOL,24/01/2023,4.14,,R$ / litro,VIBRA ENERGIA,2023-11-21
SE,MG,DIVINOPOLIS,AUTO POSTO SC LTDA,02.391.574/0001-63,AVENIDA SETE DE SETEMBRO,740,,SANTA CLARA,35500-188,GASOLINA ADITIVADA,24/01/2023,5.19,,R$ / litro,VIBRA ENERGIA,2023-11-21
SE,MG,DIVINOPOLIS,AUTO POSTO SC LTDA,02.391.574/0001-63,AVENIDA SETE DE SETEMBRO,740,,SANTA CLARA,35500-188,GASOLINA,24/01/2023,5.04,,R$ / litro,VIBRA ENERGIA,2023-11-21
SE,MG,DIVINOPOLIS,COMERCIAL GIULIANO LIMITADA,02.170.578/0001-11,RUA PERNAMBUCO,1200,,CENTRO,35500-008,GASOLINA ADITIVADA,24/01/2023,5.29,,R$ / litro,VIBRA ENERGIA,2023-11-21
SE,MG,DIVINOPOLIS,COMERCIAL GIULIANO LIMITADA,02.170.578/0001-11,RUA PERNAMBUCO,1200,,CENTRO,35500-008,GASOLINA,24/01/2023,4.99,,R$ / litro,VIBRA ENERGIA,2023-11-21
SE,MG,FORMIGA,2000 ABASTECIMENTO E SERVICOS LTDA,03.896.246/0001-81,AVENIDA ABILIO MACHADO,300,,SAGR COR DE JESUS,35570-000,ETANOL,24/01/2023,3.99,,R$ / litro,BRANCA,2023-11-21
SE,MG,FORMIGA,2000 ABASTECIMENTO E SERVICOS LTDA,03.896.246/0001-81,AVENIDA ABILIO MACHADO,300,,SAGR COR DE JESUS,35570-000,DIESEL S10,24/01/2023,6.09,,R$ / litro,BRANCA,2023-11-21
SE,MG,FORMIGA,2000 ABASTECIMENTO E SERVICOS LTDA,03.896.246/0001-81,AVENIDA ABILIO MACHADO,300,,SAGR COR DE JESUS,35570-000,GASOLINA ADITIVADA,24/01/2023,5.19,,R$ / litro,BRANCA,2023-11-21
SE,MG,FORMIGA,2000 ABASTECIMENTO E SERVICOS LTDA,03.896.246/0001-81,AVENIDA ABILIO MACHADO,300,,SAGR COR DE JESUS,35570-000,GASOLINA,24/01/2023,5.09,,R$ / litro,BRANCA,2023-11-21
SE,MG,FORMIGA,POSTO JIPAO LTDA,02.217.881/0001-22,AVENIDA BRASIL,1100,,MANGABEIRAS,35570-000,ETANOL,24/01/2023,3.72,,R$ / litro,BRANCA,2023-11-21
SE,MG,FORMIGA,POSTO JIPAO LTDA,02.217.881/0001-22,AVENIDA BRASIL,1100,,MANGABEIRAS,35570-000,DIESEL S10,24/01/2023,5.76,,R$ / litro,BRANCA,2023-11-21
SE,MG,FORMIGA,POSTO JIPAO LTDA,02.217.881/0001-22,AVENIDA BRASIL,1100,,MANGABEIRAS,35570-000,GASOLINA,24/01/2023,4.77,,R$ / litro,BRANCA,2023-11-21
SE,MG,FRUTAL,AUTO POSTO AVENIDAS FRUTAL LTDA,05.266.995/0001-50,AVENIDA BRASILIA,130,,N SRA APARECIDA,38200-000,ETANOL,25/01/2023,3.48,,R$ / litro,BRANCA,2023-11-21
SE,MG,FRUTAL,AUTO POSTO AVENIDAS FRUTAL LTDA,05.266.995/0001-50,AVENIDA BRASILIA,130,,N SRA APARECIDA,38200-000,DIESEL S10,25/01/2023,5.88,,R$ / litro,BRANCA,2023-11-21
SE,MG,FRUTAL,AUTO POSTO AVENIDAS FRUTAL LTDA,05.266.995/0001-50,AVENIDA BRASILIA,130,,N SRA APARECIDA,38200-000,DIESEL,25/01/2023,5.84,,R$ / litro,BRANCA,2023-11-21
SE,MG,FRUTAL,AUTO POSTO AVENIDAS FRUTAL LTDA,05.266.995/0001-50,AVENIDA BRASILIA,130,,N SRA APARECIDA,38200-000,GASOLINA,25/01/2023,4.99,,R$ / litro,BRANCA,2023-11-21
SE,MG,FRUTAL,POSTO DO PAULO LTDA,21.656.293/0001-30,AVENIDA JOSE DE ALENCAR,755,,NS DO CARMO,38200-000,ETANOL,25/01/2023,3.48,,R$ / litro,CIAPETRO,2023-11-21
SE,MG,FRUTAL,POSTO DO PAULO LTDA,21.656.293/0001-30,AVENIDA JOSE DE ALENCAR,755,,NS DO CARMO,38200-000,DIESEL,25/01/2023,5.84,,R$ / litro,CIAPETRO,2023-11-21
SE,MG,FRUTAL,POSTO DO PAULO LTDA,21.656.293/0001-30,AVENIDA JOSE DE ALENCAR,755,,NS DO CARMO,38200-000,GASOLINA,25/01/2023,4.68,,R$ / litro,CIAPETRO,2023-11-21
SE,MG,FRUTAL,AUTO POSTO FAROL DA PRACA LTDA,04.631.268/0001-82,RUA DELFIM MOREIRA,102,,CENTRO,38200-000,ETANOL,25/01/2023,4.19,,R$ / litro,VIBRA ENERGIA,2023-11-21
SE,MG,FRUTAL,AUTO POSTO FAROL DA PRACA LTDA,04.631.268/0001-82,RUA DELFIM MOREIRA,102,,CENTRO,38200-000,DIESEL S10,25/01/2023,7.39,,R$ / litro,VIBRA ENERGIA,2023-11-21
SE,MG,FRUTAL,AUTO POSTO FAROL DA PRACA LTDA,04.631.268/0001-82,RUA DELFIM MOREIRA,102,,CENTRO,38200-000,GASOLINA,25/01/2023,5.59,,R$ / litro,VIBRA ENERGIA,2023-11-21
SE,MG,FRUTAL,BELA VISTA PETRO LTDA,03.068.322/0001-60,"RODOVIA BR 364 KM 30,5",SN,,ZONA RURAL,38200-000,ETANOL,25/01/2023,3.94,,R$ / litro,ALESAT,2023-11-21
SE,MG,FRUTAL,BELA VISTA PETRO LTDA,03.068.322/0001-60,"RODOVIA BR 364 KM 30,5",SN,,ZONA RURAL,38200-000,DIESEL S10,25/01/2023,6.37,,R$ / litro,ALESAT,2023-11-21
SE,MG,FRUTAL,BELA VISTA PETRO LTDA,03.068.322/0001-60,"RODOVIA BR 364 KM 30,5",SN,,ZONA RURAL,38200-000,DIESEL,25/01/2023,6.29,,R$ / litro,ALESAT,2023-11-21
SE,MG,FRUTAL,BELA VISTA PETRO LTDA,03.068.322/0001-60,"RODOVIA BR 364 KM 30,5",SN,,ZONA RURAL,38200-000,GASOLINA ADITIVADA,25/01/2023,5.15,,R$ / litro,ALESAT,2023-11-21
SE,MG,FRUTAL,BELA VISTA PETRO LTDA,03.068.322/0001-60,"RODOVIA BR 364 KM 30,5",SN,,ZONA RURAL,38200-000,GASOLINA,25/01/2023,4.99,,R$ / litro,ALESAT,2023-11-21
SE,MG,GOVERNADOR VALADARES,POSTO SECULO XXI LTDA,01.493.366/0001-02,AVENIDA DOUTOR RAIMUNDO MONTEIRO REZENDE,4345,,ALTINOPOLIS,35053-680,ETANOL,23/01/2023,3.89,,R$ / litro,IPIRANGA,2023-11-21
SE,MG,GOVERNADOR VALADARES,POSTO SECULO XXI LTDA,01.493.366/0001-02,AVENIDA DOUTOR RAIMUNDO MONTEIRO REZENDE,4345,,ALTINOPOLIS,35053-680,DIESEL S10,23/01/2023,6.19,,R$ / litro,IPIRANGA,2023-11-21
SE,MG,GOVERNADOR VALADARES,POSTO SECULO XXI LTDA,01.493.366/0001-02,AVENIDA DOUTOR RAIMUNDO MONTEIRO REZENDE,4345,,ALTINOPOLIS,35053-680,GASOLINA ADITIVADA,23/01/2023,5.13,,R$ / litro,IPIRANGA,2023-11-21
SE,MG,GOVERNADOR VALADARES,POSTO SECULO XXI LTDA,01.493.366/0001-02,AVENIDA DOUTOR RAIMUNDO MONTEIRO REZENDE,4345,,ALTINOPOLIS,35053-680,GASOLINA,23/01/2023,4.98,,R$ / litro,IPIRANGA,2023-11-21
SE,MG,GOVERNADOR VALADARES,REDE GEFS POSTOS DE SERVIÇOS LTDA.,16.947.509/0003-48,AVENIDA J. K.,1792,,VILA BRETAS,35030-210,ETANOL,23/01/2023,3.95,,R$ / litro,IPIRANGA,2023-11-21
SE,MG,GOVERNADOR VALADARES,REDE GEFS POSTOS DE SERVIÇOS LTDA.,16.947.509/0003-48,AVENIDA J. K.,1792,,VILA BRETAS,35030-210,DIESEL S10,23/01/2023,6.4,,R$ / litro,IPIRANGA,2023-11-21
SE,MG,GOVERNADOR VALADARES,REDE GEFS POSTOS DE SERVIÇOS LTDA.,16.947.509/0003-48,AVENIDA J. K.,1792,,VILA BRETAS,35030-210,DIESEL,23/01/2023,6.49,,R$ / litro,IPIRANGA,2023-11-21
SE,MG,GOVERNADOR VALADARES,REDE GEFS POSTOS DE SERVIÇOS LTDA.,16.947.509/0003-48,AVENIDA J. K.,1792,,VILA BRETAS,35030-210,GASOLINA,23/01/2023,5,,R$ / litro,IPIRANGA,2023-11-21
SE,MG,GOVERNADOR VALADARES,CM COMERCIO DE COMBUSTIVEIS SP LTDA,07.668.145/0001-04,AVENIDA MOACIR PALETA,307,,SAO PEDRO,35020-360,ETANOL,24/01/2023,3.88,,R$ / litro,BRANCA,2023-11-21
SE,MG,GOVERNADOR VALADARES,CM COMERCIO DE COMBUSTIVEIS SP LTDA,07.668.145/0001-04,AVENIDA MOACIR PALETA,307,,SAO PEDRO,35020-360,DIESEL S10,24/01/2023,6.05,,R$ / litro,BRANCA,2023-11-21
SE,MG,GOVERNADOR VALADARES,CM COMERCIO DE COMBUSTIVEIS SP LTDA,07.668.145/0001-04,AVENIDA MOACIR PALETA,307,,SAO PEDRO,35020-360,GASOLINA ADITIVADA,24/01/2023,5.04,,R$ / litro,BRANCA,2023-11-21
SE,MG,GOVERNADOR VALADARES,CM COMERCIO DE COMBUSTIVEIS SP LTDA,07.668.145/0001-04,AVENIDA MOACIR PALETA,307,,SAO PEDRO,35020-360,GASOLINA,24/01/2023,4.94,,R$ / litro,BRANCA,2023-11-21
SE,MG,GOVERNADOR VALADARES,AUTO POSTO BELO VALE LTDA,03.605.837/0001-52,AVENIDA RIO BAHIA,418,,VILA BRETAS,35030-000,ETANOL,23/01/2023,3.89,,R$ / litro,IPIRANGA,2023-11-21
SE,MG,GOVERNADOR VALADARES,AUTO POSTO BELO VALE LTDA,03.605.837/0001-52,AVENIDA RIO BAHIA,418,,VILA BRETAS,35030-000,DIESEL S10,23/01/2023,6.19,,R$ / litro,IPIRANGA,2023-11-21
SE,MG,GOVERNADOR VALADARES,AUTO POSTO BELO VALE LTDA,03.605.837/0001-52,AVENIDA RIO BAHIA,418,,VILA BRETAS,35030-000,DIESEL,23/01/2023,5.99,,R$ / litro,IPIRANGA,2023-11-21
SE,MG,GOVERNADOR VALADARES,AUTO POSTO BELO VALE LTDA,03.605.837/0001-52,AVENIDA RIO BAHIA,418,,VILA BRETAS,35030-000,GASOLINA ADITIVADA,23/01/2023,5.13,,R$ / litro,IPIRANGA,2023-11-21
SE,MG,GOVERNADOR VALADARES,AUTO POSTO BELO VALE LTDA,03.605.837/0001-52,AVENIDA RIO BAHIA,418,,VILA BRETAS,35030-000,GASOLINA,23/01/2023,4.98,,R$ / litro,IPIRANGA,2023-11-21
SE,MG,GOVERNADOR VALADARES,POSTO MG7 LTDA,06.165.449/0001-96,AVENIDA ENGENHEIRO ROBERTO LASSANCE,939,,VILA ISA,35044-080,ETANOL,23/01/2023,3.92,,R$ / litro,IPIRANGA,2023-11-21
SE,MG,GOVERNADOR VALADARES,POSTO MG7 LTDA,06.165.449/0001-96,AVENIDA ENGENHEIRO ROBERTO LASSANCE,939,,VILA ISA,35044-080,DIESEL S10,23/01/2023,6.57,,R$ / litro,IPIRANGA,2023-11-21
SE,MG,GOVERNADOR VALADARES,POSTO MG7 LTDA,06.165.449/0001-96,AVENIDA ENGENHEIRO ROBERTO LASSANCE,939,,VILA ISA,35044-080,DIESEL,23/01/2023,6.47,,R$ / litro,IPIRANGA,2023-11-21
SE,MG,GOVERNADOR VALADARES,POSTO MG7 LTDA,06.165.449/0001-96,AVENIDA ENGENHEIRO ROBERTO LASSANCE,939,,VILA ISA,35044-080,GASOLINA ADITIVADA,23/01/2023,5.08,,R$ / litro,IPIRANGA,2023-11-21
SE,MG,GOVERNADOR VALADARES,POSTO MG7 LTDA,06.165.449/0001-96,AVENIDA ENGENHEIRO ROBERTO LASSANCE,939,,VILA ISA,35044-080,GASOLINA,23/01/2023,4.98,,R$ / litro,IPIRANGA,2023-11-21
SE,MG,GOVERNADOR VALADARES,NORTE GV COMBUSTIVEIS LTDA,06.289.407/0001-67,AVENIDA JK,1150,,SAO PAULO,35030-210,ETANOL,23/01/2023,3.87,,R$ / litro,IPIRANGA,2023-11-21
SE,MG,GOVERNADOR VALADARES,NORTE GV COMBUSTIVEIS LTDA,06.289.407/0001-67,AVENIDA JK,1150,,SAO PAULO,35030-210,DIESEL S10,23/01/2023,6.03,,R$ / litro,IPIRANGA,2023-11-21
SE,MG,GOVERNADOR VALADARES,NORTE GV COMBUSTIVEIS LTDA,06.289.407/0001-67,AVENIDA JK,1150,,SAO PAULO,35030-210,GASOLINA ADITIVADA,23/01/2023,5.02,,R$ / litro,IPIRANGA,2023-11-21
SE,MG,GOVERNADOR VALADARES,AUTO POSTO SETE DE SETEMBRO LTDA,01.124.003/0001-08,RUA SETE DE SETEMBRO,3142,,CENTRO,35010-173,ETANOL,24/01/2023,3.87,,R$ / litro,ALESAT,2023-11-21
SE,MG,GOVERNADOR VALADARES,AUTO POSTO SETE DE SETEMBRO LTDA,01.124.003/0001-08,RUA SETE DE SETEMBRO,3142,,CENTRO,35010-173,DIESEL S10,24/01/2023,6.09,,R$ / litro,ALESAT,2023-11-21
SE,MG,GOVERNADOR VALADARES,AUTO POSTO SETE DE SETEMBRO LTDA,01.124.003/0001-08,RUA SETE DE SETEMBRO,3142,,CENTRO,35010-173,GASOLINA,24/01/2023,4.92,,R$ / litro,ALESAT,2023-11-21
SE,MG,GOVERNADOR VALADARES,POSTO DO JAIRO LTDA,16.549.503/0001-50,AVENIDA RIO BAHIA,849,,VILA ISA,35042-270,ETANOL,23/01/2023,4.08,,R$ / litro,VIBRA ENERGIA,2023-11-21
SE,MG,GOVERNADOR VALADARES,POSTO DO JAIRO LTDA,16.549.503/0001-50,AVENIDA RIO BAHIA,849,,VILA ISA,35042-270,DIESEL S10,23/01/2023,6.22,,R$ / litro,VIBRA ENERGIA,2023-11-21
SE,MG,GOVERNADOR VALADARES,POSTO DO JAIRO LTDA,16.549.503/0001-50,AVENIDA RIO BAHIA,849,,VILA ISA,35042-270,DIESEL,23/01/2023,6.12,,R$ / litro,VIBRA ENERGIA,2023-11-21
SE,MG,GOVERNADOR VALADARES,POSTO DO JAIRO LTDA,16.549.503/0001-50,AVENIDA RIO BAHIA,849,,VILA ISA,35042-270,GASOLINA,23/01/2023,4.98,,R$ / litro,VIBRA ENERGIA,2023-11-21
SE,MG,GOVERNADOR VALADARES,POSTO DE COMBUSTIVEIS ACUCAREIRA LTDA,01.459.018/0001-19,RUA MOACIR PALETA,500,,SANTOS DUMONT,35020-360,ETANOL,24/01/2023,3.99,,R$ / litro,ALESAT,2023-11-21
SE,MG,GOVERNADOR VALADARES,POSTO DE COMBUSTIVEIS ACUCAREIRA LTDA,01.459.018/0001-19,RUA MOACIR PALETA,500,,SANTOS DUMONT,35020-360,DIESEL S10,24/01/2023,6.29,,R$ / litro,ALESAT,2023-11-21
SE,MG,GOVERNADOR VALADARES,POSTO DE COMBUSTIVEIS ACUCAREIRA LTDA,01.459.018/0001-19,RUA MOACIR PALETA,500,,SANTOS DUMONT,35020-360,DIESEL,24/01/2023,6.19,,R$ / litro,ALESAT,2023-11-21
SE,MG,GOVERNADOR VALADARES,POSTO DE COMBUSTIVEIS ACUCAREIRA LTDA,01.459.018/0001-19,RUA MOACIR PALETA,500,,SANTOS DUMONT,35020-360,GASOLINA ADITIVADA,24/01/2023,5.29,,R$ / litro,ALESAT,2023-11-21
SE,MG,GOVERNADOR VALADARES,POSTO DE COMBUSTIVEIS ACUCAREIRA LTDA,01.459.018/0001-19,RUA MOACIR PALETA,500,,SANTOS DUMONT,35020-360,GASOLINA,24/01/2023,5.09,,R$ / litro,ALESAT,2023-11-21
SE,MG,GOVERNADOR VALADARES,POSTO JK COMBUSTIVEIS LTDA,00.785.427/0001-42,AVENIDA JK,1639,,VILA BRETAS,35030-210,ETANOL,23/01/2023,3.87,,R$ / litro,BRANCA,2023-11-21
SE,MG,GOVERNADOR VALADARES,POSTO JK COMBUSTIVEIS LTDA,00.785.427/0001-42,AVENIDA JK,1639,,VILA BRETAS,35030-210,GASOLINA,23/01/2023,4.92,,R$ / litro,BRANCA,2023-11-21
SE,MG,GUAXUPE,VIOLETA GUAXUPE AUTO POSTO LTDA,05.791.087/0001-86,AVENIDA CONDE RIBEIRO DO VALLE,920,,JD DOS INCONFIDENTES,37800-000,ETANOL,24/01/2023,3.69,,R$ / litro,BRANCA,2023-11-21
SE,MG,GUAXUPE,VIOLETA GUAXUPE AUTO POSTO LTDA,05.791.087/0001-86,AVENIDA CONDE RIBEIRO DO VALLE,920,,JD DOS INCONFIDENTES,37800-000,DIESEL S10,24/01/2023,6.39,,R$ / litro,BRANCA,2023-11-21
SE,MG,GUAXUPE,VIOLETA GUAXUPE AUTO POSTO LTDA,05.791.087/0001-86,AVENIDA CONDE RIBEIRO DO VALLE,920,,JD DOS INCONFIDENTES,37800-000,GASOLINA ADITIVADA,24/01/2023,4.8,,R$ / litro,BRANCA,2023-11-21
SE,MG,GUAXUPE,VIOLETA GUAXUPE AUTO POSTO LTDA,05.791.087/0001-86,AVENIDA CONDE RIBEIRO DO VALLE,920,,JD DOS INCONFIDENTES,37800-000,GASOLINA,24/01/2023,4.79,,R$ / litro,BRANCA,2023-11-21
SE,MG,GUAXUPE,AUTO POSTO ILHABELA LTDA,05.553.336/0001-03,AVENIDA FELIPE ELIAS ZEITUNE,2886,,VILA PROGRESSO,37800-000,ETANOL,24/01/2023,3.52,,R$ / litro,BRANCA,2023-11-21
SE,MG,GUAXUPE,AUTO POSTO ILHABELA LTDA,05.553.336/0001-03,AVENIDA FELIPE ELIAS ZEITUNE,2886,,VILA PROGRESSO,37800-000,DIESEL S10,24/01/2023,5.76,,R$ / litro,BRANCA,2023-11-21
SE,MG,GUAXUPE,AUTO POSTO ILHABELA LTDA,05.553.336/0001-03,AVENIDA FELIPE ELIAS ZEITUNE,2886,,VILA PROGRESSO,37800-000,DIESEL,24/01/2023,5.84,,R$ / litro,BRANCA,2023-11-21
SE,MG,GUAXUPE,AUTO POSTO ILHABELA LTDA,05.553.336/0001-03,AVENIDA FELIPE ELIAS ZEITUNE,2886,,VILA PROGRESSO,37800-000,GASOLINA ADITIVADA,24/01/2023,4.62,,R$ / litro,BRANCA,2023-11-21
SE,MG,GUAXUPE,AUTO POSTO ILHABELA LTDA,05.553.336/0001-03,AVENIDA FELIPE ELIAS ZEITUNE,2886,,VILA PROGRESSO,37800-000,GASOLINA,24/01/2023,4.52,,R$ / litro,BRANCA,2023-11-21
SE,MG,GUAXUPE,POSTO DON INACIO LTDA,17.015.132/0001-90,AVENIDA DONA FLORIANA,1709,0,CENTRO,37800-000,ETANOL,24/01/2023,3.79,,R$ / litro,BRANCA,2023-11-21
SE,MG,GUAXUPE,POSTO DON INACIO LTDA,17.015.132/0001-90,AVENIDA DONA FLORIANA,1709,0,CENTRO,37800-000,DIESEL S10,24/01/2023,6.09,,R$ / litro,BRANCA,2023-11-21
SE,MG,GUAXUPE,POSTO DON INACIO LTDA,17.015.132/0001-90,AVENIDA DONA FLORIANA,1709,0,CENTRO,37800-000,DIESEL,24/01/2023,5.99,,R$ / litro,BRANCA,2023-11-21
SE,MG,GUAXUPE,POSTO DON INACIO LTDA,17.015.132/0001-90,AVENIDA DONA FLORIANA,1709,0,CENTRO,37800-000,GASOLINA ADITIVADA,24/01/2023,4.89,,R$ / litro,BRANCA,2023-11-21
SE,MG,GUAXUPE,POSTO DON INACIO LTDA,17.015.132/0001-90,AVENIDA DONA FLORIANA,1709,0,CENTRO,37800-000,GASOLINA,24/01/2023,4.79,,R$ / litro,BRANCA,2023-11-21
SE,MG,GUAXUPE,POSTO MANTOVANI AVENIDA LTDA,02.047.542/0001-45,RUA PADRE JOAO JOSE,20,,CENTRO,37800-000,ETANOL,24/01/2023,3.52,,R$ / litro,VIBRA ENERGIA,2023-11-21
SE,MG,GUAXUPE,POSTO MANTOVANI AVENIDA LTDA,02.047.542/0001-45,RUA PADRE JOAO JOSE,20,,CENTRO,37800-000,DIESEL S10,24/01/2023,5.76,,R$ / litro,VIBRA ENERGIA,2023-11-21
SE,MG,GUAXUPE,POSTO MANTOVANI AVENIDA LTDA,02.047.542/0001-45,RUA PADRE JOAO JOSE,20,,CENTRO,37800-000,GASOLINA,24/01/2023,4.52,,R$ / litro,VIBRA ENERGIA,2023-11-21
SE,MG,GUAXUPE,SAO PAULO MINAS COMERCIO DERIVADOS DE PETROLEO LTDA.,05.282.048/0002-34,AVENIDA FELIPE ELIAS ZEITUNE,130,,CENTRO,37800-000,ETANOL,24/01/2023,3.8,,R$ / litro,BRANCA,2023-11-21
SE,MG,GUAXUPE,SAO PAULO MINAS COMERCIO DERIVADOS DE PETROLEO LTDA.,05.282.048/0002-34,AVENIDA FELIPE ELIAS ZEITUNE,130,,CENTRO,37800-000,DIESEL S10,24/01/2023,6.28,,R$ / litro,BRANCA,2023-11-21
SE,MG,GUAXUPE,SAO PAULO MINAS COMERCIO DERIVADOS DE PETROLEO LTDA.,05.282.048/0002-34,AVENIDA FELIPE ELIAS ZEITUNE,130,,CENTRO,37800-000,DIESEL,24/01/2023,6.18,,R$ / litro,BRANCA,2023-11-21
SE,MG,GUAXUPE,SAO PAULO MINAS COMERCIO DERIVADOS DE PETROLEO LTDA.,05.282.048/0002-34,AVENIDA FELIPE ELIAS ZEITUNE,130,,CENTRO,37800-000,GASOLINA ADITIVADA,24/01/2023,4.89,,R$ / litro,BRANCA,2023-11-21
SE,MG,GUAXUPE,SAO PAULO MINAS COMERCIO DERIVADOS DE PETROLEO LTDA.,05.282.048/0002-34,AVENIDA FELIPE ELIAS ZEITUNE,130,,CENTRO,37800-000,GASOLINA,24/01/2023,4.84,,R$ / litro,BRANCA,2023-11-21
SE,MG,IPATINGA,AUTO POSTO REDE SOUZA LTDA,05.907.822/0018-12,RUA CRISANTEMO,635,,ESPERANCA,35162-321,ETANOL,23/01/2023,3.99,,R$ / litro,VIBRA ENERGIA,2023-11-21
SE,MG,IPATINGA,AUTO POSTO REDE SOUZA LTDA,05.907.822/0018-12,RUA CRISANTEMO,635,,ESPERANCA,35162-321,GASOLINA ADITIVADA,23/01/2023,5.12,,R$ / litro,VIBRA ENERGIA,2023-11-21
SE,MG,IPATINGA,AUTO POSTO REDE SOUZA LTDA,05.907.822/0018-12,RUA CRISANTEMO,635,,ESPERANCA,35162-321,GASOLINA,23/01/2023,4.95,,R$ / litro,VIBRA ENERGIA,2023-11-21
SE,MG,IPATINGA,C & R REVENDA DE PETRÓLEO LTDA.,07.999.649/0001-07,AVENIDA CLÁUDIO MOURA,2309,,CENTRO,35160-033,ETANOL,23/01/2023,3.99,,R$ / litro,ALESAT,2023-11-21
SE,MG,IPATINGA,C & R REVENDA DE PETRÓLEO LTDA.,07.999.649/0001-07,AVENIDA CLÁUDIO MOURA,2309,,CENTRO,35160-033,DIESEL S10,23/01/2023,6.56,,R$ / litro,ALESAT,2023-11-21
SE,MG,IPATINGA,C & R REVENDA DE PETRÓLEO LTDA.,07.999.649/0001-07,AVENIDA CLÁUDIO MOURA,2309,,CENTRO,35160-033,DIESEL,23/01/2023,6.46,,R$ / litro,ALESAT,2023-11-21
SE,MG,IPATINGA,C & R REVENDA DE PETRÓLEO LTDA.,07.999.649/0001-07,AVENIDA CLÁUDIO MOURA,2309,,CENTRO,35160-033,GASOLINA ADITIVADA,23/01/2023,5.59,,R$ / litro,ALESAT,2023-11-21
SE,MG,IPATINGA,C & R REVENDA DE PETRÓLEO LTDA.,07.999.649/0001-07,AVENIDA CLÁUDIO MOURA,2309,,CENTRO,35160-033,GASOLINA,23/01/2023,4.99,,R$ / litro,ALESAT,2023-11-21
SE,MG,IPATINGA,AUTO POSTO REDE SOUZA LTDA,05.907.822/0001-74,RUA MORUBIXABA,40,,IGUACU,35162-097,ETANOL,23/01/2023,3.99,,R$ / litro,VIBRA ENERGIA,2023-11-21
SE,MG,IPATINGA,AUTO POSTO REDE SOUZA LTDA,05.907.822/0001-74,RUA MORUBIXABA,40,,IGUACU,35162-097,GASOLINA ADITIVADA,23/01/2023,5.12,,R$ / litro,VIBRA ENERGIA,2023-11-21
SE,MG,IPATINGA,AUTO POSTO REDE SOUZA LTDA,05.907.822/0001-74,RUA MORUBIXABA,40,,IGUACU,35162-097,GASOLINA,23/01/2023,4.95,,R$ / litro,VIBRA ENERGIA,2023-11-21
SE,MG,IPATINGA,POSTO AMIZADE LTDA,05.114.354/0001-80,JOSE JULIO DA COSTA,1625,,IDEAL,35162-189,ETANOL,23/01/2023,3.95,,R$ / litro,VIBRA ENERGIA,2023-11-21
SE,MG,IPATINGA,POSTO AMIZADE LTDA,05.114.354/0001-80,JOSE JULIO DA COSTA,1625,,IDEAL,35162-189,GASOLINA,23/01/2023,4.83,,R$ / litro,VIBRA ENERGIA,2023-11-21
SE,MG,IPATINGA,POSTO GENTIL IPATINGA LTDA,05.120.495/0001-06,AVENIDA JUSCELINO KUBITSCHEK,1085,,JARDIM PANORAMA,35164-245,ETANOL,23/01/2023,3.85,,R$ / litro,BRANCA,2023-11-21
SE,MG,IPATINGA,POSTO GENTIL IPATINGA LTDA,05.120.495/0001-06,AVENIDA JUSCELINO KUBITSCHEK,1085,,JARDIM PANORAMA,35164-245,GASOLINA,23/01/2023,4.95,,R$ / litro,BRANCA,2023-11-21
SE,MG,IPATINGA,POSTOS DE SERVICOS PARQUE IPANEMA LTDA,04.075.433/0001-67,AVENIDA GUIDO MARLIERI,225,,IGUACU,35162-072,ETANOL,23/01/2023,3.89,,R$ / litro,BRANCA,2023-11-21
SE,MG,IPATINGA,POSTOS DE SERVICOS PARQUE IPANEMA LTDA,04.075.433/0001-67,AVENIDA GUIDO MARLIERI,225,,IGUACU,35162-072,DIESEL S10,23/01/2023,6.09,,R$ / litro,BRANCA,2023-11-21
SE,MG,IPATINGA,POSTOS DE SERVICOS PARQUE IPANEMA LTDA,04.075.433/0001-67,AVENIDA GUIDO MARLIERI,225,,IGUACU,35162-072,GASOLINA,23/01/2023,4.89,,R$ / litro,BRANCA,2023-11-21
SE,MG,IPATINGA,AUTO POSTO BETEL LTDA - EPP,02.933.359/0001-47,AVENIDA MONTEIRO LOBATO,730,,CIDADE NOBRE,35162-394,ETANOL,24/01/2023,3.95,,R$ / litro,VIBRA ENERGIA,2023-11-21
SE,MG,IPATINGA,AUTO POSTO BETEL LTDA - EPP,02.933.359/0001-47,AVENIDA MONTEIRO LOBATO,730,,CIDADE NOBRE,35162-394,DIESEL S10,24/01/2023,6.09,,R$ / litro,VIBRA ENERGIA,2023-11-21
SE,MG,IPATINGA,AUTO POSTO BETEL LTDA - EPP,02.933.359/0001-47,AVENIDA MONTEIRO LOBATO,730,,CIDADE NOBRE,35162-394,DIESEL,24/01/2023,5.99,,R$ / litro,VIBRA ENERGIA,2023-11-21
SE,MG,IPATINGA,AUTO POSTO BETEL LTDA - EPP,02.933.359/0001-47,AVENIDA MONTEIRO LOBATO,730,,CIDADE NOBRE,35162-394,GASOLINA ADITIVADA,24/01/2023,5.05,,R$ / litro,VIBRA ENERGIA,2023-11-21
SE,MG,IPATINGA,AUTO POSTO BETEL LTDA - EPP,02.933.359/0001-47,AVENIDA MONTEIRO LOBATO,730,,CIDADE NOBRE,35162-394,GASOLINA,24/01/2023,4.89,,R$ / litro,VIBRA ENERGIA,2023-11-21
SE,MG,ITAUNA,CENTER POSTO LTDA,02.470.627/0002-12,RUA QUINZE DE NOVEMBRO,1526,,PIEDADE,35680-258,ETANOL,23/01/2023,3.75,,R$ / litro,VIBRA ENERGIA,2023-11-21
SE,MG,ITAUNA,CENTER POSTO LTDA,02.470.627/0002-12,RUA QUINZE DE NOVEMBRO,1526,,PIEDADE,35680-258,DIESEL,23/01/2023,5.99,,R$ / litro,VIBRA ENERGIA,2023-11-21
SE,MG,ITAUNA,CENTER POSTO LTDA,02.470.627/0002-12,RUA QUINZE DE NOVEMBRO,1526,,PIEDADE,35680-258,GASOLINA ADITIVADA,23/01/2023,4.93,,R$ / litro,VIBRA ENERGIA,2023-11-21
SE,MG,ITAUNA,CENTER POSTO LTDA,02.470.627/0002-12,RUA QUINZE DE NOVEMBRO,1526,,PIEDADE,35680-258,GASOLINA,23/01/2023,4.78,,R$ / litro,VIBRA ENERGIA,2023-11-21
SE,MG,ITAUNA,CENTRO AUTOMOTIVO BH SUL LTDA,00.058.752/0004-56,AVENIDA MIGUEL AUGUSTO,3693,,SANTANENSE,35680-147,ETANOL,23/01/2023,3.73,,R$ / litro,BRANCA,2023-11-21
SE,MG,ITAUNA,CENTRO AUTOMOTIVO BH SUL LTDA,00.058.752/0004-56,AVENIDA MIGUEL AUGUSTO,3693,,SANTANENSE,35680-147,DIESEL,23/01/2023,5.98,,R$ / litro,BRANCA,2023-11-21
SE,MG,ITAUNA,CENTRO AUTOMOTIVO BH SUL LTDA,00.058.752/0004-56,AVENIDA MIGUEL AUGUSTO,3693,,SANTANENSE,35680-147,GASOLINA,23/01/2023,4.73,,R$ / litro,BRANCA,2023-11-21
SE,MG,ITAUNA,ITAUNA COMBUSTIVEIS LTDA,04.633.258/0001-86,AVENIDA DOUTOR MIGUEL AUGUSTO,1359,,GRACAS,35681-147,ETANOL,23/01/2023,3.76,,R$ / litro,RAIZEN,2023-11-21
SE,MG,ITAUNA,ITAUNA COMBUSTIVEIS LTDA,04.633.258/0001-86,AVENIDA DOUTOR MIGUEL AUGUSTO,1359,,GRACAS,35681-147,DIESEL S10,23/01/2023,6.09,,R$ / litro,RAIZEN,2023-11-21
SE,MG,ITAUNA,ITAUNA COMBUSTIVEIS LTDA,04.633.258/0001-86,AVENIDA DOUTOR MIGUEL AUGUSTO,1359,,GRACAS,35681-147,GASOLINA ADITIVADA,23/01/2023,5.16,,R$ / litro,RAIZEN,2023-11-21
SE,MG,ITAUNA,ITAUNA COMBUSTIVEIS LTDA,04.633.258/0001-86,AVENIDA DOUTOR MIGUEL AUGUSTO,1359,,GRACAS,35681-147,GASOLINA,23/01/2023,4.76,,R$ / litro,RAIZEN,2023-11-21
SE,MG,ITAUNA,AUTO POSTO ALELUIA LTDA,03.733.648/0001-65,AVENIDA GETULIO VARGAS,533,,CENTRO,35680-037,ETANOL,24/01/2023,3.69,,R$ / litro,VIBRA ENERGIA,2023-11-21
SE,MG,ITAUNA,AUTO POSTO ALELUIA LTDA,03.733.648/0001-65,AVENIDA GETULIO VARGAS,533,,CENTRO,35680-037,DIESEL S10,24/01/2023,6.09,,R$ / litro,VIBRA ENERGIA,2023-11-21
SE,MG,ITAUNA,AUTO POSTO ALELUIA LTDA,03.733.648/0001-65,AVENIDA GETULIO VARGAS,533,,CENTRO,35680-037,GASOLINA,24/01/2023,4.69,,R$ / litro,VIBRA ENERGIA,2023-11-21
SE,MG,ITAUNA,AUTO POSTO CHAVES LTDA,02.885.584/0001-55,RODOVIA MG-050,S/N,KM    100,DISTRITO INDUSTRIAL,35681-750,ETANOL,23/01/2023,3.82,,R$ / litro,VIBRA ENERGIA,2023-11-21
SE,MG,ITAUNA,AUTO POSTO CHAVES LTDA,02.885.584/0001-55,RODOVIA MG-050,S/N,KM    100,DISTRITO INDUSTRIAL,35681-750,DIESEL S10,23/01/2023,6.04,,R$ / litro,VIBRA ENERGIA,2023-11-21
SE,MG,ITAUNA,AUTO POSTO CHAVES LTDA,02.885.584/0001-55,RODOVIA MG-050,S/N,KM    100,DISTRITO INDUSTRIAL,35681-750,DIESEL,23/01/2023,5.92,,R$ / litro,VIBRA ENERGIA,2023-11-21
SE,MG,ITAUNA,AUTO POSTO CHAVES LTDA,02.885.584/0001-55,RODOVIA MG-050,S/N,KM    100,DISTRITO INDUSTRIAL,35681-750,GASOLINA ADITIVADA,23/01/2023,4.95,,R$ / litro,VIBRA ENERGIA,2023-11-21
SE,MG,ITAUNA,AUTO POSTO CHAVES LTDA,02.885.584/0001-55,RODOVIA MG-050,S/N,KM    100,DISTRITO INDUSTRIAL,35681-750,GASOLINA,23/01/2023,4.85,,R$ / litro,VIBRA ENERGIA,2023-11-21
SE,MG,ITAUNA,CENTER POSTO LTDA,02.470.627/0001-31,RUA ZEZE LIMA,325,,CENTRO,35680-045,ETANOL,24/01/2023,3.74,,R$ / litro,VIBRA ENERGIA,2023-11-21
SE,MG,ITAUNA,CENTER POSTO LTDA,02.470.627/0001-31,RUA ZEZE LIMA,325,,CENTRO,35680-045,DIESEL S10,24/01/2023,6.19,,R$ / litro,VIBRA ENERGIA,2023-11-21
SE,MG,ITAUNA,CENTER POSTO LTDA,02.470.627/0001-31,RUA ZEZE LIMA,325,,CENTRO,35680-045,GASOLINA ADITIVADA,24/01/2023,4.89,,R$ / litro,VIBRA ENERGIA,2023-11-21
SE,MG,ITAUNA,CENTER POSTO LTDA,02.470.627/0001-31,RUA ZEZE LIMA,325,,CENTRO,35680-045,GASOLINA,24/01/2023,4.74,,R$ / litro,VIBRA ENERGIA,2023-11-21
SE,MG,ITUIUTABA,AUTO POSTO TAMANDUA LTDA,09.131.641/0001-50,RUA JUSCELINO KUBITSCHEK,805,,SAO JOSE,38301-034,ETANOL,24/01/2023,3.6,,R$ / litro,IPIRANGA,2023-11-21
SE,MG,ITUIUTABA,AUTO POSTO TAMANDUA LTDA,09.131.641/0001-50,RUA JUSCELINO KUBITSCHEK,805,,SAO JOSE,38301-034,DIESEL S10,24/01/2023,6.24,,R$ / litro,IPIRANGA,2023-11-21
SE,MG,ITUIUTABA,AUTO POSTO TAMANDUA LTDA,09.131.641/0001-50,RUA JUSCELINO KUBITSCHEK,805,,SAO JOSE,38301-034,DIESEL,24/01/2023,6.04,,R$ / litro,IPIRANGA,2023-11-21
SE,MG,ITUIUTABA,AUTO POSTO TAMANDUA LTDA,09.131.641/0001-50,RUA JUSCELINO KUBITSCHEK,805,,SAO JOSE,38301-034,GASOLINA ADITIVADA,24/01/2023,4.88,,R$ / litro,IPIRANGA,2023-11-21
SE,MG,ITUIUTABA,AM COMERCIO COMBUSTIVEL LTDA,07.265.642/0001-61,RUA TRINTA E SEIS,775,,PROGRESSO,38302-008,ETANOL,24/01/2023,3.75,,R$ / litro,BRANCA,2023-11-21
SE,MG,ITUIUTABA,AM COMERCIO COMBUSTIVEL LTDA,07.265.642/0001-61,RUA TRINTA E SEIS,775,,PROGRESSO,38302-008,DIESEL,24/01/2023,6.54,,R$ / litro,BRANCA,2023-11-21
SE,MG,ITUIUTABA,AM COMERCIO COMBUSTIVEL LTDA,07.265.642/0001-61,RUA TRINTA E SEIS,775,,PROGRESSO,38302-008,GASOLINA ADITIVADA,24/01/2023,4.99,,R$ / litro,BRANCA,2023-11-21
SE,MG,ITUIUTABA,AM COMERCIO COMBUSTIVEL LTDA,07.265.642/0001-61,RUA TRINTA E SEIS,775,,PROGRESSO,38302-008,GASOLINA,24/01/2023,4.99,,R$ / litro,BRANCA,2023-11-21
SE,MG,ITUIUTABA,K-DERIVADOS DE PETROLEO LTDA,07.128.848/0001-40,AVENIDA NOVE,423,,CENTRO,38300-150,DIESEL,24/01/2023,6.54,,R$ / litro,BRANCA,2023-11-21
SE,MG,ITUIUTABA,K-DERIVADOS DE PETROLEO LTDA,07.128.848/0001-40,AVENIDA NOVE,423,,CENTRO,38300-150,GASOLINA ADITIVADA,24/01/2023,4.99,,R$ / litro,BRANCA,2023-11-21
SE,MG,ITUIUTABA,K-DERIVADOS DE PETROLEO LTDA,07.128.848/0001-40,AVENIDA NOVE,423,,CENTRO,38300-150,GASOLINA,24/01/2023,4.99,,R$ / litro,BRANCA,2023-11-21
SE,MG,ITUIUTABA,K-DERIVADOS DE PETROLEO LTDA,07.128.848/0001-40,AVENIDA NOVE,423,,CENTRO,38300-150,ETANOL,24/01/2023,3.75,,R$ / litro,BRANCA,2023-11-21
SE,MG,ITUIUTABA,K-DERIVADOS DE PETROLEO LTDA,07.128.848/0001-40,AVENIDA NOVE,423,,CENTRO,38300-150,DIESEL S10,24/01/2023,6.59,,R$ / litro,BRANCA,2023-11-21
SE,MG,ITUIUTABA,ALEXANDER GERVASIO NEVES - EIRELI,18.548.362/0001-87,AVENIDA DEZESSETE,2345,,PLATINA,38307-064,ETANOL,24/01/2023,3.65,,R$ / litro,BRANCA,2023-11-21
SE,MG,ITUIUTABA,ALEXANDER GERVASIO NEVES - EIRELI,18.548.362/0001-87,AVENIDA DEZESSETE,2345,,PLATINA,38307-064,DIESEL,24/01/2023,5.94,,R$ / litro,BRANCA,2023-11-21
SE,MG,ITUIUTABA,ALEXANDER GERVASIO NEVES - EIRELI,18.548.362/0001-87,AVENIDA DEZESSETE,2345,,PLATINA,38307-064,GASOLINA,24/01/2023,4.85,,R$ / litro,BRANCA,2023-11-21
SE,MG,ITUIUTABA,AUTO POSTO ITAMARATY LTDA,17.820.291/0001-67,AVENIDA DEZESSETE,825,,CENTRO,38300-000,ETANOL,24/01/2023,3.68,,R$ / litro,RAIZEN,2023-11-21
SE,MG,ITUIUTABA,AUTO POSTO ITAMARATY LTDA,17.820.291/0001-67,AVENIDA DEZESSETE,825,,CENTRO,38300-000,DIESEL S10,24/01/2023,6.19,,R$ / litro,RAIZEN,2023-11-21
SE,MG,ITUIUTABA,AUTO POSTO ITAMARATY LTDA,17.820.291/0001-67,AVENIDA DEZESSETE,825,,CENTRO,38300-000,GASOLINA ADITIVADA,24/01/2023,5.29,,R$ / litro,RAIZEN,2023-11-21
SE,MG,ITUIUTABA,AUTO POSTO ITAMARATY LTDA,17.820.291/0001-67,AVENIDA DEZESSETE,825,,CENTRO,38300-000,GASOLINA,24/01/2023,4.88,,R$ / litro,RAIZEN,2023-11-21
SE,MG,ITUIUTABA,COMERCIAL GARDENIA LTDA,17.190.588/0001-96,AVENIDA GOVERNADOR JOSE DE MAGALHAES PINTO,112,,GARDENIA,38301-078,ETANOL,24/01/2023,3.65,,R$ / litro,RAIZEN,2023-11-21
SE,MG,ITUIUTABA,COMERCIAL GARDENIA LTDA,17.190.588/0001-96,AVENIDA GOVERNADOR JOSE DE MAGALHAES PINTO,112,,GARDENIA,38301-078,DIESEL S10,24/01/2023,6.18,,R$ / litro,RAIZEN,2023-11-21
SE,MG,ITUIUTABA,COMERCIAL GARDENIA LTDA,17.190.588/0001-96,AVENIDA GOVERNADOR JOSE DE MAGALHAES PINTO,112,,GARDENIA,38301-078,DIESEL,24/01/2023,6.08,,R$ / litro,RAIZEN,2023-11-21
SE,MG,ITUIUTABA,COMERCIAL GARDENIA LTDA,17.190.588/0001-96,AVENIDA GOVERNADOR JOSE DE MAGALHAES PINTO,112,,GARDENIA,38301-078,GASOLINA ADITIVADA,24/01/2023,5.19,,R$ / litro,RAIZEN,2023-11-21
SE,MG,ITUIUTABA,COMERCIAL GARDENIA LTDA,17.190.588/0001-96,AVENIDA GOVERNADOR JOSE DE MAGALHAES PINTO,112,,GARDENIA,38301-078,GASOLINA,24/01/2023,4.85,,R$ / litro,RAIZEN,2023-11-21
SE,MG,ITUIUTABA,AUTO POSTO PAULINO & FILHO LTDA,02.961.363/0001-19,AVENIDA TRINTA E UM,2171,,NATAL,38300-000,ETANOL,24/01/2023,3.89,,R$ / litro,ALESAT,2023-11-21
SE,MG,ITUIUTABA,AUTO POSTO PAULINO & FILHO LTDA,02.961.363/0001-19,AVENIDA TRINTA E UM,2171,,NATAL,38300-000,DIESEL S10,24/01/2023,6.29,,R$ / litro,ALESAT,2023-11-21
SE,MG,ITUIUTABA,AUTO POSTO PAULINO & FILHO LTDA,02.961.363/0001-19,AVENIDA TRINTA E UM,2171,,NATAL,38300-000,DIESEL,24/01/2023,6.19,,R$ / litro,ALESAT,2023-11-21
SE,MG,ITUIUTABA,AUTO POSTO PAULINO & FILHO LTDA,02.961.363/0001-19,AVENIDA TRINTA E UM,2171,,NATAL,38300-000,GASOLINA ADITIVADA,24/01/2023,4.99,,R$ / litro,ALESAT,2023-11-21
SE,MG,ITUIUTABA,AUTO POSTO PAULINO & FILHO LTDA,02.961.363/0001-19,AVENIDA TRINTA E UM,2171,,NATAL,38300-000,GASOLINA,24/01/2023,4.89,,R$ / litro,ALESAT,2023-11-21
SE,MG,JOAO PINHEIRO,AUTO POSTO RDG LTDA,08.418.219/0001-17,RODOVIA BR 040,S/N,KM 143,MARIA JOSE DE PAULA,38770-000,ETANOL,23/01/2023,3.85,,R$ / litro,VIBRA ENERGIA,2023-11-21
SE,MG,JOAO PINHEIRO,AUTO POSTO RDG LTDA,08.418.219/0001-17,RODOVIA BR 040,S/N,KM 143,MARIA JOSE DE PAULA,38770-000,DIESEL S10,23/01/2023,6.09,,R$ / litro,VIBRA ENERGIA,2023-11-21
SE,MG,JOAO PINHEIRO,AUTO POSTO RDG LTDA,08.418.219/0001-17,RODOVIA BR 040,S/N,KM 143,MARIA JOSE DE PAULA,38770-000,DIESEL,23/01/2023,5.99,,R$ / litro,VIBRA ENERGIA,2023-11-21
SE,MG,JOAO PINHEIRO,AUTO POSTO RDG LTDA,08.418.219/0001-17,RODOVIA BR 040,S/N,KM 143,MARIA JOSE DE PAULA,38770-000,GASOLINA ADITIVADA,23/01/2023,5.19,,R$ / litro,VIBRA ENERGIA,2023-11-21
SE,MG,JOAO PINHEIRO,AUTO POSTO RDG LTDA,08.418.219/0001-17,RODOVIA BR 040,S/N,KM 143,MARIA JOSE DE PAULA,38770-000,GASOLINA,23/01/2023,5.09,,R$ / litro,VIBRA ENERGIA,2023-11-21
SE,MG,JOAO PINHEIRO,PINHEIRO DERIVADOS DE PETRÓLEO LTDA,05.636.860/0001-30,AVENIDA JOSÉ RABELO DE SOUZA,871,,MARIA JOSÉ DE PAULA,38770-000,ETANOL,23/01/2023,3.89,,R$ / litro,BRANCA,2023-11-21
SE,MG,JOAO PINHEIRO,PINHEIRO DERIVADOS DE PETRÓLEO LTDA,05.636.860/0001-30,AVENIDA JOSÉ RABELO DE SOUZA,871,,MARIA JOSÉ DE PAULA,38770-000,DIESEL S10,23/01/2023,6.49,,R$ / litro,BRANCA,2023-11-21
SE,MG,JOAO PINHEIRO,PINHEIRO DERIVADOS DE PETRÓLEO LTDA,05.636.860/0001-30,AVENIDA JOSÉ RABELO DE SOUZA,871,,MARIA JOSÉ DE PAULA,38770-000,DIESEL,23/01/2023,6.39,,R$ / litro,BRANCA,2023-11-21
SE,MG,JOAO PINHEIRO,PINHEIRO DERIVADOS DE PETRÓLEO LTDA,05.636.860/0001-30,AVENIDA JOSÉ RABELO DE SOUZA,871,,MARIA JOSÉ DE PAULA,38770-000,GASOLINA,23/01/2023,5.19,,R$ / litro,BRANCA,2023-11-21
SE,MG,JOAO PINHEIRO,SAYONARA COMERCIO DE PETROLEO LTDA,23.761.448/0001-23,RODOVIA MARGENS RODOVIA BR 040 KM 143,SN,,CENTRO,38770-000,ETANOL,23/01/2023,3.75,,R$ / litro,BRANCA,2023-11-21
SE,MG,JOAO PINHEIRO,SAYONARA COMERCIO DE PETROLEO LTDA,23.761.448/0001-23,RODOVIA MARGENS RODOVIA BR 040 KM 143,SN,,CENTRO,38770-000,DIESEL S10,23/01/2023,6.02,,R$ / litro,BRANCA,2023-11-21
SE,MG,JOAO PINHEIRO,SAYONARA COMERCIO DE PETROLEO LTDA,23.761.448/0001-23,RODOVIA MARGENS RODOVIA BR 040 KM 143,SN,,CENTRO,38770-000,DIESEL,23/01/2023,5.92,,R$ / litro,BRANCA,2023-11-21
SE,MG,JOAO PINHEIRO,SAYONARA COMERCIO DE PETROLEO LTDA,23.761.448/0001-23,RODOVIA MARGENS RODOVIA BR 040 KM 143,SN,,CENTRO,38770-000,GASOLINA ADITIVADA,23/01/2023,5.05,,R$ / litro,BRANCA,2023-11-21
SE,MG,JOAO PINHEIRO,SAYONARA COMERCIO DE PETROLEO LTDA,23.761.448/0001-23,RODOVIA MARGENS RODOVIA BR 040 KM 143,SN,,CENTRO,38770-000,GASOLINA,23/01/2023,5.05,,R$ / litro,BRANCA,2023-11-21
SE,MG,JOAO PINHEIRO,SILVA COUTO & CIA LTDA.,03.101.004/0001-54,RUA DEPUTADO QUINTINO VARGAS,49,,CENTRO,38770-000,ETANOL,23/01/2023,3.79,,R$ / litro,BRANCA,2023-11-21
SE,MG,JOAO PINHEIRO,SILVA COUTO & CIA LTDA.,03.101.004/0001-54,RUA DEPUTADO QUINTINO VARGAS,49,,CENTRO,38770-000,DIESEL S10,23/01/2023,6.07,,R$ / litro,BRANCA,2023-11-21
SE,MG,JOAO PINHEIRO,SILVA COUTO & CIA LTDA.,03.101.004/0001-54,RUA DEPUTADO QUINTINO VARGAS,49,,CENTRO,38770-000,DIESEL,23/01/2023,5.95,,R$ / litro,BRANCA,2023-11-21
SE,MG,JOAO PINHEIRO,SILVA COUTO & CIA LTDA.,03.101.004/0001-54,RUA DEPUTADO QUINTINO VARGAS,49,,CENTRO,38770-000,GASOLINA,23/01/2023,5.09,,R$ / litro,BRANCA,2023-11-21
SE,MG,JUIZ DE FORA,SEMPRE COMERCIO DE COMBUSTIVEL LTDA.,08.111.871/0004-37,AVENIDA BRASIL,5201,,MARIANO PROCOPIO,36035-030,DIESEL S10,24/01/2023,6.26,,R$ / litro,RAIZEN,2023-11-21
SE,MG,JUIZ DE FORA,SEMPRE COMERCIO DE COMBUSTIVEL LTDA.,08.111.871/0004-37,AVENIDA BRASIL,5201,,MARIANO PROCOPIO,36035-030,GASOLINA ADITIVADA,24/01/2023,5.19,,R$ / litro,RAIZEN,2023-11-21
SE,MG,JUIZ DE FORA,SEMPRE COMERCIO DE COMBUSTIVEL LTDA.,08.111.871/0004-37,AVENIDA BRASIL,5201,,MARIANO PROCOPIO,36035-030,GASOLINA,24/01/2023,4.99,,R$ / litro,RAIZEN,2023-11-21
SE,MG,JUIZ DE FORA,SEMPRE COMERCIO DE COMBUSTIVEL LTDA.,08.111.871/0004-37,AVENIDA BRASIL,5201,,MARIANO PROCOPIO,36035-030,GNV,24/01/2023,4.85,,R$ / m³,RAIZEN,2023-11-21
SE,MG,JUIZ DE FORA,AUTO POSTO TERRA BRASILIS LTDA,04.919.589/0001-87,RUA JOSE LOURENCO,175,LOTE  20,SAO PEDRO,36037-460,ETANOL,25/01/2023,4.12,,R$ / litro,VIBRA ENERGIA,2023-11-21
SE,MG,JUIZ DE FORA,AUTO POSTO TERRA BRASILIS LTDA,04.919.589/0001-87,RUA JOSE LOURENCO,175,LOTE  20,SAO PEDRO,36037-460,DIESEL,25/01/2023,6.59,,R$ / litro,VIBRA ENERGIA,2023-11-21
SE,MG,JUIZ DE FORA,AUTO POSTO TERRA BRASILIS LTDA,04.919.589/0001-87,RUA JOSE LOURENCO,175,LOTE  20,SAO PEDRO,36037-460,GASOLINA ADITIVADA,25/01/2023,5.39,,R$ / litro,VIBRA ENERGIA,2023-11-21
SE,MG,JUIZ DE FORA,AUTO POSTO TERRA BRASILIS LTDA,04.919.589/0001-87,RUA JOSE LOURENCO,175,LOTE  20,SAO PEDRO,36037-460,GASOLINA,25/01/2023,5.19,,R$ / litro,VIBRA ENERGIA,2023-11-21
SE,MG,JUIZ DE FORA,AUTO POSTO PETROGAS LTDA,03.862.967/0001-70,AVENIDA JUSCELINO KUBISTSCHEK,6000,,BENFICA,36081-000,ETANOL,23/01/2023,4.12,,R$ / litro,VIBRA ENERGIA,2023-11-21
SE,MG,JUIZ DE FORA,AUTO POSTO PETROGAS LTDA,03.862.967/0001-70,AVENIDA JUSCELINO KUBISTSCHEK,6000,,BENFICA,36081-000,DIESEL S10,23/01/2023,6.09,,R$ / litro,VIBRA ENERGIA,2023-11-21
SE,MG,JUIZ DE FORA,AUTO POSTO PETROGAS LTDA,03.862.967/0001-70,AVENIDA JUSCELINO KUBISTSCHEK,6000,,BENFICA,36081-000,DIESEL,23/01/2023,5.99,,R$ / litro,VIBRA ENERGIA,2023-11-21
SE,MG,JUIZ DE FORA,AUTO POSTO PETROGAS LTDA,03.862.967/0001-70,AVENIDA JUSCELINO KUBISTSCHEK,6000,,BENFICA,36081-000,GASOLINA,23/01/2023,5.05,,R$ / litro,VIBRA ENERGIA,2023-11-21
SE,MG,JUIZ DE FORA,AUTO POSTO PETROGAS LTDA,03.862.967/0001-70,AVENIDA JUSCELINO KUBISTSCHEK,6000,,BENFICA,36081-000,GNV,23/01/2023,4.85,,R$ / m³,VIBRA ENERGIA,2023-11-21
SE,MG,JUIZ DE FORA,POSTO ECO LTDA,03.845.434/0001-80,AVENIDA GARCIA RODRIGUES PAES,12515,LOTE: 21 QD A;,INDUSTRIAL,36081-500,ETANOL,23/01/2023,4.12,,R$ / litro,IPIRANGA,2023-11-21
SE,MG,JUIZ DE FORA,POSTO ECO LTDA,03.845.434/0001-80,AVENIDA GARCIA RODRIGUES PAES,12515,LOTE: 21 QD A;,INDUSTRIAL,36081-500,DIESEL,23/01/2023,6.49,,R$ / litro,IPIRANGA,2023-11-21
SE,MG,JUIZ DE FORA,POSTO ECO LTDA,03.845.434/0001-80,AVENIDA GARCIA RODRIGUES PAES,12515,LOTE: 21 QD A;,INDUSTRIAL,36081-500,GASOLINA,23/01/2023,5.05,,R$ / litro,IPIRANGA,2023-11-21
SE,MG,JUIZ DE FORA,AUTO POSTO VAS CAS LTDA,03.264.269/0001-73,AVENIDA BRASIL,2002,,CENTRO,36062-420,GASOLINA ADITIVADA,23/01/2023,5.21,,R$ / litro,ALESAT,2023-11-21
SE,MG,JUIZ DE FORA,AUTO POSTO VAS CAS LTDA,03.264.269/0001-73,AVENIDA BRASIL,2002,,CENTRO,36062-420,GASOLINA,23/01/2023,5.06,,R$ / litro,ALESAT,2023-11-21
SE,MG,JUIZ DE FORA,AUTO POSTO VAS CAS LTDA,03.264.269/0001-73,AVENIDA BRASIL,2002,,CENTRO,36062-420,ETANOL,23/01/2023,4.14,,R$ / litro,ALESAT,2023-11-21
SE,MG,JUIZ DE FORA,AUTO POSTO CONQUISTA LTDA,02.050.251/0001-06,RUA ABILIO GOMES,S/N,LTS. 01/02/03/04 QD. H,FRANCISCO BERNADINHO,36083-010,ETANOL,23/01/2023,4.19,,R$ / litro,VIBRA ENERGIA,2023-11-21
SE,MG,JUIZ DE FORA,AUTO POSTO CONQUISTA LTDA,02.050.251/0001-06,RUA ABILIO GOMES,S/N,LTS. 01/02/03/04 QD. H,FRANCISCO BERNADINHO,36083-010,DIESEL,23/01/2023,6.09,,R$ / litro,VIBRA ENERGIA,2023-11-21
SE,MG,JUIZ DE FORA,AUTO POSTO CONQUISTA LTDA,02.050.251/0001-06,RUA ABILIO GOMES,S/N,LTS. 01/02/03/04 QD. H,FRANCISCO BERNADINHO,36083-010,GASOLINA,23/01/2023,5.1,,R$ / litro,VIBRA ENERGIA,2023-11-21
SE,MG,LAVRAS,AUTO POSTO SKINÃO LTDA,19.638.998/0001-82,RUA FRANCISCO DE ANDRADE,192,,CENTRO,37200-000,ETANOL,26/01/2023,3.99,,R$ / litro,IPIRANGA,2023-11-21
SE,MG,LAVRAS,AUTO POSTO SKINÃO LTDA,19.638.998/0001-82,RUA FRANCISCO DE ANDRADE,192,,CENTRO,37200-000,DIESEL S10,26/01/2023,6.59,,R$ / litro,IPIRANGA,2023-11-21
SE,MG,LAVRAS,AUTO POSTO SKINÃO LTDA,19.638.998/0001-82,RUA FRANCISCO DE ANDRADE,192,,CENTRO,37200-000,GASOLINA ADITIVADA,26/01/2023,5.39,,R$ / litro,IPIRANGA,2023-11-21
SE,MG,LAVRAS,AUTO POSTO SKINÃO LTDA,19.638.998/0001-82,RUA FRANCISCO DE ANDRADE,192,,CENTRO,37200-000,GASOLINA,26/01/2023,5.27,,R$ / litro,IPIRANGA,2023-11-21
SE,MG,LAVRAS,AUTO POSTO MAIS LTDA,05.999.998/0001-01,RUA JOAO MODESTO,128,,CENTRO,37200-000,ETANOL,26/01/2023,3.89,,R$ / litro,RAIZEN,2023-11-21
SE,MG,LAVRAS,AUTO POSTO MAIS LTDA,05.999.998/0001-01,RUA JOAO MODESTO,128,,CENTRO,37200-000,GASOLINA ADITIVADA,26/01/2023,5.59,,R$ / litro,RAIZEN,2023-11-21
SE,MG,LAVRAS,AUTO POSTO MAIS LTDA,05.999.998/0001-01,RUA JOAO MODESTO,128,,CENTRO,37200-000,GASOLINA,26/01/2023,5.19,,R$ / litro,RAIZEN,2023-11-21
SE,MG,LAVRAS,AUTO POSTO PREMIUM LTDA,05.725.402/0001-77,RUA RUI BARBOSA,70,,CENTRO,37200-000,ETANOL,26/01/2023,3.79,,R$ / litro,BRANCA,2023-11-21
SE,MG,LAVRAS,AUTO POSTO PREMIUM LTDA,05.725.402/0001-77,RUA RUI BARBOSA,70,,CENTRO,37200-000,GASOLINA ADITIVADA,26/01/2023,4.89,,R$ / litro,BRANCA,2023-11-21
SE,MG,LAVRAS,AUTO POSTO PREMIUM LTDA,05.725.402/0001-77,RUA RUI BARBOSA,70,,CENTRO,37200-000,GASOLINA,26/01/2023,4.89,,R$ / litro,BRANCA,2023-11-21
SE,MG,MONTES CLAROS,AUTO POSTO AMANDA E JULIA LTDA,09.489.996/0001-15,AVENIDA DEPUTADO ESTEVES RODRIGUES,209,,CENTRO,39400-215,ETANOL,26/01/2023,3.55,,R$ / litro,VIBRA ENERGIA,2023-11-21
SE,MG,MONTES CLAROS,AUTO POSTO AMANDA E JULIA LTDA,09.489.996/0001-15,AVENIDA DEPUTADO ESTEVES RODRIGUES,209,,CENTRO,39400-215,DIESEL S10,26/01/2023,5.99,,R$ / litro,VIBRA ENERGIA,2023-11-21
SE,MG,MONTES CLAROS,AUTO POSTO AMANDA E JULIA LTDA,09.489.996/0001-15,AVENIDA DEPUTADO ESTEVES RODRIGUES,209,,CENTRO,39400-215,DIESEL,26/01/2023,5.95,,R$ / litro,VIBRA ENERGIA,2023-11-21
SE,MG,MONTES CLAROS,AUTO POSTO AMANDA E JULIA LTDA,09.489.996/0001-15,AVENIDA DEPUTADO ESTEVES RODRIGUES,209,,CENTRO,39400-215,GASOLINA ADITIVADA,26/01/2023,4.99,,R$ / litro,VIBRA ENERGIA,2023-11-21
SE,MG,MONTES CLAROS,AUTO POSTO AMANDA E JULIA LTDA,09.489.996/0001-15,AVENIDA DEPUTADO ESTEVES RODRIGUES,209,,CENTRO,39400-215,GASOLINA,26/01/2023,4.89,,R$ / litro,VIBRA ENERGIA,2023-11-21
SE,MG,MONTES CLAROS,COMBUSTIVEIS MOC BRASIL LTDA - EPP,08.272.600/0001-10,AVENIDA   OVIDIO DE ABREU,212,,CENTRO,39400-068,ETANOL,26/01/2023,3.6,,R$ / litro,BRANCA,2023-11-21
SE,MG,MONTES CLAROS,COMBUSTIVEIS MOC BRASIL LTDA - EPP,08.272.600/0001-10,AVENIDA   OVIDIO DE ABREU,212,,CENTRO,39400-068,GASOLINA,26/01/2023,4.75,,R$ / litro,BRANCA,2023-11-21
SE,MG,MONTES CLAROS,MARQUESA AUTO SERVIÇOS LTDA.,03.742.141/0002-59,AVENIDA GERALDO ATHAYDE,745,,ALTO SÃO JOÃO,39400-292,ETANOL,26/01/2023,4.59,,R$ / litro,ALESAT,2023-11-21
SE,MG,MONTES CLAROS,MARQUESA AUTO SERVIÇOS LTDA.,03.742.141/0002-59,AVENIDA GERALDO ATHAYDE,745,,ALTO SÃO JOÃO,39400-292,DIESEL,26/01/2023,6.99,,R$ / litro,ALESAT,2023-11-21
SE,MG,MONTES CLAROS,MARQUESA AUTO SERVIÇOS LTDA.,03.742.141/0002-59,AVENIDA GERALDO ATHAYDE,745,,ALTO SÃO JOÃO,39400-292,GASOLINA ADITIVADA,26/01/2023,5.69,,R$ / litro,ALESAT,2023-11-21
SE,MG,MONTES CLAROS,MARQUESA AUTO SERVIÇOS LTDA.,03.742.141/0002-59,AVENIDA GERALDO ATHAYDE,745,,ALTO SÃO JOÃO,39400-292,GASOLINA,26/01/2023,5.59,,R$ / litro,ALESAT,2023-11-21
SE,MG,MONTES CLAROS,RG EMPRESA COMERCIAL DE COMBUSTIVEIS - EIRELI,04.297.764/0001-41,AVENIDA DEPUTADO ESTEVES RODRIGUES,181,,VILA JOAO GORDO,39400-215,ETANOL,26/01/2023,3.52,,R$ / litro,VIBRA ENERGIA,2023-11-21
SE,MG,MONTES CLAROS,RG EMPRESA COMERCIAL DE COMBUSTIVEIS - EIRELI,04.297.764/0001-41,AVENIDA DEPUTADO ESTEVES RODRIGUES,181,,VILA JOAO GORDO,39400-215,GASOLINA,26/01/2023,4.69,,R$ / litro,VIBRA ENERGIA,2023-11-21
SE,MG,MONTES CLAROS,LIDER AUTO POSTO E SERVICOS LTDA.,02.874.602/0001-01,AVENIDA DEPUTADO PLINIO RIBEIRO,2680,,NOSSA SENHORA DE FATIMA,39402-619,ETANOL,26/01/2023,3.59,,R$ / litro,IPIRANGA,2023-11-21
SE,MG,MONTES CLAROS,LIDER AUTO POSTO E SERVICOS LTDA.,02.874.602/0001-01,AVENIDA DEPUTADO PLINIO RIBEIRO,2680,,NOSSA SENHORA DE FATIMA,39402-619,DIESEL S10,26/01/2023,6.09,,R$ / litro,IPIRANGA,2023-11-21
SE,MG,MONTES CLAROS,LIDER AUTO POSTO E SERVICOS LTDA.,02.874.602/0001-01,AVENIDA DEPUTADO PLINIO RIBEIRO,2680,,NOSSA SENHORA DE FATIMA,39402-619,DIESEL,26/01/2023,5.99,,R$ / litro,IPIRANGA,2023-11-21
SE,MG,MONTES CLAROS,LIDER AUTO POSTO E SERVICOS LTDA.,02.874.602/0001-01,AVENIDA DEPUTADO PLINIO RIBEIRO,2680,,NOSSA SENHORA DE FATIMA,39402-619,GASOLINA ADITIVADA,26/01/2023,4.85,,R$ / litro,IPIRANGA,2023-11-21
SE,MG,MONTES CLAROS,LIDER AUTO POSTO E SERVICOS LTDA.,02.874.602/0001-01,AVENIDA DEPUTADO PLINIO RIBEIRO,2680,,NOSSA SENHORA DE FATIMA,39402-619,GASOLINA,26/01/2023,4.77,,R$ / litro,IPIRANGA,2023-11-21
SE,MG,MONTES CLAROS,PETROLEO MONTES CLAROS LTDA.,04.588.291/0001-31,RUA SILVIO TEIXEIRA,46,,SAO JOSE,39400-354,DIESEL S10,26/01/2023,6.45,,R$ / litro,VIBRA ENERGIA,2023-11-21
SE,MG,MONTES CLAROS,PETROLEO MONTES CLAROS LTDA.,04.588.291/0001-31,RUA SILVIO TEIXEIRA,46,,SAO JOSE,39400-354,GASOLINA ADITIVADA,26/01/2023,5.08,,R$ / litro,VIBRA ENERGIA,2023-11-21
SE,MG,MONTES CLAROS,PETROLEO MONTES CLAROS LTDA.,04.588.291/0001-31,RUA SILVIO TEIXEIRA,46,,SAO JOSE,39400-354,GASOLINA,26/01/2023,4.72,,R$ / litro,VIBRA ENERGIA,2023-11-21
SE,MG,MONTES CLAROS,PETROLEO MONTES CLAROS LTDA.,04.588.291/0001-31,RUA SILVIO TEIXEIRA,46,,SAO JOSE,39400-354,ETANOL,26/01/2023,3.54,,R$ / litro,VIBRA ENERGIA,2023-11-21
SE,MG,MONTES CLAROS,ANTARES COMBUSTIVEIS LTDA,03.888.789/0002-38,AVENIDA JOSE CORREA MACHADO,1059,,IBITURUNA,39400-612,ETANOL,26/01/2023,4.59,,R$ / litro,ALESAT,2023-11-21
SE,MG,MONTES CLAROS,ANTARES COMBUSTIVEIS LTDA,03.888.789/0002-38,AVENIDA JOSE CORREA MACHADO,1059,,IBITURUNA,39400-612,DIESEL S10,26/01/2023,7.89,,R$ / litro,ALESAT,2023-11-21
SE,MG,MONTES CLAROS,ANTARES COMBUSTIVEIS LTDA,03.888.789/0002-38,AVENIDA JOSE CORREA MACHADO,1059,,IBITURUNA,39400-612,GASOLINA ADITIVADA,26/01/2023,5.69,,R$ / litro,ALESAT,2023-11-21
SE,MG,MONTES CLAROS,ANTARES COMBUSTIVEIS LTDA,03.888.789/0002-38,AVENIDA JOSE CORREA MACHADO,1059,,IBITURUNA,39400-612,GASOLINA,26/01/2023,5.59,,R$ / litro,ALESAT,2023-11-21
SE,MG,MONTES CLAROS,POSTO ALJIG LTDA,03.857.669/0001-92,AVENIDA DONATO QUINTINO,225,,CANELAS,39400-546,ETANOL,26/01/2023,3.59,,R$ / litro,RAIZEN,2023-11-21
SE,MG,MONTES CLAROS,POSTO ALJIG LTDA,03.857.669/0001-92,AVENIDA DONATO QUINTINO,225,,CANELAS,39400-546,DIESEL S10,26/01/2023,5.95,,R$ / litro,RAIZEN,2023-11-21
SE,MG,MONTES CLAROS,POSTO ALJIG LTDA,03.857.669/0001-92,AVENIDA DONATO QUINTINO,225,,CANELAS,39400-546,GASOLINA ADITIVADA,26/01/2023,5.19,,R$ / litro,RAIZEN,2023-11-21
SE,MG,MONTES CLAROS,POSTO ALJIG LTDA,03.857.669/0001-92,AVENIDA DONATO QUINTINO,225,,CANELAS,39400-546,GASOLINA,26/01/2023,4.99,,R$ / litro,RAIZEN,2023-11-21
SE,MG,MONTES CLAROS,MARQUESA AUTO SERVIÇOS LTDA.,03.742.141/0001-78,AVENIDA DEPUTADO PLINIO RIBEIRO,555,,ESPLANADA,39401-474,ETANOL,26/01/2023,3.65,,R$ / litro,IPIRANGA,2023-11-21
SE,MG,MONTES CLAROS,MARQUESA AUTO SERVIÇOS LTDA.,03.742.141/0001-78,AVENIDA DEPUTADO PLINIO RIBEIRO,555,,ESPLANADA,39401-474,DIESEL,26/01/2023,5.99,,R$ / litro,IPIRANGA,2023-11-21
SE,MG,MONTES CLAROS,MARQUESA AUTO SERVIÇOS LTDA.,03.742.141/0001-78,AVENIDA DEPUTADO PLINIO RIBEIRO,555,,ESPLANADA,39401-474,GASOLINA ADITIVADA,26/01/2023,5.19,,R$ / litro,IPIRANGA,2023-11-21
SE,MG,MONTES CLAROS,MARQUESA AUTO SERVIÇOS LTDA.,03.742.141/0001-78,AVENIDA DEPUTADO PLINIO RIBEIRO,555,,ESPLANADA,39401-474,GASOLINA,26/01/2023,4.72,,R$ / litro,IPIRANGA,2023-11-21
SE,MG,MONTES CLAROS,J.J DERIVADOS DE PETROLEO LTDA,03.529.503/0001-47,AVENIDA CORONEL LUIZ MAIA,560,A,CINTRA,39401-486,ETANOL,26/01/2023,3.69,,R$ / litro,BRANCA,2023-11-21
SE,MG,MONTES CLAROS,J.J DERIVADOS DE PETROLEO LTDA,03.529.503/0001-47,AVENIDA CORONEL LUIZ MAIA,560,A,CINTRA,39401-486,DIESEL S10,26/01/2023,6.59,,R$ / litro,BRANCA,2023-11-21
SE,MG,MONTES CLAROS,J.J DERIVADOS DE PETROLEO LTDA,03.529.503/0001-47,AVENIDA CORONEL LUIZ MAIA,560,A,CINTRA,39401-486,DIESEL,26/01/2023,6.39,,R$ / litro,BRANCA,2023-11-21
SE,MG,MONTES CLAROS,J.J DERIVADOS DE PETROLEO LTDA,03.529.503/0001-47,AVENIDA CORONEL LUIZ MAIA,560,A,CINTRA,39401-486,GASOLINA ADITIVADA,26/01/2023,5.09,,R$ / litro,BRANCA,2023-11-21
SE,MG,MONTES CLAROS,J.J DERIVADOS DE PETROLEO LTDA,03.529.503/0001-47,AVENIDA CORONEL LUIZ MAIA,560,A,CINTRA,39401-486,GASOLINA,26/01/2023,4.99,,R$ / litro,BRANCA,2023-11-21
SE,MG,MONTES CLAROS,CEMA CENTRAL MINEIRA ATACADISTA LTDA,03.083.231/0006-09,AVENIDA DULCE SARMENTO,1320,,VILA NAZARETH,39401-485,ETANOL,26/01/2023,3.55,,R$ / litro,VIBRA ENERGIA,2023-11-21
SE,MG,MONTES CLAROS,CEMA CENTRAL MINEIRA ATACADISTA LTDA,03.083.231/0006-09,AVENIDA DULCE SARMENTO,1320,,VILA NAZARETH,39401-485,DIESEL,26/01/2023,6.1,,R$ / litro,VIBRA ENERGIA,2023-11-21
SE,MG,MONTES CLAROS,CEMA CENTRAL MINEIRA ATACADISTA LTDA,03.083.231/0006-09,AVENIDA DULCE SARMENTO,1320,,VILA NAZARETH,39401-485,GASOLINA ADITIVADA,26/01/2023,5.1,,R$ / litro,VIBRA ENERGIA,2023-11-21
SE,MG,MONTES CLAROS,CEMA CENTRAL MINEIRA ATACADISTA LTDA,03.083.231/0006-09,AVENIDA DULCE SARMENTO,1320,,VILA NAZARETH,39401-485,GASOLINA,26/01/2023,4.72,,R$ / litro,VIBRA ENERGIA,2023-11-21
SE,MG,PARA DE MINAS,POSTO PARA LTDA,02.681.911/0001-57,RUA PADRE LIBERIO,1000,,JK,35660-180,ETANOL,26/01/2023,3.75,,R$ / litro,VIBRA ENERGIA,2023-11-21
SE,MG,PARA DE MINAS,POSTO PARA LTDA,02.681.911/0001-57,RUA PADRE LIBERIO,1000,,JK,35660-180,DIESEL S10,26/01/2023,6.19,,R$ / litro,VIBRA ENERGIA,2023-11-21
SE,MG,PARA DE MINAS,POSTO PARA LTDA,02.681.911/0001-57,RUA PADRE LIBERIO,1000,,JK,35660-180,DIESEL,26/01/2023,6.09,,R$ / litro,VIBRA ENERGIA,2023-11-21
SE,MG,PARA DE MINAS,POSTO PARA LTDA,02.681.911/0001-57,RUA PADRE LIBERIO,1000,,JK,35660-180,GASOLINA ADITIVADA,26/01/2023,4.94,,R$ / litro,VIBRA ENERGIA,2023-11-21
SE,MG,PARA DE MINAS,POSTO PARA LTDA,02.681.911/0001-57,RUA PADRE LIBERIO,1000,,JK,35660-180,GASOLINA,26/01/2023,4.94,,R$ / litro,VIBRA ENERGIA,2023-11-21
SE,MG,PARA DE MINAS,AUTO POSTO MR LTDA,05.835.706/0001-97,AVENIDA PROFESSOR MELLO CANCADO,521,,SAO JOSE,35660-573,ETANOL,25/01/2023,3.89,,R$ / litro,IPIRANGA,2023-11-21
SE,MG,PARA DE MINAS,AUTO POSTO MR LTDA,05.835.706/0001-97,AVENIDA PROFESSOR MELLO CANCADO,521,,SAO JOSE,35660-573,DIESEL S10,25/01/2023,6.89,,R$ / litro,IPIRANGA,2023-11-21
SE,MG,PARA DE MINAS,AUTO POSTO MR LTDA,05.835.706/0001-97,AVENIDA PROFESSOR MELLO CANCADO,521,,SAO JOSE,35660-573,DIESEL,25/01/2023,6.69,,R$ / litro,IPIRANGA,2023-11-21
SE,MG,PARA DE MINAS,AUTO POSTO MR LTDA,05.835.706/0001-97,AVENIDA PROFESSOR MELLO CANCADO,521,,SAO JOSE,35660-573,GASOLINA ADITIVADA,25/01/2023,5.19,,R$ / litro,IPIRANGA,2023-11-21
SE,MG,PARA DE MINAS,AUTO POSTO MR LTDA,05.835.706/0001-97,AVENIDA PROFESSOR MELLO CANCADO,521,,SAO JOSE,35660-573,GASOLINA,25/01/2023,5.09,,R$ / litro,IPIRANGA,2023-11-21
SE,MG,PARA DE MINAS,POSTO J H S LTDA,04.510.593/0001-97,RUA JOAO DO NETO,220,POSTO,CENTRO,35660-043,ETANOL,25/01/2023,3.69,,R$ / litro,ALESAT,2023-11-21
SE,MG,PARA DE MINAS,POSTO J H S LTDA,04.510.593/0001-97,RUA JOAO DO NETO,220,POSTO,CENTRO,35660-043,GASOLINA ADITIVADA,25/01/2023,5.44,,R$ / litro,ALESAT,2023-11-21
SE,MG,PARA DE MINAS,POSTO J H S LTDA,04.510.593/0001-97,RUA JOAO DO NETO,220,POSTO,CENTRO,35660-043,GASOLINA,25/01/2023,4.89,,R$ / litro,ALESAT,2023-11-21
SE,MG,PARA DE MINAS,SOC. COMERCIAL IRMAOS RODRIGUES LTDA,21.474.382/0001-65,AVENIDA OVIDIO DE ABREU,786,0,BELVEDERE,35661-230,ETANOL,25/01/2023,3.95,,R$ / litro,RAIZEN,2023-11-21
SE,MG,PARA DE MINAS,SOC. COMERCIAL IRMAOS RODRIGUES LTDA,21.474.382/0001-65,AVENIDA OVIDIO DE ABREU,786,0,BELVEDERE,35661-230,DIESEL,25/01/2023,6.53,,R$ / litro,RAIZEN,2023-11-21
SE,MG,PARA DE MINAS,SOC. COMERCIAL IRMAOS RODRIGUES LTDA,21.474.382/0001-65,AVENIDA OVIDIO DE ABREU,786,0,BELVEDERE,35661-230,GASOLINA ADITIVADA,25/01/2023,5.49,,R$ / litro,RAIZEN,2023-11-21
SE,MG,PARA DE MINAS,SOC. COMERCIAL IRMAOS RODRIGUES LTDA,21.474.382/0001-65,AVENIDA OVIDIO DE ABREU,786,0,BELVEDERE,35661-230,GASOLINA,25/01/2023,5.19,,R$ / litro,RAIZEN,2023-11-21
SE,MG,PARA DE MINAS,POSTO MINAS GERAIS PARA LTDA,01.569.818/0001-92,AVENIDA OVIDIO DE ABREU,16,,VILA LARA,35660-970,ETANOL,25/01/2023,3.7,,R$ / litro,BRANCA,2023-11-21
SE,MG,PARA DE MINAS,POSTO MINAS GERAIS PARA LTDA,01.569.818/0001-92,AVENIDA OVIDIO DE ABREU,16,,VILA LARA,35660-970,DIESEL S10,25/01/2023,6.49,,R$ / litro,BRANCA,2023-11-21
SE,MG,PARA DE MINAS,POSTO MINAS GERAIS PARA LTDA,01.569.818/0001-92,AVENIDA OVIDIO DE ABREU,16,,VILA LARA,35660-970,DIESEL,25/01/2023,6.39,,R$ / litro,BRANCA,2023-11-21
SE,MG,PARA DE MINAS,POSTO MINAS GERAIS PARA LTDA,01.569.818/0001-92,AVENIDA OVIDIO DE ABREU,16,,VILA LARA,35660-970,GASOLINA ADITIVADA,25/01/2023,4.99,,R$ / litro,BRANCA,2023-11-21
SE,MG,PARA DE MINAS,POSTO MINAS GERAIS PARA LTDA,01.569.818/0001-92,AVENIDA OVIDIO DE ABREU,16,,VILA LARA,35660-970,GASOLINA,25/01/2023,4.89,,R$ / litro,BRANCA,2023-11-21
SE,MG,PARACATU,POSTO PORTAL DE MINAS II LTDA,08.133.511/0001-93,AVENIDA ISRAEL PINHEIRO,320,,PARACATUZINHO,38603-190,ETANOL,24/01/2023,3.69,,R$ / litro,BRANCA,2023-11-21
SE,MG,PARACATU,POSTO PORTAL DE MINAS II LTDA,08.133.511/0001-93,AVENIDA ISRAEL PINHEIRO,320,,PARACATUZINHO,38603-190,DIESEL S10,24/01/2023,6.44,,R$ / litro,BRANCA,2023-11-21
SE,MG,PARACATU,POSTO PORTAL DE MINAS II LTDA,08.133.511/0001-93,AVENIDA ISRAEL PINHEIRO,320,,PARACATUZINHO,38603-190,GASOLINA,24/01/2023,4.96,,R$ / litro,BRANCA,2023-11-21
SE,MG,PARACATU,POSTO PARACATU LTDA,07.830.113/0001-63,"RODOVIA BR 040 KM 40,6",20,,AMOREIRAS II,38600-001,ETANOL,25/01/2023,3.75,,R$ / litro,IPIRANGA,2023-11-21
SE,MG,PARACATU,POSTO PARACATU LTDA,07.830.113/0001-63,"RODOVIA BR 040 KM 40,6",20,,AMOREIRAS II,38600-001,DIESEL S10,25/01/2023,6.37,,R$ / litro,IPIRANGA,2023-11-21
SE,MG,PARACATU,POSTO PARACATU LTDA,07.830.113/0001-63,"RODOVIA BR 040 KM 40,6",20,,AMOREIRAS II,38600-001,GASOLINA ADITIVADA,25/01/2023,5.11,,R$ / litro,IPIRANGA,2023-11-21
SE,MG,PARACATU,POSTO PARACATU LTDA,07.830.113/0001-63,"RODOVIA BR 040 KM 40,6",20,,AMOREIRAS II,38600-001,GASOLINA,25/01/2023,4.99,,R$ / litro,IPIRANGA,2023-11-21
SE,MG,PARACATU,AUTO POSTO PORTAL DE MINAS LTDA,07.355.400/0001-69,RODOVIA PRESIDENTE JUSCELINO KUBITSCHEK,25,SALA  25,AMOREIRAS I,38600-442,ETANOL,25/01/2023,3.79,,R$ / litro,ALESAT,2023-11-21
SE,MG,PARACATU,AUTO POSTO PORTAL DE MINAS LTDA,07.355.400/0001-69,RODOVIA PRESIDENTE JUSCELINO KUBITSCHEK,25,SALA  25,AMOREIRAS I,38600-442,DIESEL S10,25/01/2023,6.36,,R$ / litro,ALESAT,2023-11-21
SE,MG,PARACATU,AUTO POSTO PORTAL DE MINAS LTDA,07.355.400/0001-69,RODOVIA PRESIDENTE JUSCELINO KUBITSCHEK,25,SALA  25,AMOREIRAS I,38600-442,GASOLINA ADITIVADA,25/01/2023,5.19,,R$ / litro,ALESAT,2023-11-21
SE,MG,PARACATU,AUTO POSTO PORTAL DE MINAS LTDA,07.355.400/0001-69,RODOVIA PRESIDENTE JUSCELINO KUBITSCHEK,25,SALA  25,AMOREIRAS I,38600-442,GASOLINA,25/01/2023,5.14,,R$ / litro,ALESAT,2023-11-21
SE,MG,PASSOS,POSTO RODA BRANCA LTDA,05.346.656/0001-84,AVENIDA JUCA STOCKLER,1973,,JARDIM DA TEKA,37901-506,ETANOL,26/01/2023,3.69,,R$ / litro,IPIRANGA,2023-11-21
SE,MG,PASSOS,POSTO RODA BRANCA LTDA,05.346.656/0001-84,AVENIDA JUCA STOCKLER,1973,,JARDIM DA TEKA,37901-506,DIESEL S10,26/01/2023,6.29,,R$ / litro,IPIRANGA,2023-11-21
SE,MG,PASSOS,POSTO RODA BRANCA LTDA,05.346.656/0001-84,AVENIDA JUCA STOCKLER,1973,,JARDIM DA TEKA,37901-506,DIESEL,26/01/2023,6.19,,R$ / litro,IPIRANGA,2023-11-21
SE,MG,PASSOS,POSTO RODA BRANCA LTDA,05.346.656/0001-84,AVENIDA JUCA STOCKLER,1973,,JARDIM DA TEKA,37901-506,GASOLINA,26/01/2023,4.99,,R$ / litro,IPIRANGA,2023-11-21
SE,MG,PASSOS,AUTO POSTO ARUANA LTDA,07.519.129/0001-50,RUA PARATI,2203,,RECANTO DA HARMONIA,37900-013,ETANOL,26/01/2023,3.75,,R$ / litro,VIBRA ENERGIA,2023-11-21
SE,MG,PASSOS,AUTO POSTO ARUANA LTDA,07.519.129/0001-50,RUA PARATI,2203,,RECANTO DA HARMONIA,37900-013,DIESEL S10,26/01/2023,6.49,,R$ / litro,VIBRA ENERGIA,2023-11-21
SE,MG,PASSOS,AUTO POSTO ARUANA LTDA,07.519.129/0001-50,RUA PARATI,2203,,RECANTO DA HARMONIA,37900-013,DIESEL,26/01/2023,6.39,,R$ / litro,VIBRA ENERGIA,2023-11-21
SE,MG,PASSOS,AUTO POSTO ARUANA LTDA,07.519.129/0001-50,RUA PARATI,2203,,RECANTO DA HARMONIA,37900-013,GASOLINA,26/01/2023,5.15,,R$ / litro,VIBRA ENERGIA,2023-11-21
SE,MG,PASSOS,POSTO CARRAO LTDA,05.959.164/0001-64,RUA FORMOSA,178,,CENTRO,37900-072,ETANOL,26/01/2023,3.99,,R$ / litro,VIBRA ENERGIA,2023-11-21
SE,MG,PASSOS,POSTO CARRAO LTDA,05.959.164/0001-64,RUA FORMOSA,178,,CENTRO,37900-072,DIESEL S10,26/01/2023,6.99,,R$ / litro,VIBRA ENERGIA,2023-11-21
SE,MG,PASSOS,POSTO CARRAO LTDA,05.959.164/0001-64,RUA FORMOSA,178,,CENTRO,37900-072,GASOLINA ADITIVADA,26/01/2023,5.35,,R$ / litro,VIBRA ENERGIA,2023-11-21
SE,MG,PASSOS,POSTO CARRAO LTDA,05.959.164/0001-64,RUA FORMOSA,178,,CENTRO,37900-072,GASOLINA,26/01/2023,5.19,,R$ / litro,VIBRA ENERGIA,2023-11-21
SE,MG,PASSOS,AUTO POSTO NOVO TOCANTINS LTDA,03.652.860/0001-06,RUA   TRES DE MAIO,56,,CENTRO,37900-124,ETANOL,26/01/2023,3.55,,R$ / litro,BRANCA,2023-11-21
SE,MG,PASSOS,AUTO POSTO NOVO TOCANTINS LTDA,03.652.860/0001-06,RUA   TRES DE MAIO,56,,CENTRO,37900-124,GASOLINA,26/01/2023,4.79,,R$ / litro,BRANCA,2023-11-21
SE,MG,PATOS DE MINAS,QUEIROZ DE MELO COMERCIO DE COMBUSTIVEIS LTDA,08.902.326/0001-16,RUA PONTO CHIC,224,,VILA GARCIA,38703-218,ETANOL,25/01/2023,3.69,,R$ / litro,BRANCA,2023-11-21
SE,MG,PATOS DE MINAS,QUEIROZ DE MELO COMERCIO DE COMBUSTIVEIS LTDA,08.902.326/0001-16,RUA PONTO CHIC,224,,VILA GARCIA,38703-218,DIESEL S10,25/01/2023,6.25,,R$ / litro,BRANCA,2023-11-21
SE,MG,PATOS DE MINAS,QUEIROZ DE MELO COMERCIO DE COMBUSTIVEIS LTDA,08.902.326/0001-16,RUA PONTO CHIC,224,,VILA GARCIA,38703-218,GASOLINA,25/01/2023,4.79,,R$ / litro,BRANCA,2023-11-21
SE,MG,PATOS DE MINAS,AUTO POSTO MARABA LTDA.,04.997.765/0001-07,AVENIDA MARABA,116,,ALTO CAICARAS,38702-192,ETANOL,25/01/2023,3.55,,R$ / litro,ALESAT,2023-11-21
SE,MG,PATOS DE MINAS,AUTO POSTO MARABA LTDA.,04.997.765/0001-07,AVENIDA MARABA,116,,ALTO CAICARAS,38702-192,DIESEL S10,25/01/2023,6.17,,R$ / litro,ALESAT,2023-11-21
SE,MG,PATOS DE MINAS,AUTO POSTO MARABA LTDA.,04.997.765/0001-07,AVENIDA MARABA,116,,ALTO CAICARAS,38702-192,DIESEL,25/01/2023,6.09,,R$ / litro,ALESAT,2023-11-21
SE,MG,PATOS DE MINAS,AUTO POSTO MARABA LTDA.,04.997.765/0001-07,AVENIDA MARABA,116,,ALTO CAICARAS,38702-192,GASOLINA,25/01/2023,4.71,,R$ / litro,ALESAT,2023-11-21
SE,MG,PATOS DE MINAS,COIMBRA E GOMES LTDA,02.036.182/0001-86,RUA PADRE CALDEIRA,209,,CENTRO,38700-044,ETANOL,26/01/2023,3.89,,R$ / litro,RAIZEN,2023-11-21
SE,MG,PATOS DE MINAS,COIMBRA E GOMES LTDA,02.036.182/0001-86,RUA PADRE CALDEIRA,209,,CENTRO,38700-044,DIESEL S10,26/01/2023,6.29,,R$ / litro,RAIZEN,2023-11-21
SE,MG,PATOS DE MINAS,COIMBRA E GOMES LTDA,02.036.182/0001-86,RUA PADRE CALDEIRA,209,,CENTRO,38700-044,GASOLINA ADITIVADA,26/01/2023,5.24,,R$ / litro,RAIZEN,2023-11-21
SE,MG,PATOS DE MINAS,COIMBRA E GOMES LTDA,02.036.182/0001-86,RUA PADRE CALDEIRA,209,,CENTRO,38700-044,GASOLINA,26/01/2023,5.04,,R$ / litro,RAIZEN,2023-11-21
SE,MG,PATOS DE MINAS,MENDES & GONCALVES LTDA,41.738.691/0002-93,AVENIDA BRASIL,2291,,CENTRO,38700-188,ETANOL,25/01/2023,3.69,,R$ / litro,RAIZEN,2023-11-21
SE,MG,PATOS DE MINAS,MENDES & GONCALVES LTDA,41.738.691/0002-93,AVENIDA BRASIL,2291,,CENTRO,38700-188,DIESEL S10,25/01/2023,6.25,,R$ / litro,RAIZEN,2023-11-21
SE,MG,PATOS DE MINAS,MENDES & GONCALVES LTDA,41.738.691/0002-93,AVENIDA BRASIL,2291,,CENTRO,38700-188,DIESEL,25/01/2023,6.15,,R$ / litro,RAIZEN,2023-11-21
SE,MG,PATOS DE MINAS,MENDES & GONCALVES LTDA,41.738.691/0002-93,AVENIDA BRASIL,2291,,CENTRO,38700-188,GASOLINA ADITIVADA,25/01/2023,5.09,,R$ / litro,RAIZEN,2023-11-21
SE,MG,PATOS DE MINAS,MENDES & GONCALVES LTDA,41.738.691/0002-93,AVENIDA BRASIL,2291,,CENTRO,38700-188,GASOLINA,25/01/2023,4.89,,R$ / litro,RAIZEN,2023-11-21
SE,MG,PATOS DE MINAS,AUTO POSTO CAICARAS LTDA,26.166.413/0001-34,AVENIDA MARABA,890,,CAICARAS,38703-900,ETANOL,25/01/2023,3.79,,R$ / litro,VIBRA ENERGIA,2023-11-21
SE,MG,PATOS DE MINAS,AUTO POSTO CAICARAS LTDA,26.166.413/0001-34,AVENIDA MARABA,890,,CAICARAS,38703-900,DIESEL S10,25/01/2023,6.29,,R$ / litro,VIBRA ENERGIA,2023-11-21
SE,MG,PATOS DE MINAS,AUTO POSTO CAICARAS LTDA,26.166.413/0001-34,AVENIDA MARABA,890,,CAICARAS,38703-900,DIESEL,25/01/2023,6.19,,R$ / litro,VIBRA ENERGIA,2023-11-21
SE,MG,PATOS DE MINAS,AUTO POSTO CAICARAS LTDA,26.166.413/0001-34,AVENIDA MARABA,890,,CAICARAS,38703-900,GASOLINA ADITIVADA,25/01/2023,4.89,,R$ / litro,VIBRA ENERGIA,2023-11-21
SE,MG,PATOS DE MINAS,AUTO POSTO CAICARAS LTDA,26.166.413/0001-34,AVENIDA MARABA,890,,CAICARAS,38703-900,GASOLINA,25/01/2023,4.89,,R$ / litro,VIBRA ENERGIA,2023-11-21
SE,MG,PATOS DE MINAS,POSTO PATURI LTDA,18.004.655/0001-01,RUA JOSE DE SANTANA,695,,CENTRO,38700-000,ETANOL,25/01/2023,3.89,,R$ / litro,IPIRANGA,2023-11-21
SE,MG,PATOS DE MINAS,POSTO PATURI LTDA,18.004.655/0001-01,RUA JOSE DE SANTANA,695,,CENTRO,38700-000,DIESEL S10,25/01/2023,6.39,,R$ / litro,IPIRANGA,2023-11-21
SE,MG,PATOS DE MINAS,POSTO PATURI LTDA,18.004.655/0001-01,RUA JOSE DE SANTANA,695,,CENTRO,38700-000,DIESEL,25/01/2023,6.29,,R$ / litro,IPIRANGA,2023-11-21
SE,MG,PATOS DE MINAS,POSTO PATURI LTDA,18.004.655/0001-01,RUA JOSE DE SANTANA,695,,CENTRO,38700-000,GASOLINA ADITIVADA,25/01/2023,5.09,,R$ / litro,IPIRANGA,2023-11-21
SE,MG,PATOS DE MINAS,POSTO PATURI LTDA,18.004.655/0001-01,RUA JOSE DE SANTANA,695,,CENTRO,38700-000,GASOLINA,25/01/2023,4.96,,R$ / litro,IPIRANGA,2023-11-21
SE,MG,PATOS DE MINAS,PARQUE AUTO POSTO LTDA,05.385.747/0001-29,AVENIDA MARABA,525,,ALTO DOS CAICARAS,38703-236,ETANOL,25/01/2023,3.55,,R$ / litro,BRANCA,2023-11-21
SE,MG,PATOS DE MINAS,PARQUE AUTO POSTO LTDA,05.385.747/0001-29,AVENIDA MARABA,525,,ALTO DOS CAICARAS,38703-236,DIESEL S10,25/01/2023,6.14,,R$ / litro,BRANCA,2023-11-21
SE,MG,PATOS DE MINAS,PARQUE AUTO POSTO LTDA,05.385.747/0001-29,AVENIDA MARABA,525,,ALTO DOS CAICARAS,38703-236,GASOLINA,25/01/2023,4.71,,R$ / litro,BRANCA,2023-11-21
SE,MG,PATOS DE MINAS,PIT STOP ABASTECIMENTOS LTDA,02.593.278/0001-45,PRACA NOSSA SENHORA DE FATIMA,50,,ROSARIO,38701-026,ETANOL,25/01/2023,3.78,,R$ / litro,VIBRA ENERGIA,2023-11-21
SE,MG,PATOS DE MINAS,PIT STOP ABASTECIMENTOS LTDA,02.593.278/0001-45,PRACA NOSSA SENHORA DE FATIMA,50,,ROSARIO,38701-026,DIESEL S10,25/01/2023,6.18,,R$ / litro,VIBRA ENERGIA,2023-11-21
SE,MG,PATOS DE MINAS,PIT STOP ABASTECIMENTOS LTDA,02.593.278/0001-45,PRACA NOSSA SENHORA DE FATIMA,50,,ROSARIO,38701-026,GASOLINA ADITIVADA,25/01/2023,4.88,,R$ / litro,VIBRA ENERGIA,2023-11-21
SE,MG,PATOS DE MINAS,PIT STOP ABASTECIMENTOS LTDA,02.593.278/0001-45,PRACA NOSSA SENHORA DE FATIMA,50,,ROSARIO,38701-026,GASOLINA,25/01/2023,4.88,,R$ / litro,VIBRA ENERGIA,2023-11-21
SE,MG,PATOS DE MINAS,POSTOS ALPA LTDA,02.234.943/0007-08,RUA D. LUIZA,1701,,CRISTO REDENTOR,38700-062,ETANOL,26/01/2023,3.99,,R$ / litro,RAIZEN,2023-11-21
SE,MG,PATOS DE MINAS,POSTOS ALPA LTDA,02.234.943/0007-08,RUA D. LUIZA,1701,,CRISTO REDENTOR,38700-062,DIESEL S10,26/01/2023,6.09,,R$ / litro,RAIZEN,2023-11-21
SE,MG,PATOS DE MINAS,POSTOS ALPA LTDA,02.234.943/0007-08,RUA D. LUIZA,1701,,CRISTO REDENTOR,38700-062,DIESEL,26/01/2023,5.99,,R$ / litro,RAIZEN,2023-11-21
SE,MG,PATOS DE MINAS,POSTOS ALPA LTDA,02.234.943/0007-08,RUA D. LUIZA,1701,,CRISTO REDENTOR,38700-062,GASOLINA ADITIVADA,26/01/2023,5.39,,R$ / litro,RAIZEN,2023-11-21
SE,MG,PATOS DE MINAS,POSTOS ALPA LTDA,02.234.943/0007-08,RUA D. LUIZA,1701,,CRISTO REDENTOR,38700-062,GASOLINA,26/01/2023,4.99,,R$ / litro,RAIZEN,2023-11-21
SE,MG,POCOS DE CALDAS,AUTO POSTO DIOGO & SILVA LTDA.,08.777.883/0001-52,AVENIDA VEREADOR EDMUNDO CARDILLO,56,,PARQUE VIVALDI LEITE RIBEIRO,37706-106,ETANOL,24/01/2023,3.79,,R$ / litro,BRANCA,2023-11-21
SE,MG,POCOS DE CALDAS,AUTO POSTO DIOGO & SILVA LTDA.,08.777.883/0001-52,AVENIDA VEREADOR EDMUNDO CARDILLO,56,,PARQUE VIVALDI LEITE RIBEIRO,37706-106,DIESEL S10,24/01/2023,6.09,,R$ / litro,BRANCA,2023-11-21
SE,MG,POCOS DE CALDAS,AUTO POSTO DIOGO & SILVA LTDA.,08.777.883/0001-52,AVENIDA VEREADOR EDMUNDO CARDILLO,56,,PARQUE VIVALDI LEITE RIBEIRO,37706-106,DIESEL,24/01/2023,5.99,,R$ / litro,BRANCA,2023-11-21
SE,MG,POCOS DE CALDAS,AUTO POSTO DIOGO & SILVA LTDA.,08.777.883/0001-52,AVENIDA VEREADOR EDMUNDO CARDILLO,56,,PARQUE VIVALDI LEITE RIBEIRO,37706-106,GASOLINA ADITIVADA,24/01/2023,4.89,,R$ / litro,BRANCA,2023-11-21
SE,MG,POCOS DE CALDAS,AUTO POSTO DIOGO & SILVA LTDA.,08.777.883/0001-52,AVENIDA VEREADOR EDMUNDO CARDILLO,56,,PARQUE VIVALDI LEITE RIBEIRO,37706-106,GASOLINA,24/01/2023,4.89,,R$ / litro,BRANCA,2023-11-21
SE,MG,POCOS DE CALDAS,AUTO POSTO REKAR LTDA.,07.341.138/0001-01,RUA CEL. VIRIGILIO SILVA,1578,,VILA NOVA,37701-103,ETANOL,24/01/2023,3.49,,R$ / litro,IPIRANGA,2023-11-21
SE,MG,POCOS DE CALDAS,AUTO POSTO REKAR LTDA.,07.341.138/0001-01,RUA CEL. VIRIGILIO SILVA,1578,,VILA NOVA,37701-103,DIESEL S10,24/01/2023,6.19,,R$ / litro,IPIRANGA,2023-11-21
SE,MG,POCOS DE CALDAS,AUTO POSTO REKAR LTDA.,07.341.138/0001-01,RUA CEL. VIRIGILIO SILVA,1578,,VILA NOVA,37701-103,DIESEL,24/01/2023,6.19,,R$ / litro,IPIRANGA,2023-11-21
SE,MG,POCOS DE CALDAS,AUTO POSTO REKAR LTDA.,07.341.138/0001-01,RUA CEL. VIRIGILIO SILVA,1578,,VILA NOVA,37701-103,GASOLINA ADITIVADA,24/01/2023,4.99,,R$ / litro,IPIRANGA,2023-11-21
SE,MG,POCOS DE CALDAS,AUTO POSTO REKAR LTDA.,07.341.138/0001-01,RUA CEL. VIRIGILIO SILVA,1578,,VILA NOVA,37701-103,GASOLINA,24/01/2023,4.69,,R$ / litro,IPIRANGA,2023-11-21
SE,MG,POCOS DE CALDAS,MANTOVANI & MANTOVANI 1 LTDA,07.543.490/0001-11,AVENIDA JOAO PINHEIRO,5638,,BORTOLAN NORTE I,37704-392,ETANOL,24/01/2023,3.69,,R$ / litro,VIBRA ENERGIA,2023-11-21
SE,MG,POCOS DE CALDAS,MANTOVANI & MANTOVANI 1 LTDA,07.543.490/0001-11,AVENIDA JOAO PINHEIRO,5638,,BORTOLAN NORTE I,37704-392,DIESEL S10,24/01/2023,6.29,,R$ / litro,VIBRA ENERGIA,2023-11-21
SE,MG,POCOS DE CALDAS,MANTOVANI & MANTOVANI 1 LTDA,07.543.490/0001-11,AVENIDA JOAO PINHEIRO,5638,,BORTOLAN NORTE I,37704-392,DIESEL,24/01/2023,6.19,,R$ / litro,VIBRA ENERGIA,2023-11-21
SE,MG,POCOS DE CALDAS,MANTOVANI & MANTOVANI 1 LTDA,07.543.490/0001-11,AVENIDA JOAO PINHEIRO,5638,,BORTOLAN NORTE I,37704-392,GASOLINA ADITIVADA,24/01/2023,4.99,,R$ / litro,VIBRA ENERGIA,2023-11-21
SE,MG,POCOS DE CALDAS,MANTOVANI & MANTOVANI 1 LTDA,07.543.490/0001-11,AVENIDA JOAO PINHEIRO,5638,,BORTOLAN NORTE I,37704-392,GASOLINA,24/01/2023,4.79,,R$ / litro,VIBRA ENERGIA,2023-11-21
SE,MG,POCOS DE CALDAS,POSTO AVENIDA LTDA,18.625.228/0001-32,AVENIDA JOAO PINHEIRO,1935,,CENTRO,37701-387,ETANOL,24/01/2023,3.89,,R$ / litro,IPIRANGA,2023-11-21
SE,MG,POCOS DE CALDAS,POSTO AVENIDA LTDA,18.625.228/0001-32,AVENIDA JOAO PINHEIRO,1935,,CENTRO,37701-387,DIESEL S10,24/01/2023,6.29,,R$ / litro,IPIRANGA,2023-11-21
SE,MG,POCOS DE CALDAS,POSTO AVENIDA LTDA,18.625.228/0001-32,AVENIDA JOAO PINHEIRO,1935,,CENTRO,37701-387,DIESEL,24/01/2023,6.24,,R$ / litro,IPIRANGA,2023-11-21
SE,MG,POCOS DE CALDAS,POSTO AVENIDA LTDA,18.625.228/0001-32,AVENIDA JOAO PINHEIRO,1935,,CENTRO,37701-387,GASOLINA ADITIVADA,24/01/2023,5.09,,R$ / litro,IPIRANGA,2023-11-21
SE,MG,POCOS DE CALDAS,POSTO AVENIDA LTDA,18.625.228/0001-32,AVENIDA JOAO PINHEIRO,1935,,CENTRO,37701-387,GASOLINA,24/01/2023,4.89,,R$ / litro,IPIRANGA,2023-11-21
SE,MG,POCOS DE CALDAS,MANTOVANI & MANTOVANI JOAO PINHEIRO 2 LTDA,02.327.487/0001-47,AVENIDA JOAO PINHEIRO,1248,,JOAO PINHEIRO,37701-387,ETANOL,24/01/2023,3.58,,R$ / litro,BRANCA,2023-11-21
SE,MG,POCOS DE CALDAS,MANTOVANI & MANTOVANI JOAO PINHEIRO 2 LTDA,02.327.487/0001-47,AVENIDA JOAO PINHEIRO,1248,,JOAO PINHEIRO,37701-387,DIESEL S10,24/01/2023,6.49,,R$ / litro,BRANCA,2023-11-21
SE,MG,POCOS DE CALDAS,MANTOVANI & MANTOVANI JOAO PINHEIRO 2 LTDA,02.327.487/0001-47,AVENIDA JOAO PINHEIRO,1248,,JOAO PINHEIRO,37701-387,DIESEL,24/01/2023,6.39,,R$ / litro,BRANCA,2023-11-21
SE,MG,POCOS DE CALDAS,MANTOVANI & MANTOVANI JOAO PINHEIRO 2 LTDA,02.327.487/0001-47,AVENIDA JOAO PINHEIRO,1248,,JOAO PINHEIRO,37701-387,GASOLINA,24/01/2023,4.68,,R$ / litro,BRANCA,2023-11-21
SE,MG,POCOS DE CALDAS,AUTO POSTO PETROMINAS LTDA,00.389.962/0001-84,AVENIDA JOAO PINHEIRO,216,,CENTRO,37701-387,ETANOL,24/01/2023,3.68,,R$ / litro,VIBRA ENERGIA,2023-11-21
SE,MG,POCOS DE CALDAS,AUTO POSTO PETROMINAS LTDA,00.389.962/0001-84,AVENIDA JOAO PINHEIRO,216,,CENTRO,37701-387,GASOLINA ADITIVADA,24/01/2023,4.65,,R$ / litro,VIBRA ENERGIA,2023-11-21
SE,MG,POCOS DE CALDAS,AUTO POSTO PETROMINAS LTDA,00.389.962/0001-84,AVENIDA JOAO PINHEIRO,216,,CENTRO,37701-387,GASOLINA,24/01/2023,4.65,,R$ / litro,VIBRA ENERGIA,2023-11-21
SE,MG,POUSO ALEGRE,AGENOR POSTO DE COMBUSTIVEIS LTDA.,19.283.605/0001-65,AVENIDA PINTO COBRA,1480,,JARDIM SAO JOSE,37554-027,ETANOL,26/01/2023,3.79,,R$ / litro,VIBRA ENERGIA,2023-11-21
SE,MG,POUSO ALEGRE,AGENOR POSTO DE COMBUSTIVEIS LTDA.,19.283.605/0001-65,AVENIDA PINTO COBRA,1480,,JARDIM SAO JOSE,37554-027,DIESEL S10,26/01/2023,6.27,,R$ / litro,VIBRA ENERGIA,2023-11-21
SE,MG,POUSO ALEGRE,AGENOR POSTO DE COMBUSTIVEIS LTDA.,19.283.605/0001-65,AVENIDA PINTO COBRA,1480,,JARDIM SAO JOSE,37554-027,DIESEL,26/01/2023,6.19,,R$ / litro,VIBRA ENERGIA,2023-11-21
SE,MG,POUSO ALEGRE,AGENOR POSTO DE COMBUSTIVEIS LTDA.,19.283.605/0001-65,AVENIDA PINTO COBRA,1480,,JARDIM SAO JOSE,37554-027,GASOLINA ADITIVADA,26/01/2023,4.95,,R$ / litro,VIBRA ENERGIA,2023-11-21
SE,MG,POUSO ALEGRE,AGENOR POSTO DE COMBUSTIVEIS LTDA.,19.283.605/0001-65,AVENIDA PINTO COBRA,1480,,JARDIM SAO JOSE,37554-027,GASOLINA,26/01/2023,4.89,,R$ / litro,VIBRA ENERGIA,2023-11-21
SE,MG,POUSO ALEGRE,AUTO POSTO POUSO ALEGRE LTDA,18.605.436/0001-70,AVENIDA VICENTE SIMOES,400,,R.F.F.S.A.,37550-001,ETANOL,26/01/2023,3.69,,R$ / litro,IPIRANGA,2023-11-21
SE,MG,POUSO ALEGRE,AUTO POSTO POUSO ALEGRE LTDA,18.605.436/0001-70,AVENIDA VICENTE SIMOES,400,,R.F.F.S.A.,37550-001,DIESEL S10,26/01/2023,6.27,,R$ / litro,IPIRANGA,2023-11-21
SE,MG,POUSO ALEGRE,AUTO POSTO POUSO ALEGRE LTDA,18.605.436/0001-70,AVENIDA VICENTE SIMOES,400,,R.F.F.S.A.,37550-001,GASOLINA ADITIVADA,26/01/2023,5.19,,R$ / litro,IPIRANGA,2023-11-21
SE,MG,POUSO ALEGRE,AUTO POSTO POUSO ALEGRE LTDA,18.605.436/0001-70,AVENIDA VICENTE SIMOES,400,,R.F.F.S.A.,37550-001,GASOLINA,26/01/2023,4.89,,R$ / litro,IPIRANGA,2023-11-21
SE,MG,POUSO ALEGRE,AUTO POSTO DAS INDUSTRIAS LTDA,17.934.365/0001-96,AVENIDA PREFEITO OLAVO GOMES DE OLIVEIRA,1760,,VILA COSTA RIOS,37558-300,ETANOL,26/01/2023,3.79,,R$ / litro,RAIZEN,2023-11-21
SE,MG,POUSO ALEGRE,AUTO POSTO DAS INDUSTRIAS LTDA,17.934.365/0001-96,AVENIDA PREFEITO OLAVO GOMES DE OLIVEIRA,1760,,VILA COSTA RIOS,37558-300,DIESEL S10,26/01/2023,6.49,,R$ / litro,RAIZEN,2023-11-21
SE,MG,POUSO ALEGRE,AUTO POSTO DAS INDUSTRIAS LTDA,17.934.365/0001-96,AVENIDA PREFEITO OLAVO GOMES DE OLIVEIRA,1760,,VILA COSTA RIOS,37558-300,GASOLINA ADITIVADA,26/01/2023,5.49,,R$ / litro,RAIZEN,2023-11-21
SE,MG,POUSO ALEGRE,AUTO POSTO DAS INDUSTRIAS LTDA,17.934.365/0001-96,AVENIDA PREFEITO OLAVO GOMES DE OLIVEIRA,1760,,VILA COSTA RIOS,37558-300,GASOLINA,26/01/2023,5.19,,R$ / litro,RAIZEN,2023-11-21
SE,MG,POUSO ALEGRE,AUTO POSTO VISTA ALEGRE LTDA,04.434.149/0001-30,RUA ERICKSON FLAVIO DA SILVA,2950,,GAMBA,37550-001,GASOLINA,26/01/2023,4.94,,R$ / litro,BRANCA,2023-11-21
SE,MG,POUSO ALEGRE,AUTO POSTO VISTA ALEGRE LTDA,04.434.149/0001-30,RUA ERICKSON FLAVIO DA SILVA,2950,,GAMBA,37550-001,ETANOL,26/01/2023,3.59,,R$ / litro,BRANCA,2023-11-21
SE,MG,POUSO ALEGRE,AUTO POSTO VISTA ALEGRE LTDA,04.434.149/0001-30,RUA ERICKSON FLAVIO DA SILVA,2950,,GAMBA,37550-001,DIESEL S10,26/01/2023,6.21,,R$ / litro,BRANCA,2023-11-21
SE,MG,POUSO ALEGRE,AUTO POSTO VISTA ALEGRE LTDA,04.434.149/0001-30,RUA ERICKSON FLAVIO DA SILVA,2950,,GAMBA,37550-001,DIESEL,26/01/2023,6.09,,R$ / litro,BRANCA,2023-11-21
SE,MG,POUSO ALEGRE,AUTO POSTO PETROALEGRE LTDA,03.887.385/0001-49,AVENIDA ANTONIO MARIOSA,3245,,JARDIM YARA,37550-001,ETANOL,26/01/2023,3.55,,R$ / litro,BRANCA,2023-11-21
SE,MG,POUSO ALEGRE,AUTO POSTO PETROALEGRE LTDA,03.887.385/0001-49,AVENIDA ANTONIO MARIOSA,3245,,JARDIM YARA,37550-001,DIESEL S10,26/01/2023,6.21,,R$ / litro,BRANCA,2023-11-21
SE,MG,POUSO ALEGRE,AUTO POSTO PETROALEGRE LTDA,03.887.385/0001-49,AVENIDA ANTONIO MARIOSA,3245,,JARDIM YARA,37550-001,DIESEL,26/01/2023,6.09,,R$ / litro,BRANCA,2023-11-21
SE,MG,POUSO ALEGRE,AUTO POSTO PETROALEGRE LTDA,03.887.385/0001-49,AVENIDA ANTONIO MARIOSA,3245,,JARDIM YARA,37550-001,GASOLINA,26/01/2023,4.94,,R$ / litro,BRANCA,2023-11-21
SE,MG,POUSO ALEGRE,POSTO GLORIA II LTDA,03.709.278/0001-20,RUA COMENDADOR JOSE GARCIA,502,,CENTRO,37550-000,ETANOL,26/01/2023,3.79,,R$ / litro,RAIZEN,2023-11-21
SE,MG,POUSO ALEGRE,POSTO GLORIA II LTDA,03.709.278/0001-20,RUA COMENDADOR JOSE GARCIA,502,,CENTRO,37550-000,GASOLINA,26/01/2023,5.19,,R$ / litro,RAIZEN,2023-11-21
SE,MG,SAO JOAO DEL REI,ORGANIZACOES TEXAS LTDA,00.786.662/0001-39,PRACA DOS EXPEDICIONARIOS,11,,CENTRO,36307-370,ETANOL,25/01/2023,3.69,,R$ / litro,RAIZEN,2023-11-21
SE,MG,SAO JOAO DEL REI,ORGANIZACOES TEXAS LTDA,00.786.662/0001-39,PRACA DOS EXPEDICIONARIOS,11,,CENTRO,36307-370,GASOLINA ADITIVADA,25/01/2023,5.59,,R$ / litro,RAIZEN,2023-11-21
SE,MG,SAO JOAO DEL REI,ORGANIZACOES TEXAS LTDA,00.786.662/0001-39,PRACA DOS EXPEDICIONARIOS,11,,CENTRO,36307-370,GASOLINA,25/01/2023,5.19,,R$ / litro,RAIZEN,2023-11-21
SE,MG,SAO JOAO DEL REI,PAIVA & PAIVA COMBUSTÍVEL SAOJOANENSE LTDA.,07.304.262/0001-99,AVENIDA JOSUÉ DE QUEIROZ,1619,,MATOSINHOS,36305-144,ETANOL,25/01/2023,3.89,,R$ / litro,BRANCA,2023-11-21
SE,MG,SAO JOAO DEL REI,PAIVA & PAIVA COMBUSTÍVEL SAOJOANENSE LTDA.,07.304.262/0001-99,AVENIDA JOSUÉ DE QUEIROZ,1619,,MATOSINHOS,36305-144,DIESEL S10,25/01/2023,6.19,,R$ / litro,BRANCA,2023-11-21
SE,MG,SAO JOAO DEL REI,PAIVA & PAIVA COMBUSTÍVEL SAOJOANENSE LTDA.,07.304.262/0001-99,AVENIDA JOSUÉ DE QUEIROZ,1619,,MATOSINHOS,36305-144,DIESEL,25/01/2023,6.09,,R$ / litro,BRANCA,2023-11-21
SE,MG,SAO JOAO DEL REI,PAIVA & PAIVA COMBUSTÍVEL SAOJOANENSE LTDA.,07.304.262/0001-99,AVENIDA JOSUÉ DE QUEIROZ,1619,,MATOSINHOS,36305-144,GASOLINA ADITIVADA,25/01/2023,5.05,,R$ / litro,BRANCA,2023-11-21
SE,MG,SAO JOAO DEL REI,PAIVA & PAIVA COMBUSTÍVEL SAOJOANENSE LTDA.,07.304.262/0001-99,AVENIDA JOSUÉ DE QUEIROZ,1619,,MATOSINHOS,36305-144,GASOLINA,25/01/2023,5.05,,R$ / litro,BRANCA,2023-11-21
SE,MG,SAO JOAO DEL REI,COMERCIO E DISTRIBUICAO SALES LTDA,05.418.619/0013-78,AVENIDA LEITE DE CASTRO,261,A,FABRICAS,36301-182,ETANOL,25/01/2023,3.69,,R$ / litro,BRANCA,2023-11-21
SE,MG,SAO JOAO DEL REI,COMERCIO E DISTRIBUICAO SALES LTDA,05.418.619/0013-78,AVENIDA LEITE DE CASTRO,261,A,FABRICAS,36301-182,DIESEL S10,25/01/2023,6.29,,R$ / litro,BRANCA,2023-11-21
SE,MG,SAO JOAO DEL REI,COMERCIO E DISTRIBUICAO SALES LTDA,05.418.619/0013-78,AVENIDA LEITE DE CASTRO,261,A,FABRICAS,36301-182,GASOLINA ADITIVADA,25/01/2023,4.95,,R$ / litro,BRANCA,2023-11-21
SE,MG,SAO JOAO DEL REI,COMERCIO E DISTRIBUICAO SALES LTDA,05.418.619/0013-78,AVENIDA LEITE DE CASTRO,261,A,FABRICAS,36301-182,GASOLINA,25/01/2023,4.85,,R$ / litro,BRANCA,2023-11-21
SE,MG,SAO JOAO DEL REI,MASTER COMERCIO DERIVADOS DE PETROLEO LTDA,01.372.378/0001-89,AVENIDA JOSUE DE QUEIROZ,563,,MATOSINHOS,36305-146,ETANOL,25/01/2023,3.98,,R$ / litro,IPIRANGA,2023-11-21
SE,MG,SAO JOAO DEL REI,MASTER COMERCIO DERIVADOS DE PETROLEO LTDA,01.372.378/0001-89,AVENIDA JOSUE DE QUEIROZ,563,,MATOSINHOS,36305-146,DIESEL S10,25/01/2023,6.43,,R$ / litro,IPIRANGA,2023-11-21
SE,MG,SAO JOAO DEL REI,MASTER COMERCIO DERIVADOS DE PETROLEO LTDA,01.372.378/0001-89,AVENIDA JOSUE DE QUEIROZ,563,,MATOSINHOS,36305-146,GASOLINA ADITIVADA,25/01/2023,5.48,,R$ / litro,IPIRANGA,2023-11-21
SE,MG,SAO JOAO DEL REI,MASTER COMERCIO DERIVADOS DE PETROLEO LTDA,01.372.378/0001-89,AVENIDA JOSUE DE QUEIROZ,563,,MATOSINHOS,36305-146,GASOLINA,25/01/2023,5.08,,R$ / litro,IPIRANGA,2023-11-21
SE,MG,SAO JOAO DEL REI,POSTO SHARK LTDA,03.128.389/0001-43,RUA JESUS SILVA,445,,MATOSINHOS,36305-160,ETANOL,25/01/2023,3.69,,R$ / litro,BRANCA,2023-11-21
SE,MG,SAO JOAO DEL REI,POSTO SHARK LTDA,03.128.389/0001-43,RUA JESUS SILVA,445,,MATOSINHOS,36305-160,DIESEL S10,25/01/2023,6.29,,R$ / litro,BRANCA,2023-11-21
SE,MG,SAO JOAO DEL REI,POSTO SHARK LTDA,03.128.389/0001-43,RUA JESUS SILVA,445,,MATOSINHOS,36305-160,GASOLINA ADITIVADA,25/01/2023,4.95,,R$ / litro,BRANCA,2023-11-21
SE,MG,SAO JOAO DEL REI,POSTO SHARK LTDA,03.128.389/0001-43,RUA JESUS SILVA,445,,MATOSINHOS,36305-160,GASOLINA,25/01/2023,4.85,,R$ / litro,BRANCA,2023-11-21
SE,MG,SAO JOAO DEL REI,AUTO POSTO CANADA LTDA EPP,02.644.577/0001-61,AVENIDA 31 DE MARÇO,30,,COLONIA DO MARÇAL,36300-000,ETANOL,25/01/2023,4.08,,R$ / litro,ALESAT,2023-11-21
SE,MG,SAO JOAO DEL REI,AUTO POSTO CANADA LTDA EPP,02.644.577/0001-61,AVENIDA 31 DE MARÇO,30,,COLONIA DO MARÇAL,36300-000,DIESEL S10,25/01/2023,6.71,,R$ / litro,ALESAT,2023-11-21
SE,MG,SAO JOAO DEL REI,AUTO POSTO CANADA LTDA EPP,02.644.577/0001-61,AVENIDA 31 DE MARÇO,30,,COLONIA DO MARÇAL,36300-000,DIESEL,25/01/2023,6.6,,R$ / litro,ALESAT,2023-11-21
SE,MG,SAO JOAO DEL REI,AUTO POSTO CANADA LTDA EPP,02.644.577/0001-61,AVENIDA 31 DE MARÇO,30,,COLONIA DO MARÇAL,36300-000,GASOLINA,25/01/2023,5.2,,R$ / litro,ALESAT,2023-11-21
SE,MG,SAO JOAO DEL REI,MAXXI COMERCIO DE DERIVADOS DE PETROLEO LTDA,02.599.412/0001-15,RUA MARIA TERESA,111,,CENTRO,36300-195,ETANOL,25/01/2023,3.67,,R$ / litro,BRANCA,2023-11-21
SE,MG,SAO JOAO DEL REI,MAXXI COMERCIO DE DERIVADOS DE PETROLEO LTDA,02.599.412/0001-15,RUA MARIA TERESA,111,,CENTRO,36300-195,DIESEL S10,25/01/2023,6.27,,R$ / litro,BRANCA,2023-11-21
SE,MG,SAO JOAO DEL REI,MAXXI COMERCIO DE DERIVADOS DE PETROLEO LTDA,02.599.412/0001-15,RUA MARIA TERESA,111,,CENTRO,36300-195,GASOLINA ADITIVADA,25/01/2023,5.13,,R$ / litro,BRANCA,2023-11-21
SE,MG,SAO JOAO DEL REI,MAXXI COMERCIO DE DERIVADOS DE PETROLEO LTDA,02.599.412/0001-15,RUA MARIA TERESA,111,,CENTRO,36300-195,GASOLINA,25/01/2023,5.13,,R$ / litro,BRANCA,2023-11-21
SE,MG,SAO JOAO DEL REI,AGOSTINI COMERCIO E TRANSPORTE DE PETROLEO LTDA,02.309.786/0001-59,AVENIDA REI TOME PORTES DEL REI,511,,MATOZINHOS,36305-058,ETANOL,25/01/2023,3.95,,R$ / litro,RAIZEN,2023-11-21
SE,MG,SAO JOAO DEL REI,AGOSTINI COMERCIO E TRANSPORTE DE PETROLEO LTDA,02.309.786/0001-59,AVENIDA REI TOME PORTES DEL REI,511,,MATOZINHOS,36305-058,DIESEL S10,25/01/2023,6.15,,R$ / litro,RAIZEN,2023-11-21
SE,MG,SAO JOAO DEL REI,AGOSTINI COMERCIO E TRANSPORTE DE PETROLEO LTDA,02.309.786/0001-59,AVENIDA REI TOME PORTES DEL REI,511,,MATOZINHOS,36305-058,DIESEL,25/01/2023,6.05,,R$ / litro,RAIZEN,2023-11-21
SE,MG,SAO JOAO DEL REI,AGOSTINI COMERCIO E TRANSPORTE DE PETROLEO LTDA,02.309.786/0001-59,AVENIDA REI TOME PORTES DEL REI,511,,MATOZINHOS,36305-058,GASOLINA,25/01/2023,5.15,,R$ / litro,RAIZEN,2023-11-21
SE,MG,SAO SEBASTIAO DO PARAISO,AUTO POSTO SAO JOSE LTDA,24.902.082/0001-28,RUA DR PLACIDINO BRIGAGAO,1440,,CENTRO,37950-000,ETANOL,24/01/2023,3.99,,R$ / litro,VIBRA ENERGIA,2023-11-21
SE,MG,SAO SEBASTIAO DO PARAISO,AUTO POSTO SAO JOSE LTDA,24.902.082/0001-28,RUA DR PLACIDINO BRIGAGAO,1440,,CENTRO,37950-000,DIESEL S10,24/01/2023,6.29,,R$ / litro,VIBRA ENERGIA,2023-11-21
SE,MG,SAO SEBASTIAO DO PARAISO,AUTO POSTO SAO JOSE LTDA,24.902.082/0001-28,RUA DR PLACIDINO BRIGAGAO,1440,,CENTRO,37950-000,DIESEL,24/01/2023,6.19,,R$ / litro,VIBRA ENERGIA,2023-11-21
SE,MG,SAO SEBASTIAO DO PARAISO,AUTO POSTO SAO JOSE LTDA,24.902.082/0001-28,RUA DR PLACIDINO BRIGAGAO,1440,,CENTRO,37950-000,GASOLINA,24/01/2023,5.29,,R$ / litro,VIBRA ENERGIA,2023-11-21
SE,MG,SAO SEBASTIAO DO PARAISO,JACARE AUTO POSTO LTDA,20.423.562/0001-55,AVENIDA OLIVEIRA REZENDE,1016,,CENTRO,37950-000,ETANOL,24/01/2023,3.99,,R$ / litro,IPIRANGA,2023-11-21
SE,MG,SAO SEBASTIAO DO PARAISO,JACARE AUTO POSTO LTDA,20.423.562/0001-55,AVENIDA OLIVEIRA REZENDE,1016,,CENTRO,37950-000,DIESEL S10,24/01/2023,6.46,,R$ / litro,IPIRANGA,2023-11-21
SE,MG,SAO SEBASTIAO DO PARAISO,JACARE AUTO POSTO LTDA,20.423.562/0001-55,AVENIDA OLIVEIRA REZENDE,1016,,CENTRO,37950-000,DIESEL,24/01/2023,6.34,,R$ / litro,IPIRANGA,2023-11-21
SE,MG,SAO SEBASTIAO DO PARAISO,JACARE AUTO POSTO LTDA,20.423.562/0001-55,AVENIDA OLIVEIRA REZENDE,1016,,CENTRO,37950-000,GASOLINA ADITIVADA,24/01/2023,5.4,,R$ / litro,IPIRANGA,2023-11-21
SE,MG,SAO SEBASTIAO DO PARAISO,JACARE AUTO POSTO LTDA,20.423.562/0001-55,AVENIDA OLIVEIRA REZENDE,1016,,CENTRO,37950-000,GASOLINA,24/01/2023,5.29,,R$ / litro,IPIRANGA,2023-11-21
SE,MG,SAO SEBASTIAO DO PARAISO,SAMAMBAIA AUTO POSTO LTDA,17.618.091/0001-26,AVENIDA MONSENHOR MANCINI,S/N,,VIDA DALVA,37950-000,ETANOL,24/01/2023,3.99,,R$ / litro,IPIRANGA,2023-11-21
SE,MG,SAO SEBASTIAO DO PARAISO,SAMAMBAIA AUTO POSTO LTDA,17.618.091/0001-26,AVENIDA MONSENHOR MANCINI,S/N,,VIDA DALVA,37950-000,DIESEL S10,24/01/2023,6.29,,R$ / litro,IPIRANGA,2023-11-21
SE,MG,SAO SEBASTIAO DO PARAISO,SAMAMBAIA AUTO POSTO LTDA,17.618.091/0001-26,AVENIDA MONSENHOR MANCINI,S/N,,VIDA DALVA,37950-000,DIESEL,24/01/2023,6.19,,R$ / litro,IPIRANGA,2023-11-21
SE,MG,SAO SEBASTIAO DO PARAISO,SAMAMBAIA AUTO POSTO LTDA,17.618.091/0001-26,AVENIDA MONSENHOR MANCINI,S/N,,VIDA DALVA,37950-000,GASOLINA ADITIVADA,24/01/2023,5.39,,R$ / litro,IPIRANGA,2023-11-21
SE,MG,SAO SEBASTIAO DO PARAISO,SAMAMBAIA AUTO POSTO LTDA,17.618.091/0001-26,AVENIDA MONSENHOR MANCINI,S/N,,VIDA DALVA,37950-000,GASOLINA,24/01/2023,5.29,,R$ / litro,IPIRANGA,2023-11-21
SE,MG,SETE LAGOAS,GNV IGAS LTDA,04.758.543/0001-23,RUA DR. SEBASTIAO MASCARENHAS,188,,SAO GERALDO,35700-176,ETANOL,23/01/2023,3.82,,R$ / litro,ALESAT,2023-11-21
SE,MG,SETE LAGOAS,GNV IGAS LTDA,04.758.543/0001-23,RUA DR. SEBASTIAO MASCARENHAS,188,,SAO GERALDO,35700-176,GASOLINA,23/01/2023,4.79,,R$ / litro,ALESAT,2023-11-21
SE,MG,SETE LAGOAS,GNV IGAS LTDA,04.758.543/0001-23,RUA DR. SEBASTIAO MASCARENHAS,188,,SAO GERALDO,35700-176,GNV,23/01/2023,4.85,,R$ / m³,ALESAT,2023-11-21
SE,MG,SETE LAGOAS,REDE SANTANA COMBUSTIVEIS E GNV SETE LAGOAS LTDA,04.305.250/0001-90,AVENIDA DR. RENATO AZEREDO,2299,,CHACARA DO PAIVA,35700-312,ETANOL,23/01/2023,3.64,,R$ / litro,BRANCA,2023-11-21
SE,MG,SETE LAGOAS,REDE SANTANA COMBUSTIVEIS E GNV SETE LAGOAS LTDA,04.305.250/0001-90,AVENIDA DR. RENATO AZEREDO,2299,,CHACARA DO PAIVA,35700-312,DIESEL S10,23/01/2023,5.99,,R$ / litro,BRANCA,2023-11-21
SE,MG,SETE LAGOAS,REDE SANTANA COMBUSTIVEIS E GNV SETE LAGOAS LTDA,04.305.250/0001-90,AVENIDA DR. RENATO AZEREDO,2299,,CHACARA DO PAIVA,35700-312,GASOLINA ADITIVADA,23/01/2023,4.88,,R$ / litro,BRANCA,2023-11-21
SE,MG,SETE LAGOAS,REDE SANTANA COMBUSTIVEIS E GNV SETE LAGOAS LTDA,04.305.250/0001-90,AVENIDA DR. RENATO AZEREDO,2299,,CHACARA DO PAIVA,35700-312,GASOLINA,23/01/2023,4.78,,R$ / litro,BRANCA,2023-11-21
SE,MG,SETE LAGOAS,REDE SANTANA COMBUSTIVEIS E GNV SETE LAGOAS LTDA,04.305.250/0001-90,AVENIDA DR. RENATO AZEREDO,2299,,CHACARA DO PAIVA,35700-312,GNV,23/01/2023,4.85,,R$ / m³,BRANCA,2023-11-21
SE,MG,SETE LAGOAS,AUTO POSTO SUPREMO LTDA,05.458.099/0001-93,AVENIDA JOSE SERVULO SOALHEIRO,628,,SAO PEDRO,35701-019,ETANOL,24/01/2023,3.87,,R$ / litro,VIBRA ENERGIA,2023-11-21
SE,MG,SETE LAGOAS,AUTO POSTO SUPREMO LTDA,05.458.099/0001-93,AVENIDA JOSE SERVULO SOALHEIRO,628,,SAO PEDRO,35701-019,DIESEL S10,24/01/2023,6.54,,R$ / litro,VIBRA ENERGIA,2023-11-21
SE,MG,SETE LAGOAS,AUTO POSTO SUPREMO LTDA,05.458.099/0001-93,AVENIDA JOSE SERVULO SOALHEIRO,628,,SAO PEDRO,35701-019,DIESEL,24/01/2023,6.5,,R$ / litro,VIBRA ENERGIA,2023-11-21
SE,MG,SETE LAGOAS,AUTO POSTO SUPREMO LTDA,05.458.099/0001-93,AVENIDA JOSE SERVULO SOALHEIRO,628,,SAO PEDRO,35701-019,GASOLINA,24/01/2023,4.88,,R$ / litro,VIBRA ENERGIA,2023-11-21
SE,MG,SETE LAGOAS,IRMAOS SILVA S/A,21.012.190/0022-61,RUA ANTONIO OLINTO,565,,CENTRO,35700-002,ETANOL,25/01/2023,3.89,,R$ / litro,RAIZEN,2023-11-21
SE,MG,SETE LAGOAS,IRMAOS SILVA S/A,21.012.190/0022-61,RUA ANTONIO OLINTO,565,,CENTRO,35700-002,DIESEL S10,25/01/2023,6.09,,R$ / litro,RAIZEN,2023-11-21
SE,MG,SETE LAGOAS,IRMAOS SILVA S/A,21.012.190/0022-61,RUA ANTONIO OLINTO,565,,CENTRO,35700-002,GASOLINA ADITIVADA,25/01/2023,5.09,,R$ / litro,RAIZEN,2023-11-21
SE,MG,SETE LAGOAS,IRMAOS SILVA S/A,21.012.190/0022-61,RUA ANTONIO OLINTO,565,,CENTRO,35700-002,GASOLINA,25/01/2023,4.89,,R$ / litro,RAIZEN,2023-11-21
SE,MG,SETE LAGOAS,AUTO PECAS ABREU TEIXEIRA LTDA,24.988.032/0001-05,RUA PAULO FRONTIN,434,,CENTRO,35700-049,ETANOL,23/01/2023,4.09,,R$ / litro,RAIZEN,2023-11-21
SE,MG,SETE LAGOAS,AUTO PECAS ABREU TEIXEIRA LTDA,24.988.032/0001-05,RUA PAULO FRONTIN,434,,CENTRO,35700-049,GASOLINA ADITIVADA,23/01/2023,5.09,,R$ / litro,RAIZEN,2023-11-21
SE,MG,SETE LAGOAS,AUTO PECAS ABREU TEIXEIRA LTDA,24.988.032/0001-05,RUA PAULO FRONTIN,434,,CENTRO,35700-049,GASOLINA,23/01/2023,4.89,,R$ / litro,RAIZEN,2023-11-21
SE,MG,SETE LAGOAS,COOPERATIVA REG DE PRODUTORES RURAIS DE S LAGOAS LTDA,24.989.477/0006-14,PRACA BARAO DO RIO BRANCO,80,,CENTRO,35700-029,ETANOL,24/01/2023,3.99,,R$ / litro,ALESAT,2023-11-21
SE,MG,SETE LAGOAS,COOPERATIVA REG DE PRODUTORES RURAIS DE S LAGOAS LTDA,24.989.477/0006-14,PRACA BARAO DO RIO BRANCO,80,,CENTRO,35700-029,DIESEL S10,24/01/2023,6.39,,R$ / litro,ALESAT,2023-11-21
SE,MG,SETE LAGOAS,COOPERATIVA REG DE PRODUTORES RURAIS DE S LAGOAS LTDA,24.989.477/0006-14,PRACA BARAO DO RIO BRANCO,80,,CENTRO,35700-029,DIESEL,24/01/2023,6.29,,R$ / litro,ALESAT,2023-11-21
SE,MG,SETE LAGOAS,COOPERATIVA REG DE PRODUTORES RURAIS DE S LAGOAS LTDA,24.989.477/0006-14,PRACA BARAO DO RIO BRANCO,80,,CENTRO,35700-029,GASOLINA,24/01/2023,4.88,,R$ / litro,ALESAT,2023-11-21
SE,MG,SETE LAGOAS,POSTO MAMORE LTDA,22.046.452/0001-47,RUA SANTA JULIANA,3628,,,35701-004,ETANOL,24/01/2023,3.85,,R$ / litro,BRANCA,2023-11-21
SE,MG,SETE LAGOAS,POSTO MAMORE LTDA,22.046.452/0001-47,RUA SANTA JULIANA,3628,,,35701-004,DIESEL S10,24/01/2023,6.09,,R$ / litro,BRANCA,2023-11-21
SE,MG,SETE LAGOAS,POSTO MAMORE LTDA,22.046.452/0001-47,RUA SANTA JULIANA,3628,,,35701-004,DIESEL,24/01/2023,5.95,,R$ / litro,BRANCA,2023-11-21
SE,MG,SETE LAGOAS,POSTO MAMORE LTDA,22.046.452/0001-47,RUA SANTA JULIANA,3628,,,35701-004,GASOLINA,24/01/2023,4.85,,R$ / litro,BRANCA,2023-11-21
SE,MG,SETE LAGOAS,POSTO CANECAO LTDA,16.943.706/0001-27,RODOVIA BR-040,S/N,KM    465,BARREIRO DE CIMA,35703-710,ETANOL,23/01/2023,4.09,,R$ / litro,VIBRA ENERGIA,2023-11-21
SE,MG,SETE LAGOAS,POSTO CANECAO LTDA,16.943.706/0001-27,RODOVIA BR-040,S/N,KM    465,BARREIRO DE CIMA,35703-710,DIESEL S10,23/01/2023,6.19,,R$ / litro,VIBRA ENERGIA,2023-11-21
SE,MG,SETE LAGOAS,POSTO CANECAO LTDA,16.943.706/0001-27,RODOVIA BR-040,S/N,KM    465,BARREIRO DE CIMA,35703-710,DIESEL,23/01/2023,6.12,,R$ / litro,VIBRA ENERGIA,2023-11-21
SE,MG,SETE LAGOAS,POSTO CANECAO LTDA,16.943.706/0001-27,RODOVIA BR-040,S/N,KM    465,BARREIRO DE CIMA,35703-710,GASOLINA ADITIVADA,23/01/2023,5.08,,R$ / litro,VIBRA ENERGIA,2023-11-21
SE,MG,SETE LAGOAS,POSTO CANECAO LTDA,16.943.706/0001-27,RODOVIA BR-040,S/N,KM    465,BARREIRO DE CIMA,35703-710,GASOLINA,23/01/2023,4.98,,R$ / litro,VIBRA ENERGIA,2023-11-21
SE,MG,SETE LAGOAS,VITTORIAM LTDA,04.686.253/0001-11,RUA CORONEL ANTONIO ANDRADE,1142,,SÃO GERALDO,35700-193,ETANOL,23/01/2023,3.84,,R$ / litro,BRANCA,2023-11-21
SE,MG,SETE LAGOAS,VITTORIAM LTDA,04.686.253/0001-11,RUA CORONEL ANTONIO ANDRADE,1142,,SÃO GERALDO,35700-193,DIESEL,23/01/2023,5.94,,R$ / litro,BRANCA,2023-11-21
SE,MG,SETE LAGOAS,VITTORIAM LTDA,04.686.253/0001-11,RUA CORONEL ANTONIO ANDRADE,1142,,SÃO GERALDO,35700-193,GASOLINA,23/01/2023,4.84,,R$ / litro,BRANCA,2023-11-21
SE,MG,SETE LAGOAS,POSTO DIVINO PADRAO EIRELI,04.196.733/0001-02,AVENIDA SECRETARIO DIVINO PADRAO,605,,SANTA ELISA,35702-075,ETANOL,23/01/2023,3.84,,R$ / litro,BRANCA,2023-11-21
SE,MG,SETE LAGOAS,POSTO DIVINO PADRAO EIRELI,04.196.733/0001-02,AVENIDA SECRETARIO DIVINO PADRAO,605,,SANTA ELISA,35702-075,DIESEL S10,23/01/2023,6.04,,R$ / litro,BRANCA,2023-11-21
SE,MG,SETE LAGOAS,POSTO DIVINO PADRAO EIRELI,04.196.733/0001-02,AVENIDA SECRETARIO DIVINO PADRAO,605,,SANTA ELISA,35702-075,DIESEL,23/01/2023,5.94,,R$ / litro,BRANCA,2023-11-21
SE,MG,SETE LAGOAS,POSTO DIVINO PADRAO EIRELI,04.196.733/0001-02,AVENIDA SECRETARIO DIVINO PADRAO,605,,SANTA ELISA,35702-075,GASOLINA,23/01/2023,4.84,,R$ / litro,BRANCA,2023-11-21
SE,MG,SETE LAGOAS,AUTO POSTO MILENIO LTDA,03.339.647/0001-30,RUA PAULO FRONTIN,937,,CENTRO,35700-049,ETANOL,25/01/2023,3.64,,R$ / litro,BRANCA,2023-11-21
SE,MG,SETE LAGOAS,AUTO POSTO MILENIO LTDA,03.339.647/0001-30,RUA PAULO FRONTIN,937,,CENTRO,35700-049,DIESEL,25/01/2023,5.94,,R$ / litro,BRANCA,2023-11-21
SE,MG,SETE LAGOAS,AUTO POSTO MILENIO LTDA,03.339.647/0001-30,RUA PAULO FRONTIN,937,,CENTRO,35700-049,GASOLINA,25/01/2023,4.84,,R$ / litro,BRANCA,2023-11-21
SE,MG,TIMOTEO,COMERCIAL DE COMBUSTIVEIS VERANEIO LTDA,08.620.663/0001-10,RUA DEZESSEIS,44,,PRIMAVERA,35182-483,ETANOL,26/01/2023,3.89,,R$ / litro,ALESAT,2023-11-21
SE,MG,TIMOTEO,COMERCIAL DE COMBUSTIVEIS VERANEIO LTDA,08.620.663/0001-10,RUA DEZESSEIS,44,,PRIMAVERA,35182-483,DIESEL,26/01/2023,5.85,,R$ / litro,ALESAT,2023-11-21
SE,MG,TIMOTEO,COMERCIAL DE COMBUSTIVEIS VERANEIO LTDA,08.620.663/0001-10,RUA DEZESSEIS,44,,PRIMAVERA,35182-483,GASOLINA ADITIVADA,26/01/2023,5.18,,R$ / litro,ALESAT,2023-11-21
SE,MG,TIMOTEO,COMERCIAL DE COMBUSTIVEIS VERANEIO LTDA,08.620.663/0001-10,RUA DEZESSEIS,44,,PRIMAVERA,35182-483,GASOLINA,26/01/2023,5.1,,R$ / litro,ALESAT,2023-11-21
SE,MG,UBERLANDIA,OLIVEIRA CARNEIRO COMERCIO DE COMBUSTIVEIS LTDA,07.857.349/0001-93,PRACA CLARINDA DE FREITAS,375,,PRESIDENTE ROOSEVELT,38401-081,ETANOL,24/01/2023,3.49,,R$ / litro,BRANCA,2023-11-21
SE,MG,UBERLANDIA,OLIVEIRA CARNEIRO COMERCIO DE COMBUSTIVEIS LTDA,07.857.349/0001-93,PRACA CLARINDA DE FREITAS,375,,PRESIDENTE ROOSEVELT,38401-081,DIESEL S10,24/01/2023,5.99,,R$ / litro,BRANCA,2023-11-21
SE,MG,UBERLANDIA,OLIVEIRA CARNEIRO COMERCIO DE COMBUSTIVEIS LTDA,07.857.349/0001-93,PRACA CLARINDA DE FREITAS,375,,PRESIDENTE ROOSEVELT,38401-081,DIESEL,24/01/2023,5.89,,R$ / litro,BRANCA,2023-11-21
SE,MG,UBERLANDIA,OLIVEIRA CARNEIRO COMERCIO DE COMBUSTIVEIS LTDA,07.857.349/0001-93,PRACA CLARINDA DE FREITAS,375,,PRESIDENTE ROOSEVELT,38401-081,GASOLINA ADITIVADA,24/01/2023,4.59,,R$ / litro,BRANCA,2023-11-21
SE,MG,UBERLANDIA,OLIVEIRA CARNEIRO COMERCIO DE COMBUSTIVEIS LTDA,07.857.349/0001-93,PRACA CLARINDA DE FREITAS,375,,PRESIDENTE ROOSEVELT,38401-081,GASOLINA,24/01/2023,4.59,,R$ / litro,BRANCA,2023-11-21
SE,MG,UBERLANDIA,VDK COMERCIO DE COMBUSTIVEIS LTDA,05.363.398/0001-44,AVENIDA JOAO NAVES DE AVILA,3400,,SANTA MONICA,38408-144,GASOLINA ADITIVADA,25/01/2023,4.99,,R$ / litro,IPIRANGA,2023-11-21
SE,MG,UBERLANDIA,GAR COMBUSTIVEIS LTDA,07.441.809/0001-06,AVENIDA SEME SIMAO,1980,,LOTEAMENTO JARDIM BOTANICO BAIRRO GRANADA,38410-094,ETANOL,24/01/2023,3.69,,R$ / litro,IPIRANGA,2023-11-21
SE,MG,UBERLANDIA,GAR COMBUSTIVEIS LTDA,07.441.809/0001-06,AVENIDA SEME SIMAO,1980,,LOTEAMENTO JARDIM BOTANICO BAIRRO GRANADA,38410-094,DIESEL,24/01/2023,6.69,,R$ / litro,IPIRANGA,2023-11-21
SE,MG,UBERLANDIA,GAR COMBUSTIVEIS LTDA,07.441.809/0001-06,AVENIDA SEME SIMAO,1980,,LOTEAMENTO JARDIM BOTANICO BAIRRO GRANADA,38410-094,GASOLINA ADITIVADA,24/01/2023,4.89,,R$ / litro,IPIRANGA,2023-11-21
SE,MG,UBERLANDIA,GAR COMBUSTIVEIS LTDA,07.441.809/0001-06,AVENIDA SEME SIMAO,1980,,LOTEAMENTO JARDIM BOTANICO BAIRRO GRANADA,38410-094,GASOLINA,24/01/2023,4.79,,R$ / litro,IPIRANGA,2023-11-21
SE,MG,UBERLANDIA,URSA MAIOR DERIVADOS DE PETROLEO LTDA,07.586.114/0001-04,AVENIDA AFONSO PENA,1111,,APARECIDA,38400-706,GASOLINA ADITIVADA,25/01/2023,4.99,,R$ / litro,IPIRANGA,2023-11-21
SE,MG,UBERLANDIA,AUTO POSTO VALOR LTDA,06.925.627/0001-30,AVENIDA JOAO NAVES DE AVILA,4555,,SANTA MONICA,38408-144,DIESEL S10,25/01/2023,6.29,,R$ / litro,IPIRANGA,2023-11-21
SE,MG,UBERLANDIA,AUTO POSTO VALOR LTDA,06.925.627/0001-30,AVENIDA JOAO NAVES DE AVILA,4555,,SANTA MONICA,38408-144,DIESEL,25/01/2023,6.19,,R$ / litro,IPIRANGA,2023-11-21
SE,MG,UBERLANDIA,AUTO POSTO VALOR LTDA,06.925.627/0001-30,AVENIDA JOAO NAVES DE AVILA,4555,,SANTA MONICA,38408-144,GASOLINA ADITIVADA,25/01/2023,5.09,,R$ / litro,IPIRANGA,2023-11-21
SE,MG,UBERLANDIA,AUTO POSTO 81 LTDA,06.090.064/0001-07,AVENIDA CESARIO ALVIM,81,,CENTRO,38400-096,ETANOL,25/01/2023,3.49,,R$ / litro,IPIRANGA,2023-11-21
SE,MG,UBERLANDIA,AUTO POSTO 81 LTDA,06.090.064/0001-07,AVENIDA CESARIO ALVIM,81,,CENTRO,38400-096,GASOLINA ADITIVADA,25/01/2023,4.99,,R$ / litro,IPIRANGA,2023-11-21
SE,MG,UBERLANDIA,AUTO POSTO 81 LTDA,06.090.064/0001-07,AVENIDA CESARIO ALVIM,81,,CENTRO,38400-096,GASOLINA,25/01/2023,4.89,,R$ / litro,IPIRANGA,2023-11-21
SE,MG,UBERLANDIA,AUTO POSTO 2 M LTDA,03.201.848/0001-77,AVENIDA GETULIO VARGAS,1316,,MARTINS,38400-434,ETANOL,24/01/2023,3.57,,R$ / litro,RAIZEN,2023-11-21
SE,MG,UBERLANDIA,AUTO POSTO 2 M LTDA,03.201.848/0001-77,AVENIDA GETULIO VARGAS,1316,,MARTINS,38400-434,DIESEL S10,24/01/2023,6.29,,R$ / litro,RAIZEN,2023-11-21
SE,MG,UBERLANDIA,AUTO POSTO 2 M LTDA,03.201.848/0001-77,AVENIDA GETULIO VARGAS,1316,,MARTINS,38400-434,GASOLINA ADITIVADA,24/01/2023,5.14,,R$ / litro,RAIZEN,2023-11-21
SE,MG,UBERLANDIA,AUTO POSTO 2 M LTDA,03.201.848/0001-77,AVENIDA GETULIO VARGAS,1316,,MARTINS,38400-434,GASOLINA,24/01/2023,4.68,,R$ / litro,RAIZEN,2023-11-21
SE,MG,UBERLANDIA,AUTO POSTO VIEIRA E MARTINS LTDA,05.072.757/0001-04,AVENIDA JOAO NAVES DE AVILA,"7,066",A,SANTA MONICA,38408-680,ETANOL,25/01/2023,3.47,,R$ / litro,BRANCA,2023-11-21
SE,MG,UBERLANDIA,AUTO POSTO VIEIRA E MARTINS LTDA,05.072.757/0001-04,AVENIDA JOAO NAVES DE AVILA,"7,066",A,SANTA MONICA,38408-680,DIESEL S10,25/01/2023,5.89,,R$ / litro,BRANCA,2023-11-21
SE,MG,UBERLANDIA,AUTO POSTO VIEIRA E MARTINS LTDA,05.072.757/0001-04,AVENIDA JOAO NAVES DE AVILA,"7,066",A,SANTA MONICA,38408-680,DIESEL,25/01/2023,5.79,,R$ / litro,BRANCA,2023-11-21
SE,MG,UBERLANDIA,AUTO POSTO VIEIRA E MARTINS LTDA,05.072.757/0001-04,AVENIDA JOAO NAVES DE AVILA,"7,066",A,SANTA MONICA,38408-680,GASOLINA ADITIVADA,25/01/2023,4.8,,R$ / litro,BRANCA,2023-11-21
SE,MG,UBERLANDIA,AUTO POSTO VIEIRA E MARTINS LTDA,05.072.757/0001-04,AVENIDA JOAO NAVES DE AVILA,"7,066",A,SANTA MONICA,38408-680,GASOLINA,25/01/2023,4.57,,R$ / litro,BRANCA,2023-11-21
SE,MG,UBERLANDIA,POSTO 6 LTDA,04.471.418/0001-38,AVENIDA TAYLOR SILVA,824,,PARQUE GUARANI III,38415-402,ETANOL,24/01/2023,3.47,,R$ / litro,BRANCA,2023-11-21
SE,MG,UBERLANDIA,POSTO 6 LTDA,04.471.418/0001-38,AVENIDA TAYLOR SILVA,824,,PARQUE GUARANI III,38415-402,DIESEL S10,24/01/2023,5.85,,R$ / litro,BRANCA,2023-11-21
SE,MG,UBERLANDIA,POSTO 6 LTDA,04.471.418/0001-38,AVENIDA TAYLOR SILVA,824,,PARQUE GUARANI III,38415-402,DIESEL,24/01/2023,5.75,,R$ / litro,BRANCA,2023-11-21
SE,MG,UBERLANDIA,POSTO 6 LTDA,04.471.418/0001-38,AVENIDA TAYLOR SILVA,824,,PARQUE GUARANI III,38415-402,GASOLINA ADITIVADA,24/01/2023,4.67,,R$ / litro,BRANCA,2023-11-21
SE,MG,UBERLANDIA,POSTO 6 LTDA,04.471.418/0001-38,AVENIDA TAYLOR SILVA,824,,PARQUE GUARANI III,38415-402,GASOLINA,24/01/2023,4.59,,R$ / litro,BRANCA,2023-11-21
SE,MG,UBERLANDIA,PETROCARMO DISTRIBUIDORA DE PETROLEO LTDA,04.377.207/0001-30,PRACA LINCOLN,153,,PRESIDENTE ROOSEVELT,38401-046,ETANOL,24/01/2023,3.59,,R$ / litro,IPIRANGA,2023-11-21
SE,MG,UBERLANDIA,PETROCARMO DISTRIBUIDORA DE PETROLEO LTDA,04.377.207/0001-30,PRACA LINCOLN,153,,PRESIDENTE ROOSEVELT,38401-046,DIESEL S10,24/01/2023,6.09,,R$ / litro,IPIRANGA,2023-11-21
SE,MG,UBERLANDIA,PETROCARMO DISTRIBUIDORA DE PETROLEO LTDA,04.377.207/0001-30,PRACA LINCOLN,153,,PRESIDENTE ROOSEVELT,38401-046,GASOLINA,24/01/2023,4.69,,R$ / litro,IPIRANGA,2023-11-21
SE,MG,UBERLANDIA,AUTO POSTO SOUZA & OLIVEIRA LTDA,04.161.074/0001-60,RODOVIA ANEL VIARIO,S/N,KM    121.9,TAIAMAN,38414-512,ETANOL,24/01/2023,3.59,,R$ / litro,VIBRA ENERGIA,2023-11-21
SE,MG,UBERLANDIA,AUTO POSTO SOUZA & OLIVEIRA LTDA,04.161.074/0001-60,RODOVIA ANEL VIARIO,S/N,KM    121.9,TAIAMAN,38414-512,DIESEL S10,24/01/2023,5.84,,R$ / litro,VIBRA ENERGIA,2023-11-21
SE,MG,UBERLANDIA,AUTO POSTO SOUZA & OLIVEIRA LTDA,04.161.074/0001-60,RODOVIA ANEL VIARIO,S/N,KM    121.9,TAIAMAN,38414-512,DIESEL,24/01/2023,5.74,,R$ / litro,VIBRA ENERGIA,2023-11-21
SE,MG,UBERLANDIA,AUTO POSTO SOUZA & OLIVEIRA LTDA,04.161.074/0001-60,RODOVIA ANEL VIARIO,S/N,KM    121.9,TAIAMAN,38414-512,GASOLINA,24/01/2023,4.99,,R$ / litro,VIBRA ENERGIA,2023-11-21
SE,MG,UBERLANDIA,AUTO POSTO BIGUA LTDA,03.817.826/0001-36,AVENIDA JOAO PESSOA,1180,,BOM JESUS,38405-324,DIESEL S10,24/01/2023,6.08,,R$ / litro,BRANCA,2023-11-21
SE,MG,UBERLANDIA,AUTO POSTO BIGUA LTDA,03.817.826/0001-36,AVENIDA JOAO PESSOA,1180,,BOM JESUS,38405-324,DIESEL,24/01/2023,5.94,,R$ / litro,BRANCA,2023-11-21
SE,MG,UBERLANDIA,AUTO POSTO BIGUA LTDA,03.817.826/0001-36,AVENIDA JOAO PESSOA,1180,,BOM JESUS,38405-324,GASOLINA ADITIVADA,24/01/2023,4.77,,R$ / litro,BRANCA,2023-11-21
SE,MG,UBERLANDIA,AUTO POSTO BIGUA LTDA,03.817.826/0001-36,AVENIDA JOAO PESSOA,1180,,BOM JESUS,38405-324,GASOLINA,24/01/2023,4.57,,R$ / litro,BRANCA,2023-11-21
SE,MG,UBERLANDIA,AUTO POSTO BIGUA LTDA,03.817.826/0001-36,AVENIDA JOAO PESSOA,1180,,BOM JESUS,38405-324,ETANOL,24/01/2023,3.47,,R$ / litro,BRANCA,2023-11-21
SE,MG,UBERLANDIA,POSTO ANDRADAS LTDA,03.805.145/0001-58,RUA MONTE CARMELO,1202,,MARTINS,38400-470,ETANOL,24/01/2023,3.59,,R$ / litro,VIBRA ENERGIA,2023-11-21
SE,MG,UBERLANDIA,POSTO ANDRADAS LTDA,03.805.145/0001-58,RUA MONTE CARMELO,1202,,MARTINS,38400-470,DIESEL S10,24/01/2023,6.09,,R$ / litro,VIBRA ENERGIA,2023-11-21
SE,MG,UBERLANDIA,POSTO ANDRADAS LTDA,03.805.145/0001-58,RUA MONTE CARMELO,1202,,MARTINS,38400-470,GASOLINA ADITIVADA,24/01/2023,4.79,,R$ / litro,VIBRA ENERGIA,2023-11-21
SE,MG,UBERLANDIA,POSTO ANDRADAS LTDA,03.805.145/0001-58,RUA MONTE CARMELO,1202,,MARTINS,38400-470,GASOLINA,24/01/2023,4.69,,R$ / litro,VIBRA ENERGIA,2023-11-21
SE,MG,UBERLANDIA,AUTO POSTO TOP LINE LTDA,03.514.305/0001-00,RUA MACHADO DE ASSIS,169,,CENTRO,38400-112,ETANOL,24/01/2023,3.46,,R$ / litro,CIAPETRO,2023-11-21
SE,MG,UBERLANDIA,AUTO POSTO TOP LINE LTDA,03.514.305/0001-00,RUA MACHADO DE ASSIS,169,,CENTRO,38400-112,GASOLINA,24/01/2023,4.58,,R$ / litro,CIAPETRO,2023-11-21
SE,MG,UBERLANDIA,POSTO SARAIVA LTDA,02.298.415/0001-19,RUA DUQUE DE CAXIAS,2031,,SARAIVA,38408-382,DIESEL S10,25/01/2023,6.29,,R$ / litro,IPIRANGA,2023-11-21
SE,MG,UBERLANDIA,POSTO SARAIVA LTDA,02.298.415/0001-19,RUA DUQUE DE CAXIAS,2031,,SARAIVA,38408-382,GASOLINA ADITIVADA,25/01/2023,4.99,,R$ / litro,IPIRANGA,2023-11-21
SE,MG,UBERLANDIA,AUTO POSTO PARQUE GRANADA,01.507.529/0001-69,ALAMEDA RAUL PETRONILHO DE PADUA,75,,PARQUE GRANADA,38401-730,ETANOL,25/01/2023,3.59,,R$ / litro,BRANCA,2023-11-21
SE,MG,UBERLANDIA,AUTO POSTO PARQUE GRANADA,01.507.529/0001-69,ALAMEDA RAUL PETRONILHO DE PADUA,75,,PARQUE GRANADA,38401-730,DIESEL S10,25/01/2023,6.09,,R$ / litro,BRANCA,2023-11-21
SE,MG,UBERLANDIA,AUTO POSTO PARQUE GRANADA,01.507.529/0001-69,ALAMEDA RAUL PETRONILHO DE PADUA,75,,PARQUE GRANADA,38401-730,GASOLINA ADITIVADA,25/01/2023,4.79,,R$ / litro,BRANCA,2023-11-21
SE,MG,UBERLANDIA,AUTO POSTO PARQUE GRANADA,01.507.529/0001-69,ALAMEDA RAUL PETRONILHO DE PADUA,75,,PARQUE GRANADA,38401-730,GASOLINA,25/01/2023,4.79,,R$ / litro,BRANCA,2023-11-21
SE,MG,UBERLANDIA,ASA DELTA AUTO POSTO LTDA,01.154.059/0001-05,AVENIDA GETULIO VARGAS,3955,,JARDIM FLORIDA,38400-434,ETANOL,24/01/2023,3.69,,R$ / litro,VIBRA ENERGIA,2023-11-21
SE,MG,UBERLANDIA,ASA DELTA AUTO POSTO LTDA,01.154.059/0001-05,AVENIDA GETULIO VARGAS,3955,,JARDIM FLORIDA,38400-434,DIESEL S10,24/01/2023,6.29,,R$ / litro,VIBRA ENERGIA,2023-11-21
SE,MG,UBERLANDIA,ASA DELTA AUTO POSTO LTDA,01.154.059/0001-05,AVENIDA GETULIO VARGAS,3955,,JARDIM FLORIDA,38400-434,DIESEL,24/01/2023,6.27,,R$ / litro,VIBRA ENERGIA,2023-11-21
SE,MG,UBERLANDIA,ASA DELTA AUTO POSTO LTDA,01.154.059/0001-05,AVENIDA GETULIO VARGAS,3955,,JARDIM FLORIDA,38400-434,GASOLINA ADITIVADA,24/01/2023,4.89,,R$ / litro,VIBRA ENERGIA,2023-11-21
SE,MG,UBERLANDIA,ASA DELTA AUTO POSTO LTDA,01.154.059/0001-05,AVENIDA GETULIO VARGAS,3955,,JARDIM FLORIDA,38400-434,GASOLINA,24/01/2023,4.79,,R$ / litro,VIBRA ENERGIA,2023-11-21
SE,MG,VARGINHA,POSTO PRINCESA DO SUL LTDA.,04.153.473/0001-80,AVENIDA PRINCESA DO SUL,925,,JARDIM ANDERE,37026-080,ETANOL,24/01/2023,3.67,,R$ / litro,RAIZEN,2023-11-21
SE,MG,VARGINHA,POSTO PRINCESA DO SUL LTDA.,04.153.473/0001-80,AVENIDA PRINCESA DO SUL,925,,JARDIM ANDERE,37026-080,DIESEL,24/01/2023,6.09,,R$ / litro,RAIZEN,2023-11-21
SE,MG,VARGINHA,POSTO PRINCESA DO SUL LTDA.,04.153.473/0001-80,AVENIDA PRINCESA DO SUL,925,,JARDIM ANDERE,37026-080,GASOLINA ADITIVADA,24/01/2023,4.99,,R$ / litro,RAIZEN,2023-11-21
SE,MG,VARGINHA,POSTO PRINCESA DO SUL LTDA.,04.153.473/0001-80,AVENIDA PRINCESA DO SUL,925,,JARDIM ANDERE,37026-080,GASOLINA,24/01/2023,4.69,,R$ / litro,RAIZEN,2023-11-21
SE,MG,VARGINHA,POSTO ET LTDA,03.960.180/0001-41,RUA DELFIM MOREIRA,550,,CENTRO,37002-075,ETANOL,25/01/2023,3.89,,R$ / litro,BRANCA,2023-11-21
SE,MG,VARGINHA,POSTO ET LTDA,03.960.180/0001-41,RUA DELFIM MOREIRA,550,,CENTRO,37002-075,GASOLINA,25/01/2023,4.88,,R$ / litro,BRANCA,2023-11-21
SE,MG,ARAGUARI,RAFA COMERCIO DE COMBUSTIVEIS LTDA,08.171.637/0001-52,RUA JAIME GOMES,91,,CENTRO,38440-074,ETANOL,23/01/2023,3.63,,R$ / litro,BRANCA,2023-11-21
SE,MG,ARAGUARI,RAFA COMERCIO DE COMBUSTIVEIS LTDA,08.171.637/0001-52,RUA JAIME GOMES,91,,CENTRO,38440-074,DIESEL S10,23/01/2023,6.05,,R$ / litro,BRANCA,2023-11-21
SE,MG,ARAGUARI,RAFA COMERCIO DE COMBUSTIVEIS LTDA,08.171.637/0001-52,RUA JAIME GOMES,91,,CENTRO,38440-074,GASOLINA,23/01/2023,4.77,,R$ / litro,BRANCA,2023-11-21
SE,MG,ARAGUARI,AUTO POSTO JL LTDA,06.315.263/0001-76,AVENIDA VEREADOR GERALDO TEODORO,290,,BOSQUE,38446-124,GASOLINA ADITIVADA,23/01/2023,4.99,,R$ / litro,VIBRA ENERGIA,2023-11-21
SE,MG,ARAGUARI,AUTO POSTO JL LTDA,06.315.263/0001-76,AVENIDA VEREADOR GERALDO TEODORO,290,,BOSQUE,38446-124,GASOLINA,23/01/2023,4.89,,R$ / litro,VIBRA ENERGIA,2023-11-21
SE,MG,ARAGUARI,LEAO AUTO POSTO LTDA,02.442.520/0001-80,RUA JOAQUIM BARBOSA,1480,,MILENIUM,38446-146,ETANOL,23/01/2023,3.79,,R$ / litro,ALESAT,2023-11-21
SE,MG,ARAGUARI,LEAO AUTO POSTO LTDA,02.442.520/0001-80,RUA JOAQUIM BARBOSA,1480,,MILENIUM,38446-146,DIESEL S10,23/01/2023,6.49,,R$ / litro,ALESAT,2023-11-21
SE,MG,ARAGUARI,LEAO AUTO POSTO LTDA,02.442.520/0001-80,RUA JOAQUIM BARBOSA,1480,,MILENIUM,38446-146,DIESEL,23/01/2023,6.29,,R$ / litro,ALESAT,2023-11-21
SE,MG,ARAGUARI,LEAO AUTO POSTO LTDA,02.442.520/0001-80,RUA JOAQUIM BARBOSA,1480,,MILENIUM,38446-146,GASOLINA,23/01/2023,4.89,,R$ / litro,ALESAT,2023-11-21
SE,MG,ARAXA,ALBANO DE AZEVEDO E SOUZA & CIA LTDA,03.572.854/0002-11,AVENIDA PEDRO DE PAULA LEMOS,3,,DOMINGOS ZEMA,38181-179,ETANOL,25/01/2023,3.99,,R$ / litro,IPIRANGA,2023-11-21
SE,MG,ARAXA,ALBANO DE AZEVEDO E SOUZA & CIA LTDA,03.572.854/0002-11,AVENIDA PEDRO DE PAULA LEMOS,3,,DOMINGOS ZEMA,38181-179,DIESEL S10,25/01/2023,6.25,,R$ / litro,IPIRANGA,2023-11-21
SE,MG,ARAXA,ALBANO DE AZEVEDO E SOUZA & CIA LTDA,03.572.854/0002-11,AVENIDA PEDRO DE PAULA LEMOS,3,,DOMINGOS ZEMA,38181-179,DIESEL,25/01/2023,6.19,,R$ / litro,IPIRANGA,2023-11-21
SE,MG,ARAXA,ALBANO DE AZEVEDO E SOUZA & CIA LTDA,03.572.854/0002-11,AVENIDA PEDRO DE PAULA LEMOS,3,,DOMINGOS ZEMA,38181-179,GASOLINA,25/01/2023,5.49,,R$ / litro,IPIRANGA,2023-11-21
SE,MG,ARAXA,ALBANO DE AZEVEDO E SOUZA,07.267.256/0001-09,RUA BELO HORIZONTE,674,,CENTRO,38183-146,ETANOL,25/01/2023,3.95,,R$ / litro,VIBRA ENERGIA,2023-11-21
SE,MG,ARAXA,ALBANO DE AZEVEDO E SOUZA,07.267.256/0001-09,RUA BELO HORIZONTE,674,,CENTRO,38183-146,GASOLINA ADITIVADA,25/01/2023,5.55,,R$ / litro,VIBRA ENERGIA,2023-11-21
SE,MG,ARAXA,ALBANO DE AZEVEDO E SOUZA,07.267.256/0001-09,RUA BELO HORIZONTE,674,,CENTRO,38183-146,GASOLINA,25/01/2023,5.45,,R$ / litro,VIBRA ENERGIA,2023-11-21
SE,MG,ARAXA,ALBANO DE AZEVEDO E SOUZA & CIA LTDA,03.572.854/0001-30,AVENIDA DAMASO DRUMOND,975,,VILA SAO PEDRO,38183-063,ETANOL,25/01/2023,3.89,,R$ / litro,IPIRANGA,2023-11-21
SE,MG,ARAXA,ALBANO DE AZEVEDO E SOUZA & CIA LTDA,03.572.854/0001-30,AVENIDA DAMASO DRUMOND,975,,VILA SAO PEDRO,38183-063,DIESEL S10,25/01/2023,6.19,,R$ / litro,IPIRANGA,2023-11-21
SE,MG,ARAXA,ALBANO DE AZEVEDO E SOUZA & CIA LTDA,03.572.854/0001-30,AVENIDA DAMASO DRUMOND,975,,VILA SAO PEDRO,38183-063,DIESEL,25/01/2023,6.09,,R$ / litro,IPIRANGA,2023-11-21
SE,MG,ARAXA,ALBANO DE AZEVEDO E SOUZA & CIA LTDA,03.572.854/0001-30,AVENIDA DAMASO DRUMOND,975,,VILA SAO PEDRO,38183-063,GASOLINA ADITIVADA,25/01/2023,5.49,,R$ / litro,IPIRANGA,2023-11-21
SE,MG,ARAXA,ALBANO DE AZEVEDO E SOUZA & CIA LTDA,03.572.854/0001-30,AVENIDA DAMASO DRUMOND,975,,VILA SAO PEDRO,38183-063,GASOLINA,25/01/2023,5.39,,R$ / litro,IPIRANGA,2023-11-21
SE,MG,ARAXA,MAXDIESEL VEICULOS E PECAS - EIRELI,17.997.479/0009-32,AVENIDA IMBIARA,603,,CENTRO,38180-000,ETANOL,25/01/2023,4.08,,R$ / litro,RAIZEN,2023-11-21
SE,MG,ARAXA,MAXDIESEL VEICULOS E PECAS - EIRELI,17.997.479/0009-32,AVENIDA IMBIARA,603,,CENTRO,38180-000,DIESEL,25/01/2023,6.39,,R$ / litro,RAIZEN,2023-11-21
SE,MG,ARAXA,MAXDIESEL VEICULOS E PECAS - EIRELI,17.997.479/0009-32,AVENIDA IMBIARA,603,,CENTRO,38180-000,GASOLINA ADITIVADA,25/01/2023,5.68,,R$ / litro,RAIZEN,2023-11-21
SE,MG,ARAXA,MAXDIESEL VEICULOS E PECAS - EIRELI,17.997.479/0009-32,AVENIDA IMBIARA,603,,CENTRO,38180-000,GASOLINA,25/01/2023,5.19,,R$ / litro,RAIZEN,2023-11-21
SE,MG,ARAXA,POSTOS ALPA LTDA,02.234.943/0005-38,AVENIDA MINISTRO OLAVO DRUMMOND,500,,AEROPORTO,38180-400,ETANOL,25/01/2023,3.99,,R$ / litro,RAIZEN,2023-11-21
SE,MG,ARAXA,POSTOS ALPA LTDA,02.234.943/0005-38,AVENIDA MINISTRO OLAVO DRUMMOND,500,,AEROPORTO,38180-400,DIESEL S10,25/01/2023,6.09,,R$ / litro,RAIZEN,2023-11-21
SE,MG,ARAXA,POSTOS ALPA LTDA,02.234.943/0005-38,AVENIDA MINISTRO OLAVO DRUMMOND,500,,AEROPORTO,38180-400,DIESEL,25/01/2023,5.99,,R$ / litro,RAIZEN,2023-11-21
SE,MG,ARAXA,POSTOS ALPA LTDA,02.234.943/0005-38,AVENIDA MINISTRO OLAVO DRUMMOND,500,,AEROPORTO,38180-400,GASOLINA ADITIVADA,25/01/2023,5.49,,R$ / litro,RAIZEN,2023-11-21
SE,MG,ARAXA,POSTOS ALPA LTDA,02.234.943/0005-38,AVENIDA MINISTRO OLAVO DRUMMOND,500,,AEROPORTO,38180-400,GASOLINA,25/01/2023,5.19,,R$ / litro,RAIZEN,2023-11-21
SE,MG,BELO HORIZONTE,AGUIA IV COMERCIO DE COMBUSTIVEIS LTDA,07.946.419/0001-80,RUA PARA DE MINAS,320,,PADRE EUSTAQUIO,30730-440,ETANOL,24/01/2023,3.6,,R$ / litro,ALESAT,2023-11-21
SE,MG,BELO HORIZONTE,AGUIA IV COMERCIO DE COMBUSTIVEIS LTDA,07.946.419/0001-80,RUA PARA DE MINAS,320,,PADRE EUSTAQUIO,30730-440,GASOLINA,24/01/2023,4.68,,R$ / litro,ALESAT,2023-11-21
SE,MG,BELO HORIZONTE,POSTO BEAGAS GNV LTDA.,07.434.428/0001-91,AVENIDA DOM PEDRO II,4685,,JARDIM MONTANHES,30730-690,ETANOL,23/01/2023,3.74,,R$ / litro,RAIZEN,2023-11-21
SE,MG,BELO HORIZONTE,POSTO BEAGAS GNV LTDA.,07.434.428/0001-91,AVENIDA DOM PEDRO II,4685,,JARDIM MONTANHES,30730-690,GASOLINA ADITIVADA,23/01/2023,5.14,,R$ / litro,RAIZEN,2023-11-21
SE,MG,BELO HORIZONTE,POSTO BEAGAS GNV LTDA.,07.434.428/0001-91,AVENIDA DOM PEDRO II,4685,,JARDIM MONTANHES,30730-690,GASOLINA,23/01/2023,4.74,,R$ / litro,RAIZEN,2023-11-21
SE,MG,BELO HORIZONTE,POSTO BEAGAS GNV LTDA.,07.434.428/0001-91,AVENIDA DOM PEDRO II,4685,,JARDIM MONTANHES,30730-690,GNV,23/01/2023,4.99,,R$ / m³,RAIZEN,2023-11-21
SE,MG,BELO HORIZONTE,AUTO POSTO VALE LTDA,02.369.525/0001-24,AVENIDA VILARINHO,1146,,VENDA NOVA,31615-250,ETANOL,23/01/2023,3.74,,R$ / litro,RAIZEN,2023-11-21
SE,MG,BELO HORIZONTE,AUTO POSTO VALE LTDA,02.369.525/0001-24,AVENIDA VILARINHO,1146,,VENDA NOVA,31615-250,GASOLINA ADITIVADA,23/01/2023,4.99,,R$ / litro,RAIZEN,2023-11-21
SE,MG,BELO HORIZONTE,AUTO POSTO VALE LTDA,02.369.525/0001-24,AVENIDA VILARINHO,1146,,VENDA NOVA,31615-250,GASOLINA,23/01/2023,4.74,,R$ / litro,RAIZEN,2023-11-21
SE,MG,BELO HORIZONTE,POSTO POETA LTDA,05.577.012/0001-05,AVENIDA DOM PEDRO I,2355,,SAO JOAO BATISTA,31515-300,ETANOL,23/01/2023,3.75,,R$ / litro,VIBRA ENERGIA,2023-11-21
SE,MG,BELO HORIZONTE,POSTO POETA LTDA,05.577.012/0001-05,AVENIDA DOM PEDRO I,2355,,SAO JOAO BATISTA,31515-300,GASOLINA,23/01/2023,4.75,,R$ / litro,VIBRA ENERGIA,2023-11-21
SE,MG,BELO HORIZONTE,POSTO WAP AMAZONAS LTDA.,06.041.725/0001-04,AVENIDA AMAZONAS,5234,,NOVA SUISSA,30421-056,ETANOL,25/01/2023,3.65,,R$ / litro,RAIZEN,2023-11-21
SE,MG,BELO HORIZONTE,POSTO WAP AMAZONAS LTDA.,06.041.725/0001-04,AVENIDA AMAZONAS,5234,,NOVA SUISSA,30421-056,GASOLINA ADITIVADA,25/01/2023,5.09,,R$ / litro,RAIZEN,2023-11-21
SE,MG,BELO HORIZONTE,POSTO WAP AMAZONAS LTDA.,06.041.725/0001-04,AVENIDA AMAZONAS,5234,,NOVA SUISSA,30421-056,GASOLINA,25/01/2023,4.69,,R$ / litro,RAIZEN,2023-11-21
SE,MG,BELO HORIZONTE,POSTO VILA NOSSA SENHORA DE FATIMA LTDA,05.462.748/0001-20,AVENIDA NOSSA SENHORA DE FATIMA,"2,401",,CARLOS PRATES,30710-020,ETANOL,23/01/2023,3.74,,R$ / litro,IPIRANGA,2023-11-21
SE,MG,BELO HORIZONTE,POSTO VILA NOSSA SENHORA DE FATIMA LTDA,05.462.748/0001-20,AVENIDA NOSSA SENHORA DE FATIMA,"2,401",,CARLOS PRATES,30710-020,DIESEL S10,23/01/2023,6.09,,R$ / litro,IPIRANGA,2023-11-21
SE,MG,BELO HORIZONTE,POSTO VILA NOSSA SENHORA DE FATIMA LTDA,05.462.748/0001-20,AVENIDA NOSSA SENHORA DE FATIMA,"2,401",,CARLOS PRATES,30710-020,GASOLINA ADITIVADA,23/01/2023,4.94,,R$ / litro,IPIRANGA,2023-11-21
SE,MG,BELO HORIZONTE,POSTO VILA NOSSA SENHORA DE FATIMA LTDA,05.462.748/0001-20,AVENIDA NOSSA SENHORA DE FATIMA,"2,401",,CARLOS PRATES,30710-020,GASOLINA,23/01/2023,4.74,,R$ / litro,IPIRANGA,2023-11-21
SE,MG,BELO HORIZONTE,POSTO ALLGAS LTDA,05.351.360/0001-51,AVENIDA SARAMENHA,1632,,GUARANI,31840-220,ETANOL,24/01/2023,3.74,,R$ / litro,RAIZEN,2023-11-21
SE,MG,BELO HORIZONTE,POSTO ALLGAS LTDA,05.351.360/0001-51,AVENIDA SARAMENHA,1632,,GUARANI,31840-220,GASOLINA ADITIVADA,24/01/2023,5.14,,R$ / litro,RAIZEN,2023-11-21
SE,MG,BELO HORIZONTE,POSTO ALLGAS LTDA,05.351.360/0001-51,AVENIDA SARAMENHA,1632,,GUARANI,31840-220,GASOLINA,24/01/2023,4.74,,R$ / litro,RAIZEN,2023-11-21
SE,MG,BELO HORIZONTE,POSTO PALHA VERDE LTDA,05.009.866/0001-87,RODOVIA ANEL RODOVIARIO CELSO MELLO AZEVEDO,28500,KM    10,JARDIM VITORIA,31975-275,ETANOL,24/01/2023,3.77,,R$ / litro,IPIRANGA,2023-11-21
SE,MG,BELO HORIZONTE,POSTO PALHA VERDE LTDA,05.009.866/0001-87,RODOVIA ANEL RODOVIARIO CELSO MELLO AZEVEDO,28500,KM    10,JARDIM VITORIA,31975-275,DIESEL S10,24/01/2023,6.05,,R$ / litro,IPIRANGA,2023-11-21
SE,MG,BELO HORIZONTE,POSTO PALHA VERDE LTDA,05.009.866/0001-87,RODOVIA ANEL RODOVIARIO CELSO MELLO AZEVEDO,28500,KM    10,JARDIM VITORIA,31975-275,DIESEL,24/01/2023,5.96,,R$ / litro,IPIRANGA,2023-11-21
SE,MG,BELO HORIZONTE,POSTO PALHA VERDE LTDA,05.009.866/0001-87,RODOVIA ANEL RODOVIARIO CELSO MELLO AZEVEDO,28500,KM    10,JARDIM VITORIA,31975-275,GASOLINA ADITIVADA,24/01/2023,4.97,,R$ / litro,IPIRANGA,2023-11-21
SE,MG,BELO HORIZONTE,POSTO PALHA VERDE LTDA,05.009.866/0001-87,RODOVIA ANEL RODOVIARIO CELSO MELLO AZEVEDO,28500,KM    10,JARDIM VITORIA,31975-275,GASOLINA,24/01/2023,4.77,,R$ / litro,IPIRANGA,2023-11-21
SE,MG,BELO HORIZONTE,POSTO LUPUS ISABEL BUENO LTDA.,02.507.257/0001-60,AVENIDA IZABEL BUENO,139,,VILA IANDAIA,31270-030,ETANOL,24/01/2023,3.77,,R$ / litro,RAIZEN,2023-11-21
SE,MG,BELO HORIZONTE,POSTO LUPUS ISABEL BUENO LTDA.,02.507.257/0001-60,AVENIDA IZABEL BUENO,139,,VILA IANDAIA,31270-030,GASOLINA ADITIVADA,24/01/2023,4.99,,R$ / litro,RAIZEN,2023-11-21
SE,MG,BELO HORIZONTE,POSTO LUPUS ISABEL BUENO LTDA.,02.507.257/0001-60,AVENIDA IZABEL BUENO,139,,VILA IANDAIA,31270-030,GASOLINA,24/01/2023,4.77,,R$ / litro,RAIZEN,2023-11-21
SE,MG,BELO HORIZONTE,POSTO BRUNA LTDA.,00.247.861/0001-79,RODOVIA ANEL RODOVIARIO CELSO MELLO AZEVEDO,11333,,DOM BOSCO,30850-453,ETANOL,24/01/2023,3.77,,R$ / litro,IPIRANGA,2023-11-21
SE,MG,BELO HORIZONTE,POSTO BRUNA LTDA.,00.247.861/0001-79,RODOVIA ANEL RODOVIARIO CELSO MELLO AZEVEDO,11333,,DOM BOSCO,30850-453,DIESEL,24/01/2023,5.95,,R$ / litro,IPIRANGA,2023-11-21
SE,MG,BELO HORIZONTE,POSTO BRUNA LTDA.,00.247.861/0001-79,RODOVIA ANEL RODOVIARIO CELSO MELLO AZEVEDO,11333,,DOM BOSCO,30850-453,GASOLINA,24/01/2023,4.77,,R$ / litro,IPIRANGA,2023-11-21
SE,MG,BELO HORIZONTE,MARLIN EMPREENDIMENTOS LTDA,02.685.478/0001-28,AVENIDA AMERICO VESPUCIO,501,,APARECIDA,31230-240,ETANOL,24/01/2023,3.89,,R$ / litro,VIBRA ENERGIA,2023-11-21
SE,MG,BELO HORIZONTE,MARLIN EMPREENDIMENTOS LTDA,02.685.478/0001-28,AVENIDA AMERICO VESPUCIO,501,,APARECIDA,31230-240,DIESEL S10,24/01/2023,6.29,,R$ / litro,VIBRA ENERGIA,2023-11-21
SE,MG,BELO HORIZONTE,MARLIN EMPREENDIMENTOS LTDA,02.685.478/0001-28,AVENIDA AMERICO VESPUCIO,501,,APARECIDA,31230-240,GASOLINA ADITIVADA,24/01/2023,5.14,,R$ / litro,VIBRA ENERGIA,2023-11-21
SE,MG,BELO HORIZONTE,MARLIN EMPREENDIMENTOS LTDA,02.685.478/0001-28,AVENIDA AMERICO VESPUCIO,501,,APARECIDA,31230-240,GASOLINA,24/01/2023,4.99,,R$ / litro,VIBRA ENERGIA,2023-11-21
SE,MG,BELO HORIZONTE,POSTO BALUARTE LTDA,02.911.786/0001-24,RODOVIA ANEL RODOVIARIO CELSO MELLO AZEVEDO,23750,,EYMARD,31910-585,ETANOL,24/01/2023,3.77,,R$ / litro,RAIZEN,2023-11-21
SE,MG,BELO HORIZONTE,POSTO BALUARTE LTDA,02.911.786/0001-24,RODOVIA ANEL RODOVIARIO CELSO MELLO AZEVEDO,23750,,EYMARD,31910-585,GASOLINA ADITIVADA,24/01/2023,5.17,,R$ / litro,RAIZEN,2023-11-21
SE,MG,BELO HORIZONTE,POSTO BALUARTE LTDA,02.911.786/0001-24,RODOVIA ANEL RODOVIARIO CELSO MELLO AZEVEDO,23750,,EYMARD,31910-585,GASOLINA,24/01/2023,4.77,,R$ / litro,RAIZEN,2023-11-21
SE,MG,BELO HORIZONTE,POSTO AGUIA COMERCIO DE COMBUSTIVEIS LTDA,00.722.792/0001-08,AVENIDA SARAMENHA,1062,,TUPI,31840-220,ETANOL,24/01/2023,3.74,,R$ / litro,RAIZEN,2023-11-21
SE,MG,BELO HORIZONTE,POSTO AGUIA COMERCIO DE COMBUSTIVEIS LTDA,00.722.792/0001-08,AVENIDA SARAMENHA,1062,,TUPI,31840-220,GASOLINA ADITIVADA,24/01/2023,5.14,,R$ / litro,RAIZEN,2023-11-21
SE,MG,BELO HORIZONTE,POSTO AGUIA COMERCIO DE COMBUSTIVEIS LTDA,00.722.792/0001-08,AVENIDA SARAMENHA,1062,,TUPI,31840-220,GASOLINA,24/01/2023,4.74,,R$ / litro,RAIZEN,2023-11-21
SE,MG,BELO HORIZONTE,L. C. EMPREENDIMENTOS LTDA,00.415.374/0001-78,AVENIDA DIS ENGENHEIROS,1620,,CASTELO,30840-300,ETANOL,23/01/2023,3.99,,R$ / litro,VIBRA ENERGIA,2023-11-21
SE,MG,BELO HORIZONTE,L. C. EMPREENDIMENTOS LTDA,00.415.374/0001-78,AVENIDA DIS ENGENHEIROS,1620,,CASTELO,30840-300,DIESEL S10,23/01/2023,6.39,,R$ / litro,VIBRA ENERGIA,2023-11-21
SE,MG,BELO HORIZONTE,L. C. EMPREENDIMENTOS LTDA,00.415.374/0001-78,AVENIDA DIS ENGENHEIROS,1620,,CASTELO,30840-300,DIESEL,23/01/2023,6.29,,R$ / litro,VIBRA ENERGIA,2023-11-21
SE,MG,BELO HORIZONTE,L. C. EMPREENDIMENTOS LTDA,00.415.374/0001-78,AVENIDA DIS ENGENHEIROS,1620,,CASTELO,30840-300,GASOLINA ADITIVADA,23/01/2023,5.19,,R$ / litro,VIBRA ENERGIA,2023-11-21
SE,MG,BELO HORIZONTE,L. C. EMPREENDIMENTOS LTDA,00.415.374/0001-78,AVENIDA DIS ENGENHEIROS,1620,,CASTELO,30840-300,GASOLINA,23/01/2023,4.99,,R$ / litro,VIBRA ENERGIA,2023-11-21
SE,MG,BELO HORIZONTE,POSTO JAVARI EIRELI,16.679.276/0001-88,RUA DESCALVADO,661,,RENASCENCA,31130-610,ETANOL,24/01/2023,3.59,,R$ / litro,BRANCA,2023-11-21
SE,MG,BELO HORIZONTE,POSTO JAVARI EIRELI,16.679.276/0001-88,RUA DESCALVADO,661,,RENASCENCA,31130-610,GASOLINA,24/01/2023,4.65,,R$ / litro,BRANCA,2023-11-21
SE,MG,BELO HORIZONTE,POSTO ANTUNES LTDA,01.553.073/0001-73,AVENIDA PORTUGAL,2603,,SANTA AMELIA,31555-000,ETANOL,23/01/2023,3.79,,R$ / litro,VIBRA ENERGIA,2023-11-21
SE,MG,BELO HORIZONTE,POSTO ANTUNES LTDA,01.553.073/0001-73,AVENIDA PORTUGAL,2603,,SANTA AMELIA,31555-000,GASOLINA ADITIVADA,23/01/2023,5.09,,R$ / litro,VIBRA ENERGIA,2023-11-21
SE,MG,BELO HORIZONTE,POSTO ANTUNES LTDA,01.553.073/0001-73,AVENIDA PORTUGAL,2603,,SANTA AMELIA,31555-000,GASOLINA,23/01/2023,4.79,,R$ / litro,VIBRA ENERGIA,2023-11-21
SE,MG,BELO HORIZONTE,POSTO GERAES LTDA,02.289.325/0001-61,AVENIDA GASTAO DEMETRIO MAIA,140,,FLORAMAR,31742-096,ETANOL,23/01/2023,3.79,,R$ / litro,VIBRA ENERGIA,2023-11-21
SE,MG,BELO HORIZONTE,POSTO GERAES LTDA,02.289.325/0001-61,AVENIDA GASTAO DEMETRIO MAIA,140,,FLORAMAR,31742-096,DIESEL S10,23/01/2023,6.19,,R$ / litro,VIBRA ENERGIA,2023-11-21
SE,MG,BELO HORIZONTE,POSTO GERAES LTDA,02.289.325/0001-61,AVENIDA GASTAO DEMETRIO MAIA,140,,FLORAMAR,31742-096,GASOLINA ADITIVADA,23/01/2023,4.98,,R$ / litro,VIBRA ENERGIA,2023-11-21
SE,MG,BELO HORIZONTE,POSTO GERAES LTDA,02.289.325/0001-61,AVENIDA GASTAO DEMETRIO MAIA,140,,FLORAMAR,31742-096,GASOLINA,23/01/2023,4.79,,R$ / litro,VIBRA ENERGIA,2023-11-21
SE,MG,BELO HORIZONTE,CELT -COMERCIO DE COMBUSTIVEIS E LUBRIFICANTES LTDA,01.830.179/0001-77,AVENIDA DOM PEDRO I,2177,LETRA A,SAO JOAO BATISTA,31515-300,DIESEL S10,23/01/2023,6.09,,R$ / litro,VIBRA ENERGIA,2023-11-21
SE,MG,BELO HORIZONTE,CELT -COMERCIO DE COMBUSTIVEIS E LUBRIFICANTES LTDA,01.830.179/0001-77,AVENIDA DOM PEDRO I,2177,LETRA A,SAO JOAO BATISTA,31515-300,GASOLINA ADITIVADA,23/01/2023,4.94,,R$ / litro,VIBRA ENERGIA,2023-11-21
SE,MG,BELO HORIZONTE,CELT -COMERCIO DE COMBUSTIVEIS E LUBRIFICANTES LTDA,01.830.179/0001-77,AVENIDA DOM PEDRO I,2177,LETRA A,SAO JOAO BATISTA,31515-300,GASOLINA,23/01/2023,4.79,,R$ / litro,VIBRA ENERGIA,2023-11-21
SE,MG,BELO HORIZONTE,CELT -COMERCIO DE COMBUSTIVEIS E LUBRIFICANTES LTDA,01.830.179/0001-77,AVENIDA DOM PEDRO I,2177,LETRA A,SAO JOAO BATISTA,31515-300,GNV,23/01/2023,4.99,,R$ / m³,VIBRA ENERGIA,2023-11-21
SE,MG,BELO HORIZONTE,CELT -COMERCIO DE COMBUSTIVEIS E LUBRIFICANTES LTDA,01.830.179/0001-77,AVENIDA DOM PEDRO I,2177,LETRA A,SAO JOAO BATISTA,31515-300,ETANOL,23/01/2023,3.79,,R$ / litro,VIBRA ENERGIA,2023-11-21
SE,MG,BELO HORIZONTE,ECO EMPREENDIMENTOS COMERCIAIS LTDA,00.194.032/0001-75,RUA TUPIS,1774,,BARRO PRETO,30190-062,ETANOL,24/01/2023,3.65,,R$ / litro,RAIZEN,2023-11-21
SE,MG,BELO HORIZONTE,ECO EMPREENDIMENTOS COMERCIAIS LTDA,00.194.032/0001-75,RUA TUPIS,1774,,BARRO PRETO,30190-062,GASOLINA ADITIVADA,24/01/2023,4.99,,R$ / litro,RAIZEN,2023-11-21
SE,MG,BELO HORIZONTE,ECO EMPREENDIMENTOS COMERCIAIS LTDA,00.194.032/0001-75,RUA TUPIS,1774,,BARRO PRETO,30190-062,GASOLINA,24/01/2023,4.69,,R$ / litro,RAIZEN,2023-11-21
SE,MG,BELO HORIZONTE,POSTO TRANCOSO LTDA,03.911.603/0001-33,RUA JOSE CLETO,1232,,SANTA CRUZ,31155-290,ETANOL,24/01/2023,3.74,,R$ / litro,VIBRA ENERGIA,2023-11-21
SE,MG,BELO HORIZONTE,POSTO TRANCOSO LTDA,03.911.603/0001-33,RUA JOSE CLETO,1232,,SANTA CRUZ,31155-290,DIESEL S10,24/01/2023,6.05,,R$ / litro,VIBRA ENERGIA,2023-11-21
SE,MG,BELO HORIZONTE,POSTO TRANCOSO LTDA,03.911.603/0001-33,RUA JOSE CLETO,1232,,SANTA CRUZ,31155-290,GASOLINA,24/01/2023,4.74,,R$ / litro,VIBRA ENERGIA,2023-11-21
SE,MG,BELO HORIZONTE,POSTO AEROPORTO LTDA,16.665.259/0001-91,RUA PROFESSOR MAGALHAES PENIDO,540,,SAO LUIZ (PAMPULHA),31270-700,DIESEL S10,24/01/2023,6.09,,R$ / litro,VIBRA ENERGIA,2023-11-21
SE,MG,BELO HORIZONTE,POSTO AEROPORTO LTDA,16.665.259/0001-91,RUA PROFESSOR MAGALHAES PENIDO,540,,SAO LUIZ (PAMPULHA),31270-700,GASOLINA ADITIVADA,24/01/2023,4.94,,R$ / litro,VIBRA ENERGIA,2023-11-21
SE,MG,BELO HORIZONTE,POSTO AEROPORTO LTDA,16.665.259/0001-91,RUA PROFESSOR MAGALHAES PENIDO,540,,SAO LUIZ (PAMPULHA),31270-700,GASOLINA,24/01/2023,4.79,,R$ / litro,VIBRA ENERGIA,2023-11-21
SE,MG,BELO HORIZONTE,POSTO AEROPORTO LTDA,16.665.259/0001-91,RUA PROFESSOR MAGALHAES PENIDO,540,,SAO LUIZ (PAMPULHA),31270-700,ETANOL,24/01/2023,3.79,,R$ / litro,VIBRA ENERGIA,2023-11-21
SE,MG,BELO HORIZONTE,ALMADA & CIA LIMITADA,16.626.814/0001-76,RUA JACUI,4040,,IPIRANGA,31160-190,ETANOL,24/01/2023,3.62,,R$ / litro,BRANCA,2023-11-21
SE,MG,BELO HORIZONTE,ALMADA & CIA LIMITADA,16.626.814/0001-76,RUA JACUI,4040,,IPIRANGA,31160-190,DIESEL,24/01/2023,5.95,,R$ / litro,BRANCA,2023-11-21
SE,MG,BELO HORIZONTE,ALMADA & CIA LIMITADA,16.626.814/0001-76,RUA JACUI,4040,,IPIRANGA,31160-190,GASOLINA,24/01/2023,4.67,,R$ / litro,BRANCA,2023-11-21
SE,MG,BELO HORIZONTE,MINEIRAO POSTO DE SERVICOS LTDA,16.599.607/0001-70,AVENIDA PRESIDENTE ANTONIO CARLOS,2710,,CACHOEIRINHA,31130-194,ETANOL,24/01/2023,3.74,,R$ / litro,VIBRA ENERGIA,2023-11-21
SE,MG,BELO HORIZONTE,MINEIRAO POSTO DE SERVICOS LTDA,16.599.607/0001-70,AVENIDA PRESIDENTE ANTONIO CARLOS,2710,,CACHOEIRINHA,31130-194,GASOLINA,24/01/2023,4.74,,R$ / litro,VIBRA ENERGIA,2023-11-21
SE,MG,BELO HORIZONTE,MINEIRAO POSTO DE SERVICOS LTDA,16.599.607/0001-70,AVENIDA PRESIDENTE ANTONIO CARLOS,2710,,CACHOEIRINHA,31130-194,GNV,24/01/2023,4.99,,R$ / m³,VIBRA ENERGIA,2023-11-21
SE,MG,BELO HORIZONTE,POSTO PIO XII LTDA.,05.020.360/0001-79,AVENIDA DO CONTORNO,9008,,SANTO AGOSTINHO,30110-067,ETANOL,24/01/2023,3.65,,R$ / litro,RAIZEN,2023-11-21
SE,MG,BELO HORIZONTE,POSTO PIO XII LTDA.,05.020.360/0001-79,AVENIDA DO CONTORNO,9008,,SANTO AGOSTINHO,30110-067,GASOLINA ADITIVADA,24/01/2023,5.09,,R$ / litro,RAIZEN,2023-11-21
SE,MG,BELO HORIZONTE,POSTO PIO XII LTDA.,05.020.360/0001-79,AVENIDA DO CONTORNO,9008,,SANTO AGOSTINHO,30110-067,GASOLINA,24/01/2023,4.69,,R$ / litro,RAIZEN,2023-11-21
SE,MG,BELO HORIZONTE,COMERCIAL RACOL LTDA,04.755.071/0001-55,AVENIDA BRIGADEIRO EDUARDO GOMES,1980,,GLORIA,30870-100,ETANOL,23/01/2023,3.69,,R$ / litro,BRANCA,2023-11-21
SE,MG,BELO HORIZONTE,COMERCIAL RACOL LTDA,04.755.071/0001-55,AVENIDA BRIGADEIRO EDUARDO GOMES,1980,,GLORIA,30870-100,GASOLINA,23/01/2023,4.69,,R$ / litro,BRANCA,2023-11-21
SE,MG,BELO HORIZONTE,GNV SETE BELO LTDA,04.399.544/0001-29,AVENIDA CRISTIANO MACHADO,8898,,MINASLANDIA,31812-112,ETANOL,24/01/2023,3.79,,R$ / litro,VIBRA ENERGIA,2023-11-21
SE,MG,BELO HORIZONTE,GNV SETE BELO LTDA,04.399.544/0001-29,AVENIDA CRISTIANO MACHADO,8898,,MINASLANDIA,31812-112,DIESEL S10,24/01/2023,6.19,,R$ / litro,VIBRA ENERGIA,2023-11-21
SE,MG,BELO HORIZONTE,GNV SETE BELO LTDA,04.399.544/0001-29,AVENIDA CRISTIANO MACHADO,8898,,MINASLANDIA,31812-112,GASOLINA,24/01/2023,4.79,,R$ / litro,VIBRA ENERGIA,2023-11-21
SE,MG,BELO HORIZONTE,GNV SETE BELO LTDA,04.399.544/0001-29,AVENIDA CRISTIANO MACHADO,8898,,MINASLANDIA,31812-112,GNV,24/01/2023,4.99,,R$ / m³,VIBRA ENERGIA,2023-11-21
SE,MG,BELO HORIZONTE,POSTO MARTE LTDA,03.638.042/0001-40,RUA JACUI,1712,,GRACA,31110-050,ETANOL,24/01/2023,3.74,,R$ / litro,RAIZEN,2023-11-21
SE,MG,BELO HORIZONTE,POSTO MARTE LTDA,03.638.042/0001-40,RUA JACUI,1712,,GRACA,31110-050,GASOLINA ADITIVADA,24/01/2023,4.99,,R$ / litro,RAIZEN,2023-11-21
SE,MG,BELO HORIZONTE,POSTO MARTE LTDA,03.638.042/0001-40,RUA JACUI,1712,,GRACA,31110-050,GASOLINA,24/01/2023,4.74,,R$ / litro,RAIZEN,2023-11-21
SE,MG,BELO HORIZONTE,DUTRA E SILVA LTDA,02.104.426/0001-10,AVENIDA DOS ENGENHEIROS,465,,ALIPIO DE MELO,30840-300,ETANOL,23/01/2023,3.97,,R$ / litro,IPIRANGA,2023-11-21
SE,MG,BELO HORIZONTE,DUTRA E SILVA LTDA,02.104.426/0001-10,AVENIDA DOS ENGENHEIROS,465,,ALIPIO DE MELO,30840-300,DIESEL S10,23/01/2023,6.59,,R$ / litro,IPIRANGA,2023-11-21
SE,MG,BELO HORIZONTE,DUTRA E SILVA LTDA,02.104.426/0001-10,AVENIDA DOS ENGENHEIROS,465,,ALIPIO DE MELO,30840-300,GASOLINA ADITIVADA,23/01/2023,5.17,,R$ / litro,IPIRANGA,2023-11-21
SE,MG,BELO HORIZONTE,DUTRA E SILVA LTDA,02.104.426/0001-10,AVENIDA DOS ENGENHEIROS,465,,ALIPIO DE MELO,30840-300,GASOLINA,23/01/2023,4.97,,R$ / litro,IPIRANGA,2023-11-21
SE,MG,BELO HORIZONTE,POSTO BOA ESPERANCA LTDA.,00.911.117/0001-27,RODOVIA PAPA JOAO PAULO II,3031,,SERRA VERDE,31630-369,ETANOL,23/01/2023,3.79,,R$ / litro,ALESAT,2023-11-21
SE,MG,BELO HORIZONTE,POSTO BOA ESPERANCA LTDA.,00.911.117/0001-27,RODOVIA PAPA JOAO PAULO II,3031,,SERRA VERDE,31630-369,GASOLINA ADITIVADA,23/01/2023,4.99,,R$ / litro,ALESAT,2023-11-21
SE,MG,BELO HORIZONTE,POSTO BOA ESPERANCA LTDA.,00.911.117/0001-27,RODOVIA PAPA JOAO PAULO II,3031,,SERRA VERDE,31630-369,GASOLINA,23/01/2023,4.79,,R$ / litro,ALESAT,2023-11-21
SE,MG,BELO HORIZONTE,AUTO POSTO VERONA EIRELI,00.911.111/0001-50,RODOVIA ANEL RODOVIARIO CELSO MELLO AZEVEDO,23759,,DOM SILVERIO,31985-203,ETANOL,23/01/2023,3.88,,R$ / litro,IPIRANGA,2023-11-21
SE,MG,BELO HORIZONTE,AUTO POSTO VERONA EIRELI,00.911.111/0001-50,RODOVIA ANEL RODOVIARIO CELSO MELLO AZEVEDO,23759,,DOM SILVERIO,31985-203,DIESEL S10,23/01/2023,6.08,,R$ / litro,IPIRANGA,2023-11-21
SE,MG,BELO HORIZONTE,AUTO POSTO VERONA EIRELI,00.911.111/0001-50,RODOVIA ANEL RODOVIARIO CELSO MELLO AZEVEDO,23759,,DOM SILVERIO,31985-203,DIESEL,23/01/2023,5.98,,R$ / litro,IPIRANGA,2023-11-21
SE,MG,BELO HORIZONTE,AUTO POSTO VERONA EIRELI,00.911.111/0001-50,RODOVIA ANEL RODOVIARIO CELSO MELLO AZEVEDO,23759,,DOM SILVERIO,31985-203,GASOLINA ADITIVADA,23/01/2023,5.28,,R$ / litro,IPIRANGA,2023-11-21
SE,MG,BELO HORIZONTE,AUTO POSTO VERONA EIRELI,00.911.111/0001-50,RODOVIA ANEL RODOVIARIO CELSO MELLO AZEVEDO,23759,,DOM SILVERIO,31985-203,GASOLINA,23/01/2023,4.88,,R$ / litro,IPIRANGA,2023-11-21
SE,MG,BELO HORIZONTE,POSTO ASTRAL LTDA,00.524.333/0001-10,AVENIDA BRIG EDUARDO GOMES,1025,,GLORIA,30870-100,ETANOL,23/01/2023,3.68,,R$ / litro,VIBRA ENERGIA,2023-11-21
SE,MG,BELO HORIZONTE,POSTO ASTRAL LTDA,00.524.333/0001-10,AVENIDA BRIG EDUARDO GOMES,1025,,GLORIA,30870-100,DIESEL S10,23/01/2023,6.19,,R$ / litro,VIBRA ENERGIA,2023-11-21
SE,MG,BELO HORIZONTE,POSTO ASTRAL LTDA,00.524.333/0001-10,AVENIDA BRIG EDUARDO GOMES,1025,,GLORIA,30870-100,GASOLINA,23/01/2023,4.69,,R$ / litro,VIBRA ENERGIA,2023-11-21
SE,MG,BELO HORIZONTE,POSTO SARAMENHA LTDA,00.416.899/0001-28,AVENIDA SERRANA,750,,SERRANO,30882-370,ETANOL,23/01/2023,3.65,,R$ / litro,IPIRANGA,2023-11-21
SE,MG,BELO HORIZONTE,POSTO SARAMENHA LTDA,00.416.899/0001-28,AVENIDA SERRANA,750,,SERRANO,30882-370,DIESEL S10,23/01/2023,6.18,,R$ / litro,IPIRANGA,2023-11-21
SE,MG,BELO HORIZONTE,POSTO SARAMENHA LTDA,00.416.899/0001-28,AVENIDA SERRANA,750,,SERRANO,30882-370,GASOLINA ADITIVADA,23/01/2023,5.09,,R$ / litro,IPIRANGA,2023-11-21
SE,MG,BELO HORIZONTE,POSTO SARAMENHA LTDA,00.416.899/0001-28,AVENIDA SERRANA,750,,SERRANO,30882-370,GASOLINA,23/01/2023,4.69,,R$ / litro,IPIRANGA,2023-11-21
SE,MG,CAMPO BELO,PETROFILTROS LTDA,20.874.277/0004-01,RUA JOAO MARTINS DINIZ,786,,AEROPORTO,37270-000,ETANOL,23/01/2023,3.89,,R$ / litro,VIBRA ENERGIA,2023-11-21
SE,MG,CAMPO BELO,PETROFILTROS LTDA,20.874.277/0004-01,RUA JOAO MARTINS DINIZ,786,,AEROPORTO,37270-000,GASOLINA,23/01/2023,4.87,,R$ / litro,VIBRA ENERGIA,2023-11-21
SE,MG,CORONEL FABRICIANO,AUTO POSTO REDE SOUZA LTDA,05.907.822/0020-37,RUA VINTE E UM,40,,SANTA TEREZINHA,35171-140,ETANOL,24/01/2023,3.99,,R$ / litro,VIBRA ENERGIA,2023-11-21
SE,MG,CORONEL FABRICIANO,AUTO POSTO REDE SOUZA LTDA,05.907.822/0020-37,RUA VINTE E UM,40,,SANTA TEREZINHA,35171-140,GASOLINA ADITIVADA,24/01/2023,5.12,,R$ / litro,VIBRA ENERGIA,2023-11-21
SE,MG,CORONEL FABRICIANO,AUTO POSTO REDE SOUZA LTDA,05.907.822/0020-37,RUA VINTE E UM,40,,SANTA TEREZINHA,35171-140,GASOLINA,24/01/2023,4.95,,R$ / litro,VIBRA ENERGIA,2023-11-21
SE,MG,CORONEL FABRICIANO,AUTO POSTO GENTIL ELOHIM LTDA,05.861.319/0001-25,RUA BELO HORIZONTE,150,LETRA A,CALADINHO,35171-167,ETANOL,24/01/2023,3.79,,R$ / litro,BRANCA,2023-11-21
SE,MG,CORONEL FABRICIANO,AUTO POSTO GENTIL ELOHIM LTDA,05.861.319/0001-25,RUA BELO HORIZONTE,150,LETRA A,CALADINHO,35171-167,GASOLINA,24/01/2023,4.79,,R$ / litro,BRANCA,2023-11-21
SE,MG,CORONEL FABRICIANO,AUTO POSTO FABRICIANO LTDA.,05.611.577/0001-53,RUA ARGENTINA,105,,SANTA CRUZ,35170-242,ETANOL,24/01/2023,4.19,,R$ / litro,BRANCA,2023-11-21
SE,MG,CORONEL FABRICIANO,AUTO POSTO FABRICIANO LTDA.,05.611.577/0001-53,RUA ARGENTINA,105,,SANTA CRUZ,35170-242,DIESEL,24/01/2023,6.79,,R$ / litro,BRANCA,2023-11-21
SE,MG,CORONEL FABRICIANO,AUTO POSTO FABRICIANO LTDA.,05.611.577/0001-53,RUA ARGENTINA,105,,SANTA CRUZ,35170-242,GASOLINA,24/01/2023,5.69,,R$ / litro,BRANCA,2023-11-21
SE,MG,CORONEL FABRICIANO,COMERCIAL DE COMBUSTIVEIS CRISTAL LTDA,04.900.773/0001-85,AVENIDA TANCREDO DE ALMEIDA NEVES,5417,,CALADINHO DE CIMA,35171-302,ETANOL,24/01/2023,3.85,,R$ / litro,ALESAT,2023-11-21
SE,MG,CORONEL FABRICIANO,COMERCIAL DE COMBUSTIVEIS CRISTAL LTDA,04.900.773/0001-85,AVENIDA TANCREDO DE ALMEIDA NEVES,5417,,CALADINHO DE CIMA,35171-302,DIESEL,24/01/2023,5.95,,R$ / litro,ALESAT,2023-11-21
SE,MG,CORONEL FABRICIANO,COMERCIAL DE COMBUSTIVEIS CRISTAL LTDA,04.900.773/0001-85,AVENIDA TANCREDO DE ALMEIDA NEVES,5417,,CALADINHO DE CIMA,35171-302,GASOLINA,24/01/2023,4.85,,R$ / litro,ALESAT,2023-11-21
SE,MG,CORONEL FABRICIANO,ORGANIZACOES MILLA LTDA,02.158.069/0001-73,AVENIDA MAGALHAES PINTO,868,,GIOVANNINI,35170-097,ETANOL,24/01/2023,3.99,,R$ / litro,VIBRA ENERGIA,2023-11-21
SE,MG,CORONEL FABRICIANO,ORGANIZACOES MILLA LTDA,02.158.069/0001-73,AVENIDA MAGALHAES PINTO,868,,GIOVANNINI,35170-097,DIESEL S10,24/01/2023,6.39,,R$ / litro,VIBRA ENERGIA,2023-11-21
SE,MG,CORONEL FABRICIANO,ORGANIZACOES MILLA LTDA,02.158.069/0001-73,AVENIDA MAGALHAES PINTO,868,,GIOVANNINI,35170-097,GASOLINA ADITIVADA,24/01/2023,5.09,,R$ / litro,VIBRA ENERGIA,2023-11-21
SE,MG,CORONEL FABRICIANO,ORGANIZACOES MILLA LTDA,02.158.069/0001-73,AVENIDA MAGALHAES PINTO,868,,GIOVANNINI,35170-097,GASOLINA,24/01/2023,4.99,,R$ / litro,VIBRA ENERGIA,2023-11-21
SE,MG,CORONEL FABRICIANO,AUTO POSTO IRMÃOS PORTILHO LTDA.,02.736.839/0001-18,AVENIDA TANCREDO DE ALMEIDA NEVES,3744,0,MORADA DO VALE,35171-302,ETANOL,24/01/2023,3.99,,R$ / litro,ALESAT,2023-11-21
SE,MG,CORONEL FABRICIANO,AUTO POSTO IRMÃOS PORTILHO LTDA.,02.736.839/0001-18,AVENIDA TANCREDO DE ALMEIDA NEVES,3744,0,MORADA DO VALE,35171-302,DIESEL S10,24/01/2023,6.19,,R$ / litro,ALESAT,2023-11-21
SE,MG,CORONEL FABRICIANO,AUTO POSTO IRMÃOS PORTILHO LTDA.,02.736.839/0001-18,AVENIDA TANCREDO DE ALMEIDA NEVES,3744,0,MORADA DO VALE,35171-302,DIESEL,24/01/2023,6.09,,R$ / litro,ALESAT,2023-11-21
SE,MG,CORONEL FABRICIANO,AUTO POSTO IRMÃOS PORTILHO LTDA.,02.736.839/0001-18,AVENIDA TANCREDO DE ALMEIDA NEVES,3744,0,MORADA DO VALE,35171-302,GASOLINA,24/01/2023,4.94,,R$ / litro,ALESAT,2023-11-21
SE,MG,ITAUNA,AUTO POSTO EXCALIBUR LTDA.,05.749.673/0001-62,AVENIDA SAO JOAO,4434,,CENTRO,35680-065,ETANOL,24/01/2023,3.74,,R$ / litro,BRANCA,2023-11-21
SE,MG,ITAUNA,AUTO POSTO EXCALIBUR LTDA.,05.749.673/0001-62,AVENIDA SAO JOAO,4434,,CENTRO,35680-065,DIESEL S10,24/01/2023,6.18,,R$ / litro,BRANCA,2023-11-21
SE,MG,ITAUNA,AUTO POSTO EXCALIBUR LTDA.,05.749.673/0001-62,AVENIDA SAO JOAO,4434,,CENTRO,35680-065,GASOLINA,24/01/2023,4.74,,R$ / litro,BRANCA,2023-11-21
SE,MG,MANHUACU,POSTO MAP LTDA,03.209.283/0001-74,RUA FELIPE NACIF,136,,BAIXADA,36900-000,ETANOL,24/01/2023,3.99,,R$ / litro,RAIZEN,2023-11-21
SE,MG,MANHUACU,POSTO MAP LTDA,03.209.283/0001-74,RUA FELIPE NACIF,136,,BAIXADA,36900-000,DIESEL S10,24/01/2023,6.46,,R$ / litro,RAIZEN,2023-11-21
SE,MG,MANHUACU,POSTO MAP LTDA,03.209.283/0001-74,RUA FELIPE NACIF,136,,BAIXADA,36900-000,DIESEL,24/01/2023,6.36,,R$ / litro,RAIZEN,2023-11-21
SE,MG,MANHUACU,POSTO MAP LTDA,03.209.283/0001-74,RUA FELIPE NACIF,136,,BAIXADA,36900-000,GASOLINA ADITIVADA,24/01/2023,5.24,,R$ / litro,RAIZEN,2023-11-21
SE,MG,MANHUACU,POSTO MAP LTDA,03.209.283/0001-74,RUA FELIPE NACIF,136,,BAIXADA,36900-000,GASOLINA,24/01/2023,4.99,,R$ / litro,RAIZEN,2023-11-21
SE,MG,MANHUACU,TURBO COMERCIO DE COMBUSTIVEIS LTDA,04.746.508/0001-94,RODOVIA MG 111,S/N,KM 78,CORREGO DO FEIJOAL,36900-000,ETANOL,24/01/2023,3.95,,R$ / litro,BRANCA,2023-11-21
SE,MG,MANHUACU,TURBO COMERCIO DE COMBUSTIVEIS LTDA,04.746.508/0001-94,RODOVIA MG 111,S/N,KM 78,CORREGO DO FEIJOAL,36900-000,DIESEL S10,24/01/2023,6.42,,R$ / litro,BRANCA,2023-11-21
SE,MG,MANHUACU,TURBO COMERCIO DE COMBUSTIVEIS LTDA,04.746.508/0001-94,RODOVIA MG 111,S/N,KM 78,CORREGO DO FEIJOAL,36900-000,DIESEL,24/01/2023,6.32,,R$ / litro,BRANCA,2023-11-21
SE,MG,MANHUACU,TURBO COMERCIO DE COMBUSTIVEIS LTDA,04.746.508/0001-94,RODOVIA MG 111,S/N,KM 78,CORREGO DO FEIJOAL,36900-000,GASOLINA,24/01/2023,4.96,,R$ / litro,BRANCA,2023-11-21
SE,MG,MANHUACU,AUTO POSTO STAR LTDA,21.659.370/0001-05,RODOVIA BR 262 - KM 39,3000,,VISTA ALEGRE,36900-000,ETANOL,26/01/2023,3.97,,R$ / litro,RAIZEN,2023-11-21
SE,MG,MANHUACU,AUTO POSTO STAR LTDA,21.659.370/0001-05,RODOVIA BR 262 - KM 39,3000,,VISTA ALEGRE,36900-000,DIESEL S10,26/01/2023,6.19,,R$ / litro,RAIZEN,2023-11-21
SE,MG,MANHUACU,AUTO POSTO STAR LTDA,21.659.370/0001-05,RODOVIA BR 262 - KM 39,3000,,VISTA ALEGRE,36900-000,DIESEL,26/01/2023,6.09,,R$ / litro,RAIZEN,2023-11-21
SE,MG,MANHUACU,AUTO POSTO STAR LTDA,21.659.370/0001-05,RODOVIA BR 262 - KM 39,3000,,VISTA ALEGRE,36900-000,GASOLINA ADITIVADA,26/01/2023,5.17,,R$ / litro,RAIZEN,2023-11-21
SE,MG,MANHUACU,AUTO POSTO STAR LTDA,21.659.370/0001-05,RODOVIA BR 262 - KM 39,3000,,VISTA ALEGRE,36900-000,GASOLINA,26/01/2023,4.97,,R$ / litro,RAIZEN,2023-11-21
SE,MG,MANHUACU,POSTO MARILIA LTDA,21.657.069/0001-62,RUA ANTONIO WELERSON,526,,SANTO ANTONIO,36900-000,ETANOL,23/01/2023,3.99,,R$ / litro,BRANCA,2023-11-21
SE,MG,MANHUACU,POSTO MARILIA LTDA,21.657.069/0001-62,RUA ANTONIO WELERSON,526,,SANTO ANTONIO,36900-000,GASOLINA ADITIVADA,23/01/2023,5.12,,R$ / litro,BRANCA,2023-11-21
SE,MG,MANHUACU,POSTO MARILIA LTDA,21.657.069/0001-62,RUA ANTONIO WELERSON,526,,SANTO ANTONIO,36900-000,GASOLINA,23/01/2023,4.99,,R$ / litro,BRANCA,2023-11-21
SE,MG,MONTE CARMELO,POSTO SANTA RITA DA MEDALHA MILAGROSA LTDA,03.792.817/0002-19,PRA A LANDULFO CARDOSO NAVES,422,,CENTRO,38500-000,ETANOL,26/01/2023,3.55,,R$ / litro,BRANCA,2023-11-21
SE,MG,MONTE CARMELO,POSTO SANTA RITA DA MEDALHA MILAGROSA LTDA,03.792.817/0002-19,PRA A LANDULFO CARDOSO NAVES,422,,CENTRO,38500-000,GASOLINA,26/01/2023,4.97,,R$ / litro,BRANCA,2023-11-21
SE,MG,MONTE CARMELO,POSTO KRILL DE MONTE CARMELO LTDA,09.227.080/0001-97,AVENIDA JOAO PINHEIRO,1187,,BOA VISTA,38500-000,ETANOL,25/01/2023,3.55,,R$ / litro,BRANCA,2023-11-21
SE,MG,MONTE CARMELO,POSTO KRILL DE MONTE CARMELO LTDA,09.227.080/0001-97,AVENIDA JOAO PINHEIRO,1187,,BOA VISTA,38500-000,DIESEL S10,25/01/2023,5.99,,R$ / litro,BRANCA,2023-11-21
SE,MG,MONTE CARMELO,POSTO KRILL DE MONTE CARMELO LTDA,09.227.080/0001-97,AVENIDA JOAO PINHEIRO,1187,,BOA VISTA,38500-000,DIESEL,25/01/2023,5.89,,R$ / litro,BRANCA,2023-11-21
SE,MG,MONTE CARMELO,POSTO KRILL DE MONTE CARMELO LTDA,09.227.080/0001-97,AVENIDA JOAO PINHEIRO,1187,,BOA VISTA,38500-000,GASOLINA,25/01/2023,4.67,,R$ / litro,BRANCA,2023-11-21
SE,MG,MONTE CARMELO,POSTO CARMELITANO LTDA,71.304.497/0001-80,RUA ROMUALDO RESENDE,1000,,TAMBORIL,38500-000,ETANOL,26/01/2023,3.95,,R$ / litro,BRANCA,2023-11-21
SE,MG,MONTE CARMELO,POSTO CARMELITANO LTDA,71.304.497/0001-80,RUA ROMUALDO RESENDE,1000,,TAMBORIL,38500-000,DIESEL,26/01/2023,6.59,,R$ / litro,BRANCA,2023-11-21
SE,MG,MONTE CARMELO,POSTO CARMELITANO LTDA,71.304.497/0001-80,RUA ROMUALDO RESENDE,1000,,TAMBORIL,38500-000,GASOLINA,26/01/2023,4.98,,R$ / litro,BRANCA,2023-11-21
SE,MG,MONTE CARMELO,POSTO ALTO PARANAIBA EIRELI,22.604.607/0001-13,RUA RAUL SOARES,115,,CENTRO,38500-000,ETANOL,26/01/2023,3.79,,R$ / litro,IPIRANGA,2023-11-21
SE,MG,MONTE CARMELO,POSTO ALTO PARANAIBA EIRELI,22.604.607/0001-13,RUA RAUL SOARES,115,,CENTRO,38500-000,DIESEL S10,26/01/2023,6.29,,R$ / litro,IPIRANGA,2023-11-21
SE,MG,MONTE CARMELO,POSTO ALTO PARANAIBA EIRELI,22.604.607/0001-13,RUA RAUL SOARES,115,,CENTRO,38500-000,GASOLINA,26/01/2023,5.1,,R$ / litro,IPIRANGA,2023-11-21
SE,MG,MURIAE,MOTA & MELLO COMBUSTIVEL LTDA,07.137.610/0001-80,RUA GIL MOREIRA,9,,BARRA,36884-112,DIESEL S10,23/01/2023,6.29,,R$ / litro,IPIRANGA,2023-11-21
SE,MG,MURIAE,MOTA & MELLO COMBUSTIVEL LTDA,07.137.610/0001-80,RUA GIL MOREIRA,9,,BARRA,36884-112,DIESEL,23/01/2023,6.19,,R$ / litro,IPIRANGA,2023-11-21
SE,MG,MURIAE,MOTA & MELLO COMBUSTIVEL LTDA,07.137.610/0001-80,RUA GIL MOREIRA,9,,BARRA,36884-112,GASOLINA ADITIVADA,23/01/2023,5.29,,R$ / litro,IPIRANGA,2023-11-21
SE,MG,MURIAE,MOTA & MELLO COMBUSTIVEL LTDA,07.137.610/0001-80,RUA GIL MOREIRA,9,,BARRA,36884-112,GASOLINA,23/01/2023,5.14,,R$ / litro,IPIRANGA,2023-11-21
SE,MG,MURIAE,POSTO AMIGAO DE MURIAE LTDA,05.585.305/0001-26,AVENIDA RIO BAHIA,5450,X,BARRA,36880-000,ETANOL,23/01/2023,4.13,,R$ / litro,VIBRA ENERGIA,2023-11-21
SE,MG,MURIAE,POSTO AMIGAO DE MURIAE LTDA,05.585.305/0001-26,AVENIDA RIO BAHIA,5450,X,BARRA,36880-000,DIESEL S10,23/01/2023,6.29,,R$ / litro,VIBRA ENERGIA,2023-11-21
SE,MG,MURIAE,POSTO AMIGAO DE MURIAE LTDA,05.585.305/0001-26,AVENIDA RIO BAHIA,5450,X,BARRA,36880-000,DIESEL,23/01/2023,6.19,,R$ / litro,VIBRA ENERGIA,2023-11-21
SE,MG,MURIAE,POSTO AMIGAO DE MURIAE LTDA,05.585.305/0001-26,AVENIDA RIO BAHIA,5450,X,BARRA,36880-000,GASOLINA ADITIVADA,23/01/2023,5.18,,R$ / litro,VIBRA ENERGIA,2023-11-21
SE,MG,MURIAE,POSTO AMIGAO DE MURIAE LTDA,05.585.305/0001-26,AVENIDA RIO BAHIA,5450,X,BARRA,36880-000,GASOLINA,23/01/2023,5.13,,R$ / litro,VIBRA ENERGIA,2023-11-21
SE,MG,MURIAE,POSTO JOIA DE MURIAE LTDA,19.661.701/0001-08,AVENIDA MONTEIRO DE CASTRO,444,,BARRA,36884-013,ETANOL,23/01/2023,4.13,,R$ / litro,ALESAT,2023-11-21
SE,MG,MURIAE,POSTO JOIA DE MURIAE LTDA,19.661.701/0001-08,AVENIDA MONTEIRO DE CASTRO,444,,BARRA,36884-013,DIESEL S10,23/01/2023,6.29,,R$ / litro,ALESAT,2023-11-21
SE,MG,MURIAE,POSTO JOIA DE MURIAE LTDA,19.661.701/0001-08,AVENIDA MONTEIRO DE CASTRO,444,,BARRA,36884-013,GASOLINA ADITIVADA,23/01/2023,5.18,,R$ / litro,ALESAT,2023-11-21
SE,MG,MURIAE,POSTO JOIA DE MURIAE LTDA,19.661.701/0001-08,AVENIDA MONTEIRO DE CASTRO,444,,BARRA,36884-013,GASOLINA,23/01/2023,5.13,,R$ / litro,ALESAT,2023-11-21
SE,MG,MURIAE,AUTO POSTO TRADICAO LTDA,03.815.352/0001-93,AVENIDA RIO BAHIA,5415,,BARRA,36880-000,ETANOL,23/01/2023,4.13,,R$ / litro,IPIRANGA,2023-11-21
SE,MG,MURIAE,AUTO POSTO TRADICAO LTDA,03.815.352/0001-93,AVENIDA RIO BAHIA,5415,,BARRA,36880-000,DIESEL S10,23/01/2023,6.28,,R$ / litro,IPIRANGA,2023-11-21
SE,MG,MURIAE,AUTO POSTO TRADICAO LTDA,03.815.352/0001-93,AVENIDA RIO BAHIA,5415,,BARRA,36880-000,DIESEL,23/01/2023,6.18,,R$ / litro,IPIRANGA,2023-11-21
SE,MG,MURIAE,AUTO POSTO TRADICAO LTDA,03.815.352/0001-93,AVENIDA RIO BAHIA,5415,,BARRA,36880-000,GASOLINA ADITIVADA,23/01/2023,5.18,,R$ / litro,IPIRANGA,2023-11-21
SE,MG,MURIAE,AUTO POSTO TRADICAO LTDA,03.815.352/0001-93,AVENIDA RIO BAHIA,5415,,BARRA,36880-000,GASOLINA,23/01/2023,5.13,,R$ / litro,IPIRANGA,2023-11-21
SE,MG,MURIAE,AUTO POSTO DORNELAS LTDA,03.285.009/0001-84,PRACA DORNELAS,85,,DORNELAS,36884-183,ETANOL,23/01/2023,4.14,,R$ / litro,IPIRANGA,2023-11-21
SE,MG,MURIAE,AUTO POSTO DORNELAS LTDA,03.285.009/0001-84,PRACA DORNELAS,85,,DORNELAS,36884-183,DIESEL S10,23/01/2023,6.29,,R$ / litro,IPIRANGA,2023-11-21
SE,MG,MURIAE,AUTO POSTO DORNELAS LTDA,03.285.009/0001-84,PRACA DORNELAS,85,,DORNELAS,36884-183,DIESEL,23/01/2023,6.19,,R$ / litro,IPIRANGA,2023-11-21
SE,MG,MURIAE,AUTO POSTO DORNELAS LTDA,03.285.009/0001-84,PRACA DORNELAS,85,,DORNELAS,36884-183,GASOLINA ADITIVADA,23/01/2023,5.29,,R$ / litro,IPIRANGA,2023-11-21
SE,MG,MURIAE,AUTO POSTO DORNELAS LTDA,03.285.009/0001-84,PRACA DORNELAS,85,,DORNELAS,36884-183,GASOLINA,23/01/2023,5.14,,R$ / litro,IPIRANGA,2023-11-21
SE,MG,NOVA LIMA,POSTO CURVA DO RETIRO LTDA,04.437.401/0001-64,RODOVIA BR 040 - KM 548,2000,LOTES 01 A 12,JARDIM CANADA,34000-001,ETANOL,26/01/2023,3.75,,R$ / litro,VIBRA ENERGIA,2023-11-21
SE,MG,NOVA LIMA,POSTO CURVA DO RETIRO LTDA,04.437.401/0001-64,RODOVIA BR 040 - KM 548,2000,LOTES 01 A 12,JARDIM CANADA,34000-001,GASOLINA ADITIVADA,26/01/2023,5.34,,R$ / litro,VIBRA ENERGIA,2023-11-21
SE,MG,NOVA LIMA,POSTO CURVA DO RETIRO LTDA,04.437.401/0001-64,RODOVIA BR 040 - KM 548,2000,LOTES 01 A 12,JARDIM CANADA,34000-001,GASOLINA,26/01/2023,5.04,,R$ / litro,VIBRA ENERGIA,2023-11-21
SE,MG,NOVA LIMA,PETROLIM LTDA,17.236.977/0001-05,PRACA EXPEDICIONARIO ASSUNCAO,12,,CENTRO,34000-001,ETANOL,26/01/2023,3.79,,R$ / litro,RAIZEN,2023-11-21
SE,MG,NOVA LIMA,PETROLIM LTDA,17.236.977/0001-05,PRACA EXPEDICIONARIO ASSUNCAO,12,,CENTRO,34000-001,DIESEL S10,26/01/2023,6.69,,R$ / litro,RAIZEN,2023-11-21
SE,MG,NOVA LIMA,PETROLIM LTDA,17.236.977/0001-05,PRACA EXPEDICIONARIO ASSUNCAO,12,,CENTRO,34000-001,GASOLINA ADITIVADA,26/01/2023,5.65,,R$ / litro,RAIZEN,2023-11-21
SE,MG,NOVA LIMA,PETROLIM LTDA,17.236.977/0001-05,PRACA EXPEDICIONARIO ASSUNCAO,12,,CENTRO,34000-001,GASOLINA,26/01/2023,5.25,,R$ / litro,RAIZEN,2023-11-21
SE,MG,NOVA LIMA,POSTO SERRA DAS MANSOES LTDA - ME,03.658.823/0001-05,RODOVIA MG-030,"1,709",,B OURO VELHO MANSOES,34000-000,ETANOL,26/01/2023,3.95,,R$ / litro,RAIZEN,2023-11-21
SE,MG,NOVA LIMA,POSTO SERRA DAS MANSOES LTDA - ME,03.658.823/0001-05,RODOVIA MG-030,"1,709",,B OURO VELHO MANSOES,34000-000,DIESEL S10,26/01/2023,6.59,,R$ / litro,RAIZEN,2023-11-21
SE,MG,NOVA LIMA,POSTO SERRA DAS MANSOES LTDA - ME,03.658.823/0001-05,RODOVIA MG-030,"1,709",,B OURO VELHO MANSOES,34000-000,GASOLINA ADITIVADA,26/01/2023,5.67,,R$ / litro,RAIZEN,2023-11-21
SE,MG,NOVA LIMA,POSTO SERRA DAS MANSOES LTDA - ME,03.658.823/0001-05,RODOVIA MG-030,"1,709",,B OURO VELHO MANSOES,34000-000,GASOLINA,26/01/2023,5.27,,R$ / litro,RAIZEN,2023-11-21
SE,MG,NOVA LIMA,PHILADELPHIA DERIVADOS DE PETROLEO LTDA,01.629.489/0001-28,PRACA DR. ERNANI RIB. SILVA,22,,CENTRO,34000-000,ETANOL,26/01/2023,3.79,,R$ / litro,ALESAT,2023-11-21
SE,MG,NOVA LIMA,PHILADELPHIA DERIVADOS DE PETROLEO LTDA,01.629.489/0001-28,PRACA DR. ERNANI RIB. SILVA,22,,CENTRO,34000-000,DIESEL S10,26/01/2023,6.49,,R$ / litro,ALESAT,2023-11-21
SE,MG,NOVA LIMA,PHILADELPHIA DERIVADOS DE PETROLEO LTDA,01.629.489/0001-28,PRACA DR. ERNANI RIB. SILVA,22,,CENTRO,34000-000,GASOLINA,26/01/2023,5.19,,R$ / litro,ALESAT,2023-11-21
SE,MG,NOVA LIMA,POSTO DE COMBUSTIVEIS VILA FERNANDA LTDA,00.969.242/0001-98,RUA DA PAISAGEM,45,,VILA DA SERRA,34006-059,ETANOL,26/01/2023,3.99,,R$ / litro,IPIRANGA,2023-11-21
SE,MG,NOVA LIMA,POSTO DE COMBUSTIVEIS VILA FERNANDA LTDA,00.969.242/0001-98,RUA DA PAISAGEM,45,,VILA DA SERRA,34006-059,DIESEL S10,26/01/2023,6.49,,R$ / litro,IPIRANGA,2023-11-21
SE,MG,NOVA LIMA,POSTO DE COMBUSTIVEIS VILA FERNANDA LTDA,00.969.242/0001-98,RUA DA PAISAGEM,45,,VILA DA SERRA,34006-059,GASOLINA ADITIVADA,26/01/2023,5.39,,R$ / litro,IPIRANGA,2023-11-21
SE,MG,NOVA LIMA,POSTO DE COMBUSTIVEIS VILA FERNANDA LTDA,00.969.242/0001-98,RUA DA PAISAGEM,45,,VILA DA SERRA,34006-059,GASOLINA,26/01/2023,5.19,,R$ / litro,IPIRANGA,2023-11-21
SE,MG,BELO HORIZONTE,ECO EMPREENDIMENTOS COMERCIAIS LTDA,00.194.032/0002-56,RUA CONCEICAO DO MATO DENTRO,335,,OURO PRETO,31310-240,ETANOL,23/01/2023,3.79,,R$ / litro,VIBRA ENERGIA,2023-11-21
SE,MG,BELO HORIZONTE,ECO EMPREENDIMENTOS COMERCIAIS LTDA,00.194.032/0002-56,RUA CONCEICAO DO MATO DENTRO,335,,OURO PRETO,31310-240,GASOLINA ADITIVADA,23/01/2023,4.99,,R$ / litro,VIBRA ENERGIA,2023-11-21
SE,MG,BELO HORIZONTE,ECO EMPREENDIMENTOS COMERCIAIS LTDA,00.194.032/0002-56,RUA CONCEICAO DO MATO DENTRO,335,,OURO PRETO,31310-240,GASOLINA,23/01/2023,4.79,,R$ / litro,VIBRA ENERGIA,2023-11-21
SE,MG,ARAGUARI,COOPDIESEL-COOPERATIVA DE PESSOAS FISICAS E JURIDICAS NO SEGMENTO DE TRANSPORTES EM GERAL,08.562.870/0001-66,"RUA, SAO SALVADOR",671, ,SAO LUIZ,38446-130,ETANOL,23/01/2023,3.6,,R$ / litro,BRANCA,2023-11-21
SE,MG,ARAGUARI,COOPDIESEL-COOPERATIVA DE PESSOAS FISICAS E JURIDICAS NO SEGMENTO DE TRANSPORTES EM GERAL,08.562.870/0001-66,"RUA, SAO SALVADOR",671, ,SAO LUIZ,38446-130,DIESEL S10,23/01/2023,6.05,,R$ / litro,BRANCA,2023-11-21
SE,MG,ARAGUARI,COOPDIESEL-COOPERATIVA DE PESSOAS FISICAS E JURIDICAS NO SEGMENTO DE TRANSPORTES EM GERAL,08.562.870/0001-66,"RUA, SAO SALVADOR",671, ,SAO LUIZ,38446-130,DIESEL,23/01/2023,5.91,,R$ / litro,BRANCA,2023-11-21
SE,MG,ARAGUARI,COOPDIESEL-COOPERATIVA DE PESSOAS FISICAS E JURIDICAS NO SEGMENTO DE TRANSPORTES EM GERAL,08.562.870/0001-66,"RUA, SAO SALVADOR",671, ,SAO LUIZ,38446-130,GASOLINA,23/01/2023,4.75,,R$ / litro,BRANCA,2023-11-21
SE,MG,LAVRAS,AUTO POSTO PILOTO LTDA,10.257.882/0001-29,RUA CHAGAS DORIA,538,,BELIZANDRA,37200-000,ETANOL,26/01/2023,3.89,,R$ / litro,RAIZEN,2023-11-21
SE,MG,LAVRAS,AUTO POSTO PILOTO LTDA,10.257.882/0001-29,RUA CHAGAS DORIA,538,,BELIZANDRA,37200-000,GASOLINA,26/01/2023,5.19,,R$ / litro,RAIZEN,2023-11-21
SE,MG,IPATINGA,AUTO POSTO REDE SOUZA LTDA,05.907.822/0024-60,RUA FELIPE DOS SANTOS,685,,CIDADE NOBRE,35162-369,ETANOL,24/01/2023,3.99,,R$ / litro,VIBRA ENERGIA,2023-11-21
SE,MG,IPATINGA,AUTO POSTO REDE SOUZA LTDA,05.907.822/0024-60,RUA FELIPE DOS SANTOS,685,,CIDADE NOBRE,35162-369,GASOLINA ADITIVADA,24/01/2023,5.12,,R$ / litro,VIBRA ENERGIA,2023-11-21
SE,MG,IPATINGA,AUTO POSTO REDE SOUZA LTDA,05.907.822/0024-60,RUA FELIPE DOS SANTOS,685,,CIDADE NOBRE,35162-369,GASOLINA,24/01/2023,4.95,,R$ / litro,VIBRA ENERGIA,2023-11-21
SE,MG,ARAGUARI,NETO COMERCIO DE COMBUSTIVEIS LTDA,08.369.237/0001-56,RODOVIA BR 050,S/N,KM 39,SUBURBIO,38442-239,ETANOL,23/01/2023,3.6,,R$ / litro,BRANCA,2023-11-21
SE,MG,ARAGUARI,NETO COMERCIO DE COMBUSTIVEIS LTDA,08.369.237/0001-56,RODOVIA BR 050,S/N,KM 39,SUBURBIO,38442-239,DIESEL S10,23/01/2023,5.98,,R$ / litro,BRANCA,2023-11-21
SE,MG,ARAGUARI,NETO COMERCIO DE COMBUSTIVEIS LTDA,08.369.237/0001-56,RODOVIA BR 050,S/N,KM 39,SUBURBIO,38442-239,DIESEL,23/01/2023,5.78,,R$ / litro,BRANCA,2023-11-21
SE,MG,ARAGUARI,NETO COMERCIO DE COMBUSTIVEIS LTDA,08.369.237/0001-56,RODOVIA BR 050,S/N,KM 39,SUBURBIO,38442-239,GASOLINA ADITIVADA,23/01/2023,4.78,,R$ / litro,BRANCA,2023-11-21
SE,MG,ARAGUARI,NETO COMERCIO DE COMBUSTIVEIS LTDA,08.369.237/0001-56,RODOVIA BR 050,S/N,KM 39,SUBURBIO,38442-239,GASOLINA,23/01/2023,4.76,,R$ / litro,BRANCA,2023-11-21
SE,MG,PARACATU,COMERCIAL DE COMBUSTIVEIS PORTAL DE MINAS III LTDA,09.600.242/0001-90,RODOVIA MARGINAL BR 040,430,,ALTO DO CORREGO,38600-000,ETANOL,24/01/2023,3.82,,R$ / litro,ALESAT,2023-11-21
SE,MG,PARACATU,COMERCIAL DE COMBUSTIVEIS PORTAL DE MINAS III LTDA,09.600.242/0001-90,RODOVIA MARGINAL BR 040,430,,ALTO DO CORREGO,38600-000,DIESEL S10,24/01/2023,6.44,,R$ / litro,ALESAT,2023-11-21
SE,MG,PARACATU,COMERCIAL DE COMBUSTIVEIS PORTAL DE MINAS III LTDA,09.600.242/0001-90,RODOVIA MARGINAL BR 040,430,,ALTO DO CORREGO,38600-000,GASOLINA ADITIVADA,24/01/2023,4.92,,R$ / litro,ALESAT,2023-11-21
SE,MG,PARACATU,COMERCIAL DE COMBUSTIVEIS PORTAL DE MINAS III LTDA,09.600.242/0001-90,RODOVIA MARGINAL BR 040,430,,ALTO DO CORREGO,38600-000,GASOLINA,24/01/2023,4.92,,R$ / litro,ALESAT,2023-11-21
SE,MG,DIVINOPOLIS,DP AUTO POSTO LTDA,09.688.747/0001-59,AVENIDA GOVERNADOR MAGALHAES PINTO,338,,NITEROI,35500-220,ETANOL,24/01/2023,3.79,,R$ / litro,IPIRANGA,2023-11-21
SE,MG,DIVINOPOLIS,DP AUTO POSTO LTDA,09.688.747/0001-59,AVENIDA GOVERNADOR MAGALHAES PINTO,338,,NITEROI,35500-220,DIESEL,24/01/2023,6.08,,R$ / litro,IPIRANGA,2023-11-21
SE,MG,DIVINOPOLIS,DP AUTO POSTO LTDA,09.688.747/0001-59,AVENIDA GOVERNADOR MAGALHAES PINTO,338,,NITEROI,35500-220,GASOLINA,24/01/2023,4.79,,R$ / litro,IPIRANGA,2023-11-21
SE,MG,NOVA LIMA,POSTO DE COMBUSTIVEL RETIRO EIRELI,10.334.577/0001-93,RUA MIGUEL WARDI,14,,OLARIA,34000-019,ETANOL,26/01/2023,3.82,,R$ / litro,ALESAT,2023-11-21
SE,MG,NOVA LIMA,POSTO DE COMBUSTIVEL RETIRO EIRELI,10.334.577/0001-93,RUA MIGUEL WARDI,14,,OLARIA,34000-019,DIESEL S10,26/01/2023,6.49,,R$ / litro,ALESAT,2023-11-21
SE,MG,NOVA LIMA,POSTO DE COMBUSTIVEL RETIRO EIRELI,10.334.577/0001-93,RUA MIGUEL WARDI,14,,OLARIA,34000-019,GASOLINA,26/01/2023,5.19,,R$ / litro,ALESAT,2023-11-21
SE,MG,GOVERNADOR VALADARES,AUTO POSTO BARROS MIRANDA LTDA,08.767.699/0001-21,AVENIDA DOUTOR RAIMUNDO MONTEIRO REZENDE,4585,,ALTINOPOLIS,35053-680,ETANOL,23/01/2023,3.89,,R$ / litro,VIBRA ENERGIA,2023-11-21
SE,MG,GOVERNADOR VALADARES,AUTO POSTO BARROS MIRANDA LTDA,08.767.699/0001-21,AVENIDA DOUTOR RAIMUNDO MONTEIRO REZENDE,4585,,ALTINOPOLIS,35053-680,DIESEL,23/01/2023,5.99,,R$ / litro,VIBRA ENERGIA,2023-11-21
SE,MG,GOVERNADOR VALADARES,AUTO POSTO BARROS MIRANDA LTDA,08.767.699/0001-21,AVENIDA DOUTOR RAIMUNDO MONTEIRO REZENDE,4585,,ALTINOPOLIS,35053-680,GASOLINA,23/01/2023,4.95,,R$ / litro,VIBRA ENERGIA,2023-11-21
SE,MG,BELO HORIZONTE,POSTO OCEANO LTDA,08.401.243/0001-43,AVENIDA DO CONTORNO,10325,,CARLOS PRATES,30110-071,ETANOL,24/01/2023,3.65,,R$ / litro,RAIZEN,2023-11-21
SE,MG,BELO HORIZONTE,POSTO OCEANO LTDA,08.401.243/0001-43,AVENIDA DO CONTORNO,10325,,CARLOS PRATES,30110-071,DIESEL S10,24/01/2023,6.05,,R$ / litro,RAIZEN,2023-11-21
SE,MG,BELO HORIZONTE,POSTO OCEANO LTDA,08.401.243/0001-43,AVENIDA DO CONTORNO,10325,,CARLOS PRATES,30110-071,GASOLINA ADITIVADA,24/01/2023,5.09,,R$ / litro,RAIZEN,2023-11-21
SE,MG,BELO HORIZONTE,POSTO OCEANO LTDA,08.401.243/0001-43,AVENIDA DO CONTORNO,10325,,CARLOS PRATES,30110-071,GASOLINA,24/01/2023,4.69,,R$ / litro,RAIZEN,2023-11-21
SE,MG,MURIAE,AUTO POSTO DORNELAS LTDA,03.285.009/0002-65,RUA JOSE BORGES ABRANTES,33,,CENTRO,36880-063,GASOLINA,23/01/2023,5.14,,R$ / litro,IPIRANGA,2023-11-21
SE,MG,MURIAE,AUTO POSTO DORNELAS LTDA,03.285.009/0002-65,RUA JOSE BORGES ABRANTES,33,,CENTRO,36880-063,ETANOL,23/01/2023,4.14,,R$ / litro,IPIRANGA,2023-11-21
SE,MG,MURIAE,AUTO POSTO DORNELAS LTDA,03.285.009/0002-65,RUA JOSE BORGES ABRANTES,33,,CENTRO,36880-063,DIESEL S10,23/01/2023,6.29,,R$ / litro,IPIRANGA,2023-11-21
SE,MG,MURIAE,AUTO POSTO DORNELAS LTDA,03.285.009/0002-65,RUA JOSE BORGES ABRANTES,33,,CENTRO,36880-063,GASOLINA ADITIVADA,23/01/2023,5.29,,R$ / litro,IPIRANGA,2023-11-21
SE,MG,MONTES CLAROS,AUTO POSTO AMIL LTDA,08.574.321/0001-01,AVENIDA JOAO XXIII,470,,EDGAR PEREIRA,39400-162,ETANOL,26/01/2023,3.55,,R$ / litro,IPIRANGA,2023-11-21
SE,MG,MONTES CLAROS,AUTO POSTO AMIL LTDA,08.574.321/0001-01,AVENIDA JOAO XXIII,470,,EDGAR PEREIRA,39400-162,DIESEL S10,26/01/2023,6.08,,R$ / litro,IPIRANGA,2023-11-21
SE,MG,MONTES CLAROS,AUTO POSTO AMIL LTDA,08.574.321/0001-01,AVENIDA JOAO XXIII,470,,EDGAR PEREIRA,39400-162,GASOLINA,26/01/2023,4.89,,R$ / litro,IPIRANGA,2023-11-21
SE,MG,SETE LAGOAS,IRMAOS SILVA S/A,21.012.190/0035-86,RUA SANTA  HELENA,9,,CANAA,35700-285,ETANOL,24/01/2023,3.89,,R$ / litro,RAIZEN,2023-11-21
SE,MG,SETE LAGOAS,IRMAOS SILVA S/A,21.012.190/0035-86,RUA SANTA  HELENA,9,,CANAA,35700-285,DIESEL S10,24/01/2023,6.09,,R$ / litro,RAIZEN,2023-11-21
SE,MG,SETE LAGOAS,IRMAOS SILVA S/A,21.012.190/0035-86,RUA SANTA  HELENA,9,,CANAA,35700-285,GASOLINA ADITIVADA,24/01/2023,5.09,,R$ / litro,RAIZEN,2023-11-21
SE,MG,SETE LAGOAS,IRMAOS SILVA S/A,21.012.190/0035-86,RUA SANTA  HELENA,9,,CANAA,35700-285,GASOLINA,24/01/2023,4.89,,R$ / litro,RAIZEN,2023-11-21
SE,MG,FORMIGA,POSTO SAO RAFAEL LTDA,10.173.379/0001-95,AVENIDA PAULO LINS,133,,CENTRO,35570-000,ETANOL,24/01/2023,3.99,,R$ / litro,TOTALENERGIES,2023-11-21
SE,MG,FORMIGA,POSTO SAO RAFAEL LTDA,10.173.379/0001-95,AVENIDA PAULO LINS,133,,CENTRO,35570-000,DIESEL S10,24/01/2023,6.19,,R$ / litro,TOTALENERGIES,2023-11-21
SE,MG,FORMIGA,POSTO SAO RAFAEL LTDA,10.173.379/0001-95,AVENIDA PAULO LINS,133,,CENTRO,35570-000,GASOLINA,24/01/2023,4.99,,R$ / litro,TOTALENERGIES,2023-11-21
SE,MG,POCOS DE CALDAS,POSTO ACACIAS LTDA,09.128.405/0001-84,AVENIDA SANTO ANTONIO,310,,JARDIM CASCATINHA,37701-036,ETANOL,24/01/2023,3.79,,R$ / litro,VIBRA ENERGIA,2023-11-21
SE,MG,POCOS DE CALDAS,POSTO ACACIAS LTDA,09.128.405/0001-84,AVENIDA SANTO ANTONIO,310,,JARDIM CASCATINHA,37701-036,GASOLINA ADITIVADA,24/01/2023,4.99,,R$ / litro,VIBRA ENERGIA,2023-11-21
SE,MG,POCOS DE CALDAS,POSTO ACACIAS LTDA,09.128.405/0001-84,AVENIDA SANTO ANTONIO,310,,JARDIM CASCATINHA,37701-036,GASOLINA,24/01/2023,4.97,,R$ / litro,VIBRA ENERGIA,2023-11-21
SE,MG,POCOS DE CALDAS,POSTO ACACIAS LTDA,09.128.405/0001-84,AVENIDA SANTO ANTONIO,310,,JARDIM CASCATINHA,37701-036,GNV,24/01/2023,5.15,,R$ / m³,VIBRA ENERGIA,2023-11-21
SE,MG,IPATINGA,POSTO ML 300 LTDA EPP,10.418.777/0001-24,AVENIDA MONTEIRO LOBATO,300,,CIDADE NOBRE,35162-394,ETANOL,24/01/2023,3.75,,R$ / litro,VIBRA ENERGIA,2023-11-21
SE,MG,IPATINGA,POSTO ML 300 LTDA EPP,10.418.777/0001-24,AVENIDA MONTEIRO LOBATO,300,,CIDADE NOBRE,35162-394,DIESEL S10,24/01/2023,6.09,,R$ / litro,VIBRA ENERGIA,2023-11-21
SE,MG,IPATINGA,POSTO ML 300 LTDA EPP,10.418.777/0001-24,AVENIDA MONTEIRO LOBATO,300,,CIDADE NOBRE,35162-394,DIESEL,24/01/2023,5.99,,R$ / litro,VIBRA ENERGIA,2023-11-21
SE,MG,IPATINGA,POSTO ML 300 LTDA EPP,10.418.777/0001-24,AVENIDA MONTEIRO LOBATO,300,,CIDADE NOBRE,35162-394,GASOLINA,24/01/2023,4.75,,R$ / litro,VIBRA ENERGIA,2023-11-21
SE,MG,JUIZ DE FORA,VIP COMERCIO DE COMBUSTIVEIS LTDA,10.579.251/0001-26,AVENIDA PRESIDENTE JUSCELINO KUBITSCHEK,775,,INDUSTRIAL,36081-000,ETANOL,23/01/2023,4.12,,R$ / litro,RAIZEN,2023-11-21
SE,MG,JUIZ DE FORA,VIP COMERCIO DE COMBUSTIVEIS LTDA,10.579.251/0001-26,AVENIDA PRESIDENTE JUSCELINO KUBITSCHEK,775,,INDUSTRIAL,36081-000,DIESEL S10,23/01/2023,6.59,,R$ / litro,RAIZEN,2023-11-21
SE,MG,JUIZ DE FORA,VIP COMERCIO DE COMBUSTIVEIS LTDA,10.579.251/0001-26,AVENIDA PRESIDENTE JUSCELINO KUBITSCHEK,775,,INDUSTRIAL,36081-000,GASOLINA ADITIVADA,23/01/2023,5.25,,R$ / litro,RAIZEN,2023-11-21
SE,MG,JUIZ DE FORA,VIP COMERCIO DE COMBUSTIVEIS LTDA,10.579.251/0001-26,AVENIDA PRESIDENTE JUSCELINO KUBITSCHEK,775,,INDUSTRIAL,36081-000,GASOLINA,23/01/2023,5.05,,R$ / litro,RAIZEN,2023-11-21
SE,MG,JUIZ DE FORA,PAPAGAIO COMÉRCIO E DERIVADOS DE PETRÓLEO LTDA,10.515.414/0001-07,RUA DOUTOR  JOSE EUTROPIO,281,,SANTA TEREZINHA,36045-480,ETANOL,24/01/2023,4.39,,R$ / litro,VIBRA ENERGIA,2023-11-21
SE,MG,JUIZ DE FORA,PAPAGAIO COMÉRCIO E DERIVADOS DE PETRÓLEO LTDA,10.515.414/0001-07,RUA DOUTOR  JOSE EUTROPIO,281,,SANTA TEREZINHA,36045-480,DIESEL S10,24/01/2023,7.19,,R$ / litro,VIBRA ENERGIA,2023-11-21
SE,MG,JUIZ DE FORA,PAPAGAIO COMÉRCIO E DERIVADOS DE PETRÓLEO LTDA,10.515.414/0001-07,RUA DOUTOR  JOSE EUTROPIO,281,,SANTA TEREZINHA,36045-480,GASOLINA,24/01/2023,5.19,,R$ / litro,VIBRA ENERGIA,2023-11-21
SE,MG,JUIZ DE FORA,AUTO POSTO PAPAGAIO LTDA,10.782.507/0001-06,AV. PRESIDENTE JUSCELINO KUBITSCHEK,5553,A,NOVA ERA,36087-000,ETANOL,23/01/2023,4.34,,R$ / litro,VIBRA ENERGIA,2023-11-21
SE,MG,JUIZ DE FORA,AUTO POSTO PAPAGAIO LTDA,10.782.507/0001-06,AV. PRESIDENTE JUSCELINO KUBITSCHEK,5553,A,NOVA ERA,36087-000,DIESEL S10,23/01/2023,6.79,,R$ / litro,VIBRA ENERGIA,2023-11-21
SE,MG,JUIZ DE FORA,AUTO POSTO PAPAGAIO LTDA,10.782.507/0001-06,AV. PRESIDENTE JUSCELINO KUBITSCHEK,5553,A,NOVA ERA,36087-000,DIESEL,23/01/2023,6.69,,R$ / litro,VIBRA ENERGIA,2023-11-21
SE,MG,JUIZ DE FORA,AUTO POSTO PAPAGAIO LTDA,10.782.507/0001-06,AV. PRESIDENTE JUSCELINO KUBITSCHEK,5553,A,NOVA ERA,36087-000,GASOLINA,23/01/2023,5.14,,R$ / litro,VIBRA ENERGIA,2023-11-21
SE,MG,CONTAGEM,AUTO POSTO SANTOS RIOS S.R. LTDA,10.218.152/0001-19,VIA EXPRESSA DE CONTAGEM,2835,,PEROBAS,32040-025,ETANOL,23/01/2023,3.77,,R$ / litro,IPIRANGA,2023-11-21
SE,MG,CONTAGEM,AUTO POSTO SANTOS RIOS S.R. LTDA,10.218.152/0001-19,VIA EXPRESSA DE CONTAGEM,2835,,PEROBAS,32040-025,GASOLINA ADITIVADA,23/01/2023,4.97,,R$ / litro,IPIRANGA,2023-11-21
SE,MG,CONTAGEM,AUTO POSTO SANTOS RIOS S.R. LTDA,10.218.152/0001-19,VIA EXPRESSA DE CONTAGEM,2835,,PEROBAS,32040-025,GASOLINA,23/01/2023,4.77,,R$ / litro,IPIRANGA,2023-11-21
SE,MG,BARBACENA,APEC VEICULOS S/A,17.078.536/0008-07,RUA JOSE BONIFACIO,180,,CENTRO,36200-000,ETANOL,25/01/2023,3.58,,R$ / litro,RAIZEN,2023-11-21
SE,MG,BARBACENA,APEC VEICULOS S/A,17.078.536/0008-07,RUA JOSE BONIFACIO,180,,CENTRO,36200-000,DIESEL S10,25/01/2023,6.05,,R$ / litro,RAIZEN,2023-11-21
SE,MG,BARBACENA,APEC VEICULOS S/A,17.078.536/0008-07,RUA JOSE BONIFACIO,180,,CENTRO,36200-000,GASOLINA ADITIVADA,25/01/2023,5.55,,R$ / litro,RAIZEN,2023-11-21
SE,MG,BARBACENA,APEC VEICULOS S/A,17.078.536/0008-07,RUA JOSE BONIFACIO,180,,CENTRO,36200-000,GASOLINA,25/01/2023,5.15,,R$ / litro,RAIZEN,2023-11-21
SE,MG,BELO HORIZONTE,POSTO SAO BERNARDO LTDA,10.673.246/0001-88,AVENIDA CRISTIANO MACHADO,9505,,DONA CLARA,31260-333,GASOLINA ADITIVADA,24/01/2023,4.99,,R$ / litro,IPIRANGA,2023-11-21
SE,MG,FORMIGA,FORMIGUENSE COMERCIO DE COMBUSTIVEIS E DERIVADOS DE PETROLEO LTDA,11.026.352/0001-32,AVENIDA BRASIL,1286,,MANGABEIRAS,35570-000,ETANOL,24/01/2023,3.73,,R$ / litro,BRANCA,2023-11-21
SE,MG,FORMIGA,FORMIGUENSE COMERCIO DE COMBUSTIVEIS E DERIVADOS DE PETROLEO LTDA,11.026.352/0001-32,AVENIDA BRASIL,1286,,MANGABEIRAS,35570-000,DIESEL S10,24/01/2023,5.76,,R$ / litro,BRANCA,2023-11-21
SE,MG,FORMIGA,FORMIGUENSE COMERCIO DE COMBUSTIVEIS E DERIVADOS DE PETROLEO LTDA,11.026.352/0001-32,AVENIDA BRASIL,1286,,MANGABEIRAS,35570-000,GASOLINA,24/01/2023,4.76,,R$ / litro,BRANCA,2023-11-21
SE,MG,JUIZ DE FORA,MAN GNV LTDA.,10.173.887/0002-54,AVENIDA SETE DE SETEMBRO,743,,COSTA CARVALHO,36070-000,ETANOL,23/01/2023,4.08,,R$ / litro,VIBRA ENERGIA,2023-11-21
SE,MG,JUIZ DE FORA,MAN GNV LTDA.,10.173.887/0002-54,AVENIDA SETE DE SETEMBRO,743,,COSTA CARVALHO,36070-000,GASOLINA ADITIVADA,23/01/2023,5.13,,R$ / litro,VIBRA ENERGIA,2023-11-21
SE,MG,JUIZ DE FORA,MAN GNV LTDA.,10.173.887/0002-54,AVENIDA SETE DE SETEMBRO,743,,COSTA CARVALHO,36070-000,GASOLINA,23/01/2023,5.03,,R$ / litro,VIBRA ENERGIA,2023-11-21
SE,MG,JUIZ DE FORA,MAN GNV LTDA.,10.173.887/0002-54,AVENIDA SETE DE SETEMBRO,743,,COSTA CARVALHO,36070-000,GNV,23/01/2023,4.85,,R$ / m³,VIBRA ENERGIA,2023-11-21
SE,MG,DIVINOPOLIS,POSTO SOTERO OLIVEIRA LTDA,10.384.837/0001-35,RODOVIA MG-050,7700,,XAVANTE,35503-229,ETANOL,24/01/2023,3.76,,R$ / litro,BRANCA,2023-11-21
SE,MG,DIVINOPOLIS,POSTO SOTERO OLIVEIRA LTDA,10.384.837/0001-35,RODOVIA MG-050,7700,,XAVANTE,35503-229,DIESEL S10,24/01/2023,5.99,,R$ / litro,BRANCA,2023-11-21
SE,MG,DIVINOPOLIS,POSTO SOTERO OLIVEIRA LTDA,10.384.837/0001-35,RODOVIA MG-050,7700,,XAVANTE,35503-229,DIESEL,24/01/2023,5.89,,R$ / litro,BRANCA,2023-11-21
SE,MG,DIVINOPOLIS,POSTO SOTERO OLIVEIRA LTDA,10.384.837/0001-35,RODOVIA MG-050,7700,,XAVANTE,35503-229,GASOLINA,24/01/2023,4.76,,R$ / litro,BRANCA,2023-11-21
SE,MG,JUIZ DE FORA,POSTO UNIVERSITARIO DE JUIZ DE FORA LTDA,10.430.012/0001-00,RUA JOSE LOURENCO KELMER,1000,,SAO PEDRO,36036-330,DIESEL S10,25/01/2023,6.09,,R$ / litro,IPIRANGA,2023-11-21
SE,MG,JUIZ DE FORA,POSTO UNIVERSITARIO DE JUIZ DE FORA LTDA,10.430.012/0001-00,RUA JOSE LOURENCO KELMER,1000,,SAO PEDRO,36036-330,GASOLINA ADITIVADA,25/01/2023,5.29,,R$ / litro,IPIRANGA,2023-11-21
SE,MG,JUIZ DE FORA,POSTO UNIVERSITARIO DE JUIZ DE FORA LTDA,10.430.012/0001-00,RUA JOSE LOURENCO KELMER,1000,,SAO PEDRO,36036-330,GASOLINA,25/01/2023,5.19,,R$ / litro,IPIRANGA,2023-11-21
SE,MG,ARAXA,REDE DE POSTOS OLIVEIRA LTDA,11.165.625/0001-20,RUA UBERABA,990,,ALVORADA,38180-001,ETANOL,25/01/2023,3.98,,R$ / litro,TOTALENERGIES,2023-11-21
SE,MG,ARAXA,REDE DE POSTOS OLIVEIRA LTDA,11.165.625/0001-20,RUA UBERABA,990,,ALVORADA,38180-001,DIESEL S10,25/01/2023,6.2,,R$ / litro,TOTALENERGIES,2023-11-21
SE,MG,ARAXA,REDE DE POSTOS OLIVEIRA LTDA,11.165.625/0001-20,RUA UBERABA,990,,ALVORADA,38180-001,DIESEL,25/01/2023,6.15,,R$ / litro,TOTALENERGIES,2023-11-21
SE,MG,ARAXA,REDE DE POSTOS OLIVEIRA LTDA,11.165.625/0001-20,RUA UBERABA,990,,ALVORADA,38180-001,GASOLINA,25/01/2023,5.15,,R$ / litro,TOTALENERGIES,2023-11-21
SE,MG,MURIAE,MACEDO & ANDRADE COMBUSTIVEIS LTDA,05.070.160/0001-20,RUA MAESTRO SANSAO,375,,CENTRO,36880-000,ETANOL,23/01/2023,4.13,,R$ / litro,ALESAT,2023-11-21
SE,MG,MURIAE,MACEDO & ANDRADE COMBUSTIVEIS LTDA,05.070.160/0001-20,RUA MAESTRO SANSAO,375,,CENTRO,36880-000,GASOLINA ADITIVADA,23/01/2023,5.18,,R$ / litro,ALESAT,2023-11-21
SE,MG,MURIAE,MACEDO & ANDRADE COMBUSTIVEIS LTDA,05.070.160/0001-20,RUA MAESTRO SANSAO,375,,CENTRO,36880-000,GASOLINA,23/01/2023,5.13,,R$ / litro,ALESAT,2023-11-21
SE,MG,IPATINGA,COMERCIAL DE COMBUSTIVEIS BOM RETIRO LTDA,10.864.329/0001-54,RUA MARTIM AFONSO DE SOUZA,33,,BOM RETIRO,35160-235,ETANOL,23/01/2023,3.94,,R$ / litro,ALESAT,2023-11-21
SE,MG,IPATINGA,COMERCIAL DE COMBUSTIVEIS BOM RETIRO LTDA,10.864.329/0001-54,RUA MARTIM AFONSO DE SOUZA,33,,BOM RETIRO,35160-235,DIESEL S10,23/01/2023,5.99,,R$ / litro,ALESAT,2023-11-21
SE,MG,IPATINGA,COMERCIAL DE COMBUSTIVEIS BOM RETIRO LTDA,10.864.329/0001-54,RUA MARTIM AFONSO DE SOUZA,33,,BOM RETIRO,35160-235,DIESEL,23/01/2023,5.95,,R$ / litro,ALESAT,2023-11-21
SE,MG,IPATINGA,COMERCIAL DE COMBUSTIVEIS BOM RETIRO LTDA,10.864.329/0001-54,RUA MARTIM AFONSO DE SOUZA,33,,BOM RETIRO,35160-235,GASOLINA,23/01/2023,4.89,,R$ / litro,ALESAT,2023-11-21
SE,MG,IPATINGA,COMERCIAL DE COMBUSTIVEIS CARAVELAS LTDA,10.865.072/0001-55,RUA JUNDIAI,95,,CARAVELAS,35164-281,ETANOL,23/01/2023,3.94,,R$ / litro,ALESAT,2023-11-21
SE,MG,IPATINGA,COMERCIAL DE COMBUSTIVEIS CARAVELAS LTDA,10.865.072/0001-55,RUA JUNDIAI,95,,CARAVELAS,35164-281,DIESEL,23/01/2023,5.95,,R$ / litro,ALESAT,2023-11-21
SE,MG,IPATINGA,COMERCIAL DE COMBUSTIVEIS CARAVELAS LTDA,10.865.072/0001-55,RUA JUNDIAI,95,,CARAVELAS,35164-281,GASOLINA,23/01/2023,4.89,,R$ / litro,ALESAT,2023-11-21
SE,MG,JUIZ DE FORA,POSTO UNIVERSO LTDA,10.513.796/0001-30,RUA VITORINO BRAGA,700,,VITORINO BRAGA,36060-000,ETANOL,23/01/2023,4.29,,R$ / litro,VIBRA ENERGIA,2023-11-21
SE,MG,JUIZ DE FORA,POSTO UNIVERSO LTDA,10.513.796/0001-30,RUA VITORINO BRAGA,700,,VITORINO BRAGA,36060-000,DIESEL S10,23/01/2023,6.59,,R$ / litro,VIBRA ENERGIA,2023-11-21
SE,MG,JUIZ DE FORA,POSTO UNIVERSO LTDA,10.513.796/0001-30,RUA VITORINO BRAGA,700,,VITORINO BRAGA,36060-000,DIESEL,23/01/2023,6.55,,R$ / litro,VIBRA ENERGIA,2023-11-21
SE,MG,JUIZ DE FORA,POSTO UNIVERSO LTDA,10.513.796/0001-30,RUA VITORINO BRAGA,700,,VITORINO BRAGA,36060-000,GASOLINA,23/01/2023,5.09,,R$ / litro,VIBRA ENERGIA,2023-11-21
SE,MG,ITUIUTABA,POSTO EXPOPEC EIRELI,11.211.101/0001-28,AVENIDA NIVALDO INACIO MOREIRA,2500,,LAGOA AZUL I,38307-178,ETANOL,24/01/2023,3.69,,R$ / litro,BRANCA,2023-11-21
SE,MG,ITUIUTABA,POSTO EXPOPEC EIRELI,11.211.101/0001-28,AVENIDA NIVALDO INACIO MOREIRA,2500,,LAGOA AZUL I,38307-178,DIESEL S10,24/01/2023,6.14,,R$ / litro,BRANCA,2023-11-21
SE,MG,ITUIUTABA,POSTO EXPOPEC EIRELI,11.211.101/0001-28,AVENIDA NIVALDO INACIO MOREIRA,2500,,LAGOA AZUL I,38307-178,DIESEL,24/01/2023,6.04,,R$ / litro,BRANCA,2023-11-21
SE,MG,ITUIUTABA,POSTO EXPOPEC EIRELI,11.211.101/0001-28,AVENIDA NIVALDO INACIO MOREIRA,2500,,LAGOA AZUL I,38307-178,GASOLINA,24/01/2023,4.89,,R$ / litro,BRANCA,2023-11-21
SE,MG,LAVRAS,PETROLEO ELDORADO LTDA.,11.294.193/0001-57,AVENIDA SILVIO MENICUCCI,555,: AREA 1;,NOVA LAVRAS,37200-000,ETANOL,26/01/2023,4.15,,R$ / litro,IPIRANGA,2023-11-21
SE,MG,LAVRAS,PETROLEO ELDORADO LTDA.,11.294.193/0001-57,AVENIDA SILVIO MENICUCCI,555,: AREA 1;,NOVA LAVRAS,37200-000,GASOLINA,26/01/2023,5.19,,R$ / litro,IPIRANGA,2023-11-21
SE,MG,POUSO ALEGRE,POSTO NOVA MINAS EIRELI,11.335.529/0001-82,AVENIDA PINTO COBRA,100,,VILA MARIANA,37550-000,ETANOL,26/01/2023,3.89,,R$ / litro,RAIZEN,2023-11-21
SE,MG,POUSO ALEGRE,POSTO NOVA MINAS EIRELI,11.335.529/0001-82,AVENIDA PINTO COBRA,100,,VILA MARIANA,37550-000,GASOLINA ADITIVADA,26/01/2023,5.59,,R$ / litro,RAIZEN,2023-11-21
SE,MG,POUSO ALEGRE,POSTO NOVA MINAS EIRELI,11.335.529/0001-82,AVENIDA PINTO COBRA,100,,VILA MARIANA,37550-000,GASOLINA,26/01/2023,5.29,,R$ / litro,RAIZEN,2023-11-21
SE,MG,VARGINHA,ALOISIO BRAGA DA SILVA,11.427.262/0001-53,AVENIDA CELINA FERREIRA OTTONI,2785,,CONJUNTO HABITACIONAL CENTENARIO,37048-580,ETANOL,24/01/2023,3.97,,R$ / litro,IPIRANGA,2023-11-21
SE,MG,VARGINHA,ALOISIO BRAGA DA SILVA,11.427.262/0001-53,AVENIDA CELINA FERREIRA OTTONI,2785,,CONJUNTO HABITACIONAL CENTENARIO,37048-580,DIESEL S10,24/01/2023,6.59,,R$ / litro,IPIRANGA,2023-11-21
SE,MG,VARGINHA,ALOISIO BRAGA DA SILVA,11.427.262/0001-53,AVENIDA CELINA FERREIRA OTTONI,2785,,CONJUNTO HABITACIONAL CENTENARIO,37048-580,GASOLINA ADITIVADA,24/01/2023,5.17,,R$ / litro,IPIRANGA,2023-11-21
SE,MG,VARGINHA,ALOISIO BRAGA DA SILVA,11.427.262/0001-53,AVENIDA CELINA FERREIRA OTTONI,2785,,CONJUNTO HABITACIONAL CENTENARIO,37048-580,GASOLINA,24/01/2023,4.97,,R$ / litro,IPIRANGA,2023-11-21
SE,MG,SAO SEBASTIAO DO PARAISO,ROTA EXPRESS AUTO POSTO LTDA,11.538.082/0001-49,AVENIDA ZEZE AMARAL,335,,JARDIM SAO JOSE,37950-000,ETANOL,24/01/2023,4,,R$ / litro,VIBRA ENERGIA,2023-11-21
SE,MG,SAO SEBASTIAO DO PARAISO,ROTA EXPRESS AUTO POSTO LTDA,11.538.082/0001-49,AVENIDA ZEZE AMARAL,335,,JARDIM SAO JOSE,37950-000,DIESEL S10,24/01/2023,7.89,,R$ / litro,VIBRA ENERGIA,2023-11-21
SE,MG,SAO SEBASTIAO DO PARAISO,ROTA EXPRESS AUTO POSTO LTDA,11.538.082/0001-49,AVENIDA ZEZE AMARAL,335,,JARDIM SAO JOSE,37950-000,DIESEL,24/01/2023,7.69,,R$ / litro,VIBRA ENERGIA,2023-11-21
SE,MG,SAO SEBASTIAO DO PARAISO,ROTA EXPRESS AUTO POSTO LTDA,11.538.082/0001-49,AVENIDA ZEZE AMARAL,335,,JARDIM SAO JOSE,37950-000,GASOLINA ADITIVADA,24/01/2023,5.4,,R$ / litro,VIBRA ENERGIA,2023-11-21
SE,MG,SAO SEBASTIAO DO PARAISO,ROTA EXPRESS AUTO POSTO LTDA,11.538.082/0001-49,AVENIDA ZEZE AMARAL,335,,JARDIM SAO JOSE,37950-000,GASOLINA,24/01/2023,5.4,,R$ / litro,VIBRA ENERGIA,2023-11-21
SE,MG,CARATINGA,POSTO DE COMBUSTIVEIS TEIXEIRA LTDA,11.533.358/0001-04,AVENIDA DARIO DE ANUNCIACAO GROSSI,139,,SALATIEL,35304-210,ETANOL,23/01/2023,3.99,,R$ / litro,ALESAT,2023-11-21
SE,MG,CARATINGA,POSTO DE COMBUSTIVEIS TEIXEIRA LTDA,11.533.358/0001-04,AVENIDA DARIO DE ANUNCIACAO GROSSI,139,,SALATIEL,35304-210,DIESEL S10,23/01/2023,6.39,,R$ / litro,ALESAT,2023-11-21
SE,MG,CARATINGA,POSTO DE COMBUSTIVEIS TEIXEIRA LTDA,11.533.358/0001-04,AVENIDA DARIO DE ANUNCIACAO GROSSI,139,,SALATIEL,35304-210,DIESEL,23/01/2023,6.29,,R$ / litro,ALESAT,2023-11-21
SE,MG,CARATINGA,POSTO DE COMBUSTIVEIS TEIXEIRA LTDA,11.533.358/0001-04,AVENIDA DARIO DE ANUNCIACAO GROSSI,139,,SALATIEL,35304-210,GASOLINA ADITIVADA,23/01/2023,5.39,,R$ / litro,ALESAT,2023-11-21
SE,MG,CARATINGA,POSTO DE COMBUSTIVEIS TEIXEIRA LTDA,11.533.358/0001-04,AVENIDA DARIO DE ANUNCIACAO GROSSI,139,,SALATIEL,35304-210,GASOLINA,23/01/2023,5.19,,R$ / litro,ALESAT,2023-11-21
SE,MG,PARA DE MINAS,AVANT PARA DE MINAS COMBUSTIVEIS LTDA,11.449.228/0001-80,AVENIDA PROFESSOR  MELLO CANÇADO,1020,,VILA SINHO,35660-084,ETANOL,25/01/2023,3.42,,R$ / litro,BRANCA,2023-11-21
SE,MG,PARA DE MINAS,AVANT PARA DE MINAS COMBUSTIVEIS LTDA,11.449.228/0001-80,AVENIDA PROFESSOR  MELLO CANÇADO,1020,,VILA SINHO,35660-084,GASOLINA,25/01/2023,4.79,,R$ / litro,BRANCA,2023-11-21
SE,MG,JOAO PINHEIRO,BRANDAO DERIVADOS DE PETROLEO LTDA,07.375.638/0001-56,RUA OLIMPIO MARTINS DE ARAUJO,2356,,AEROPORTO,38770-000,ETANOL,24/01/2023,3.75,,R$ / litro,ALESAT,2023-11-21
SE,MG,JOAO PINHEIRO,BRANDAO DERIVADOS DE PETROLEO LTDA,07.375.638/0001-56,RUA OLIMPIO MARTINS DE ARAUJO,2356,,AEROPORTO,38770-000,DIESEL S10,24/01/2023,6.02,,R$ / litro,ALESAT,2023-11-21
SE,MG,JOAO PINHEIRO,BRANDAO DERIVADOS DE PETROLEO LTDA,07.375.638/0001-56,RUA OLIMPIO MARTINS DE ARAUJO,2356,,AEROPORTO,38770-000,DIESEL,24/01/2023,5.92,,R$ / litro,ALESAT,2023-11-21
SE,MG,JOAO PINHEIRO,BRANDAO DERIVADOS DE PETROLEO LTDA,07.375.638/0001-56,RUA OLIMPIO MARTINS DE ARAUJO,2356,,AEROPORTO,38770-000,GASOLINA,24/01/2023,5.05,,R$ / litro,ALESAT,2023-11-21
SE,MG,BELO HORIZONTE,GAS BRAS LTDA,04.274.096/0001-37,RODOVIA PAPA JOAO PAULO II,400,,SATELITE,31748-002,ETANOL,23/01/2023,3.79,,R$ / litro,ALESAT,2023-11-21
SE,MG,BELO HORIZONTE,GAS BRAS LTDA,04.274.096/0001-37,RODOVIA PAPA JOAO PAULO II,400,,SATELITE,31748-002,DIESEL S10,23/01/2023,6.19,,R$ / litro,ALESAT,2023-11-21
SE,MG,BELO HORIZONTE,GAS BRAS LTDA,04.274.096/0001-37,RODOVIA PAPA JOAO PAULO II,400,,SATELITE,31748-002,GASOLINA ADITIVADA,23/01/2023,4.99,,R$ / litro,ALESAT,2023-11-21
SE,MG,BELO HORIZONTE,GAS BRAS LTDA,04.274.096/0001-37,RODOVIA PAPA JOAO PAULO II,400,,SATELITE,31748-002,GASOLINA,23/01/2023,4.79,,R$ / litro,ALESAT,2023-11-21
SE,MG,ITAUNA,MARPETRO - COMERCIO E DISTRIBUICAO DE COMBUSTIVEIS LTDA,08.335.793/0001-01,RODOVIA MG-431,KM 40,552 METROS                POSTO DE GASOLINA,VILA TAVARES,35680-143,ETANOL,23/01/2023,3.99,,R$ / litro,ALESAT,2023-11-21
SE,MG,ITAUNA,MARPETRO - COMERCIO E DISTRIBUICAO DE COMBUSTIVEIS LTDA,08.335.793/0001-01,RODOVIA MG-431,KM 40,552 METROS                POSTO DE GASOLINA,VILA TAVARES,35680-143,DIESEL S10,23/01/2023,6.59,,R$ / litro,ALESAT,2023-11-21
SE,MG,ITAUNA,MARPETRO - COMERCIO E DISTRIBUICAO DE COMBUSTIVEIS LTDA,08.335.793/0001-01,RODOVIA MG-431,KM 40,552 METROS                POSTO DE GASOLINA,VILA TAVARES,35680-143,DIESEL,23/01/2023,6.49,,R$ / litro,ALESAT,2023-11-21
SE,MG,ITAUNA,MARPETRO - COMERCIO E DISTRIBUICAO DE COMBUSTIVEIS LTDA,08.335.793/0001-01,RODOVIA MG-431,KM 40,552 METROS                POSTO DE GASOLINA,VILA TAVARES,35680-143,GASOLINA,23/01/2023,4.99,,R$ / litro,ALESAT,2023-11-21
SE,MG,ARAGUARI,POSTO NASCIMENTO LTDA,07.453.243/0002-05,PRAÇA JUVENIL ALVES DE MELO,131,,JARDIM REGINA,38440-140,ETANOL,23/01/2023,3.63,,R$ / litro,BRANCA,2023-11-21
SE,MG,ARAGUARI,POSTO NASCIMENTO LTDA,07.453.243/0002-05,PRAÇA JUVENIL ALVES DE MELO,131,,JARDIM REGINA,38440-140,DIESEL S10,23/01/2023,5.98,,R$ / litro,BRANCA,2023-11-21
SE,MG,ARAGUARI,POSTO NASCIMENTO LTDA,07.453.243/0002-05,PRAÇA JUVENIL ALVES DE MELO,131,,JARDIM REGINA,38440-140,DIESEL,23/01/2023,5.78,,R$ / litro,BRANCA,2023-11-21
SE,MG,ARAGUARI,POSTO NASCIMENTO LTDA,07.453.243/0002-05,PRAÇA JUVENIL ALVES DE MELO,131,,JARDIM REGINA,38440-140,GASOLINA,23/01/2023,4.79,,R$ / litro,BRANCA,2023-11-21
SE,MG,MONTE CARMELO,AUTO POSTO JFA CORDEIRO LTDA,11.438.288/0001-05,RUA CEL. VIRGILIO ROSA,734,LETRA: A;,N S DE FATIMA,38500-000,ETANOL,26/01/2023,3.48,,R$ / litro,BRANCA,2023-11-21
SE,MG,MONTE CARMELO,AUTO POSTO JFA CORDEIRO LTDA,11.438.288/0001-05,RUA CEL. VIRGILIO ROSA,734,LETRA: A;,N S DE FATIMA,38500-000,GASOLINA,26/01/2023,4.65,,R$ / litro,BRANCA,2023-11-21
SE,MG,UBERLANDIA,ALTO UMUARAMA COMBUSTIVEIS LTDA,04.748.235/0001-17,AVENIDA DOM PEDRO II,1670,,CUSTODIO PEREIRA,38405-280,ETANOL,24/01/2023,3.57,,R$ / litro,BRANCA,2023-11-21
SE,MG,UBERLANDIA,ALTO UMUARAMA COMBUSTIVEIS LTDA,04.748.235/0001-17,AVENIDA DOM PEDRO II,1670,,CUSTODIO PEREIRA,38405-280,DIESEL S10,24/01/2023,6.02,,R$ / litro,BRANCA,2023-11-21
SE,MG,UBERLANDIA,ALTO UMUARAMA COMBUSTIVEIS LTDA,04.748.235/0001-17,AVENIDA DOM PEDRO II,1670,,CUSTODIO PEREIRA,38405-280,DIESEL,24/01/2023,5.98,,R$ / litro,BRANCA,2023-11-21
SE,MG,UBERLANDIA,ALTO UMUARAMA COMBUSTIVEIS LTDA,04.748.235/0001-17,AVENIDA DOM PEDRO II,1670,,CUSTODIO PEREIRA,38405-280,GASOLINA ADITIVADA,24/01/2023,4.67,,R$ / litro,BRANCA,2023-11-21
SE,MG,MANHUACU,POSTO DE COMBUSTIVEIS MARTINS LTDA,11.171.201/0001-78,RODOVIA BR 262,S/N,"KM: 37,1;",BOM JARDIM,36900-000,ETANOL,23/01/2023,3.99,,R$ / litro,BRANCA,2023-11-21
SE,MG,MANHUACU,POSTO DE COMBUSTIVEIS MARTINS LTDA,11.171.201/0001-78,RODOVIA BR 262,S/N,"KM: 37,1;",BOM JARDIM,36900-000,DIESEL S10,23/01/2023,6.19,,R$ / litro,BRANCA,2023-11-21
SE,MG,MANHUACU,POSTO DE COMBUSTIVEIS MARTINS LTDA,11.171.201/0001-78,RODOVIA BR 262,S/N,"KM: 37,1;",BOM JARDIM,36900-000,DIESEL,23/01/2023,6.09,,R$ / litro,BRANCA,2023-11-21
SE,MG,MANHUACU,POSTO DE COMBUSTIVEIS MARTINS LTDA,11.171.201/0001-78,RODOVIA BR 262,S/N,"KM: 37,1;",BOM JARDIM,36900-000,GASOLINA ADITIVADA,23/01/2023,5.04,,R$ / litro,BRANCA,2023-11-21
SE,MG,MANHUACU,POSTO DE COMBUSTIVEIS MARTINS LTDA,11.171.201/0001-78,RODOVIA BR 262,S/N,"KM: 37,1;",BOM JARDIM,36900-000,GASOLINA,23/01/2023,4.99,,R$ / litro,BRANCA,2023-11-21
SE,MG,POCOS DE CALDAS,AUTO POSTO PAMPA LTDA.,11.836.930/0001-04,AVENIDA JOSE REMIGIO PREZIA,609,,JARDIM DOS ESTADOS,37701-102,ETANOL,24/01/2023,3.69,,R$ / litro,BRANCA,2023-11-21
SE,MG,POCOS DE CALDAS,AUTO POSTO PAMPA LTDA.,11.836.930/0001-04,AVENIDA JOSE REMIGIO PREZIA,609,,JARDIM DOS ESTADOS,37701-102,DIESEL S10,24/01/2023,6.99,,R$ / litro,BRANCA,2023-11-21
SE,MG,POCOS DE CALDAS,AUTO POSTO PAMPA LTDA.,11.836.930/0001-04,AVENIDA JOSE REMIGIO PREZIA,609,,JARDIM DOS ESTADOS,37701-102,GASOLINA ADITIVADA,24/01/2023,5.09,,R$ / litro,BRANCA,2023-11-21
SE,MG,POCOS DE CALDAS,AUTO POSTO PAMPA LTDA.,11.836.930/0001-04,AVENIDA JOSE REMIGIO PREZIA,609,,JARDIM DOS ESTADOS,37701-102,GASOLINA,24/01/2023,4.99,,R$ / litro,BRANCA,2023-11-21
SE,MG,SAO SEBASTIAO DO PARAISO,FCQ AUTO POSTO LTDA,12.387.244/0001-58,AVENIDA OLIVEIRA RESENDE,691,LETRA: A;,JARDIM VITORIA I,37950-000,DIESEL S10,24/01/2023,6.39,,R$ / litro,VIBRA ENERGIA,2023-11-21
SE,MG,SAO SEBASTIAO DO PARAISO,FCQ AUTO POSTO LTDA,12.387.244/0001-58,AVENIDA OLIVEIRA RESENDE,691,LETRA: A;,JARDIM VITORIA I,37950-000,DIESEL,24/01/2023,6.29,,R$ / litro,VIBRA ENERGIA,2023-11-21
SE,MG,SAO SEBASTIAO DO PARAISO,FCQ AUTO POSTO LTDA,12.387.244/0001-58,AVENIDA OLIVEIRA RESENDE,691,LETRA: A;,JARDIM VITORIA I,37950-000,GASOLINA,24/01/2023,5.29,,R$ / litro,VIBRA ENERGIA,2023-11-21
SE,MG,SAO SEBASTIAO DO PARAISO,FCQ AUTO POSTO LTDA,12.387.244/0001-58,AVENIDA OLIVEIRA RESENDE,691,LETRA: A;,JARDIM VITORIA I,37950-000,ETANOL,24/01/2023,3.99,,R$ / litro,VIBRA ENERGIA,2023-11-21
SE,MG,BELO HORIZONTE,POSTO CENTER NORTE LTDA,10.684.461/0001-84,AVENIDA VILARINHO,5360,,VENDA NOVA,31615-250,ETANOL,23/01/2023,3.74,,R$ / litro,VIBRA ENERGIA,2023-11-21
SE,MG,BELO HORIZONTE,POSTO CENTER NORTE LTDA,10.684.461/0001-84,AVENIDA VILARINHO,5360,,VENDA NOVA,31615-250,DIESEL S10,23/01/2023,6.09,,R$ / litro,VIBRA ENERGIA,2023-11-21
SE,MG,BELO HORIZONTE,POSTO CENTER NORTE LTDA,10.684.461/0001-84,AVENIDA VILARINHO,5360,,VENDA NOVA,31615-250,GASOLINA,23/01/2023,4.74,,R$ / litro,VIBRA ENERGIA,2023-11-21
SE,MG,CONTAGEM,POSTO FAISCA LTDA.,12.554.836/0001-17,AVENIDA JOAO SOARES,564,,XANGRI-LA,32186-000,ETANOL,24/01/2023,3.59,,R$ / litro,BRANCA,2023-11-21
SE,MG,CONTAGEM,POSTO FAISCA LTDA.,12.554.836/0001-17,AVENIDA JOAO SOARES,564,,XANGRI-LA,32186-000,GASOLINA,24/01/2023,4.59,,R$ / litro,BRANCA,2023-11-21
SE,MG,BELO HORIZONTE,POSTO MONTE SANTO LTDA,08.223.834/0001-78,AVENIDA DOM PEDRO II,3038,,CAICARA,30720-460,ETANOL,24/01/2023,3.75,,R$ / litro,VIBRA ENERGIA,2023-11-21
SE,MG,BELO HORIZONTE,POSTO MONTE SANTO LTDA,08.223.834/0001-78,AVENIDA DOM PEDRO II,3038,,CAICARA,30720-460,GASOLINA ADITIVADA,24/01/2023,4.95,,R$ / litro,VIBRA ENERGIA,2023-11-21
SE,MG,BELO HORIZONTE,POSTO MONTE SANTO LTDA,08.223.834/0001-78,AVENIDA DOM PEDRO II,3038,,CAICARA,30720-460,GASOLINA,24/01/2023,4.75,,R$ / litro,VIBRA ENERGIA,2023-11-21
SE,MG,JUIZ DE FORA,AUTO POSTO CHALE LTDA.,12.941.507/0001-29,AVENIDA BARAO DO RIO BRANCO,3950,,PASSOS,36021-630,ETANOL,25/01/2023,4.12,,R$ / litro,RAIZEN,2023-11-21
SE,MG,JUIZ DE FORA,AUTO POSTO CHALE LTDA.,12.941.507/0001-29,AVENIDA BARAO DO RIO BRANCO,3950,,PASSOS,36021-630,DIESEL S10,25/01/2023,6.39,,R$ / litro,RAIZEN,2023-11-21
SE,MG,JUIZ DE FORA,AUTO POSTO CHALE LTDA.,12.941.507/0001-29,AVENIDA BARAO DO RIO BRANCO,3950,,PASSOS,36021-630,GASOLINA ADITIVADA,25/01/2023,5.39,,R$ / litro,RAIZEN,2023-11-21
SE,MG,JUIZ DE FORA,AUTO POSTO CHALE LTDA.,12.941.507/0001-29,AVENIDA BARAO DO RIO BRANCO,3950,,PASSOS,36021-630,GASOLINA,25/01/2023,5.19,,R$ / litro,RAIZEN,2023-11-21
SE,MG,ITUIUTABA,POSTO 5.5. LIMITADA,02.211.749/0006-18,AVENIDA DEPUTADO DANIEL DE FREITAS BARROS,2996,,IPIRANGA,38302-132,ETANOL,24/01/2023,3.79,,R$ / litro,VIBRA ENERGIA,2023-11-21
SE,MG,ITUIUTABA,POSTO 5.5. LIMITADA,02.211.749/0006-18,AVENIDA DEPUTADO DANIEL DE FREITAS BARROS,2996,,IPIRANGA,38302-132,DIESEL S10,24/01/2023,5.99,,R$ / litro,VIBRA ENERGIA,2023-11-21
SE,MG,ITUIUTABA,POSTO 5.5. LIMITADA,02.211.749/0006-18,AVENIDA DEPUTADO DANIEL DE FREITAS BARROS,2996,,IPIRANGA,38302-132,DIESEL,24/01/2023,5.79,,R$ / litro,VIBRA ENERGIA,2023-11-21
SE,MG,ITUIUTABA,POSTO 5.5. LIMITADA,02.211.749/0006-18,AVENIDA DEPUTADO DANIEL DE FREITAS BARROS,2996,,IPIRANGA,38302-132,GASOLINA,24/01/2023,4.89,,R$ / litro,VIBRA ENERGIA,2023-11-21
SE,MG,CORONEL FABRICIANO,AUTO POSTO ANDRADE LTDA,13.029.955/0001-13,AVENIDA PRESIDENTE TANCREDO DE ALMEIDA NEVES,3513,,CALADINHO,35171-302,ETANOL,24/01/2023,3.85,,R$ / litro,BRANCA,2023-11-21
SE,MG,CORONEL FABRICIANO,AUTO POSTO ANDRADE LTDA,13.029.955/0001-13,AVENIDA PRESIDENTE TANCREDO DE ALMEIDA NEVES,3513,,CALADINHO,35171-302,DIESEL S10,24/01/2023,5.99,,R$ / litro,BRANCA,2023-11-21
SE,MG,CORONEL FABRICIANO,AUTO POSTO ANDRADE LTDA,13.029.955/0001-13,AVENIDA PRESIDENTE TANCREDO DE ALMEIDA NEVES,3513,,CALADINHO,35171-302,GASOLINA ADITIVADA,24/01/2023,4.9,,R$ / litro,BRANCA,2023-11-21
SE,MG,CORONEL FABRICIANO,AUTO POSTO ANDRADE LTDA,13.029.955/0001-13,AVENIDA PRESIDENTE TANCREDO DE ALMEIDA NEVES,3513,,CALADINHO,35171-302,GASOLINA,24/01/2023,4.85,,R$ / litro,BRANCA,2023-11-21
SE,MG,JUIZ DE FORA,GRAMA COMERCIO DE COMBUSTIVEIS EIRELI,13.369.817/0001-83,AVENIDA JUIZ DE FORA,3700,,GRAMA,36048-001,ETANOL,24/01/2023,4.12,,R$ / litro,VIBRA ENERGIA,2023-11-21
SE,MG,JUIZ DE FORA,GRAMA COMERCIO DE COMBUSTIVEIS EIRELI,13.369.817/0001-83,AVENIDA JUIZ DE FORA,3700,,GRAMA,36048-001,DIESEL S10,24/01/2023,6.09,,R$ / litro,VIBRA ENERGIA,2023-11-21
SE,MG,JUIZ DE FORA,GRAMA COMERCIO DE COMBUSTIVEIS EIRELI,13.369.817/0001-83,AVENIDA JUIZ DE FORA,3700,,GRAMA,36048-001,DIESEL,24/01/2023,5.99,,R$ / litro,VIBRA ENERGIA,2023-11-21
SE,MG,JUIZ DE FORA,GRAMA COMERCIO DE COMBUSTIVEIS EIRELI,13.369.817/0001-83,AVENIDA JUIZ DE FORA,3700,,GRAMA,36048-001,GASOLINA ADITIVADA,24/01/2023,5.39,,R$ / litro,VIBRA ENERGIA,2023-11-21
SE,MG,JUIZ DE FORA,GRAMA COMERCIO DE COMBUSTIVEIS EIRELI,13.369.817/0001-83,AVENIDA JUIZ DE FORA,3700,,GRAMA,36048-001,GASOLINA,24/01/2023,5.19,,R$ / litro,VIBRA ENERGIA,2023-11-21
SE,MG,PARACATU,BRAZ-PETRO COMERCIO DE COMBUSTIVEIS E DERIVADOS DE PETROLEO LTDA,13.210.937/0001-33,RUA JOSE RABELO DE SOUZA,537,,ALTO DO CORREGO,38600-001,ETANOL,24/01/2023,3.62,,R$ / litro,BRANCA,2023-11-21
SE,MG,PARACATU,BRAZ-PETRO COMERCIO DE COMBUSTIVEIS E DERIVADOS DE PETROLEO LTDA,13.210.937/0001-33,RUA JOSE RABELO DE SOUZA,537,,ALTO DO CORREGO,38600-001,DIESEL S10,24/01/2023,6.49,,R$ / litro,BRANCA,2023-11-21
SE,MG,PARACATU,BRAZ-PETRO COMERCIO DE COMBUSTIVEIS E DERIVADOS DE PETROLEO LTDA,13.210.937/0001-33,RUA JOSE RABELO DE SOUZA,537,,ALTO DO CORREGO,38600-001,DIESEL,24/01/2023,6.39,,R$ / litro,BRANCA,2023-11-21
SE,MG,PARACATU,BRAZ-PETRO COMERCIO DE COMBUSTIVEIS E DERIVADOS DE PETROLEO LTDA,13.210.937/0001-33,RUA JOSE RABELO DE SOUZA,537,,ALTO DO CORREGO,38600-001,GASOLINA ADITIVADA,24/01/2023,4.82,,R$ / litro,BRANCA,2023-11-21
SE,MG,PARACATU,BRAZ-PETRO COMERCIO DE COMBUSTIVEIS E DERIVADOS DE PETROLEO LTDA,13.210.937/0001-33,RUA JOSE RABELO DE SOUZA,537,,ALTO DO CORREGO,38600-001,GASOLINA,24/01/2023,4.82,,R$ / litro,BRANCA,2023-11-21
SE,MG,DIVINOPOLIS,SG COMERCIO DE COMBUSTIVEIS LTDA,13.594.690/0001-04,RUA ITAPECERICA,45,,CENTRO,35500-018,DIESEL S10,24/01/2023,6.39,,R$ / litro,VIBRA ENERGIA,2023-11-21
SE,MG,DIVINOPOLIS,SG COMERCIO DE COMBUSTIVEIS LTDA,13.594.690/0001-04,RUA ITAPECERICA,45,,CENTRO,35500-018,GASOLINA ADITIVADA,24/01/2023,5.19,,R$ / litro,VIBRA ENERGIA,2023-11-21
SE,MG,GOVERNADOR VALADARES,AUTO POSTO ANDRAMAGA LTDA,13.693.566/0001-98,AVENIDA JK,2961,,VILA RICA,35045-250,ETANOL,24/01/2023,3.87,,R$ / litro,BRANCA,2023-11-21
SE,MG,GOVERNADOR VALADARES,AUTO POSTO ANDRAMAGA LTDA,13.693.566/0001-98,AVENIDA JK,2961,,VILA RICA,35045-250,DIESEL S10,24/01/2023,6.18,,R$ / litro,BRANCA,2023-11-21
SE,MG,GOVERNADOR VALADARES,AUTO POSTO ANDRAMAGA LTDA,13.693.566/0001-98,AVENIDA JK,2961,,VILA RICA,35045-250,GASOLINA ADITIVADA,24/01/2023,5.22,,R$ / litro,BRANCA,2023-11-21
SE,MG,GOVERNADOR VALADARES,AUTO POSTO ANDRAMAGA LTDA,13.693.566/0001-98,AVENIDA JK,2961,,VILA RICA,35045-250,GASOLINA,24/01/2023,4.92,,R$ / litro,BRANCA,2023-11-21
SE,MG,LAVRAS,GENTIL COMERCIO DE COMBUSTIVEIS LAVRAS LTDA,13.570.786/0001-24,RUA DOUTOR EVARISTO VILELA DE CARVALHO,5,,CONJ HABITACIONAL AGUA LIMPA,37200-000,ETANOL,26/01/2023,3.79,,R$ / litro,BRANCA,2023-11-21
SE,MG,LAVRAS,GENTIL COMERCIO DE COMBUSTIVEIS LAVRAS LTDA,13.570.786/0001-24,RUA DOUTOR EVARISTO VILELA DE CARVALHO,5,,CONJ HABITACIONAL AGUA LIMPA,37200-000,DIESEL S10,26/01/2023,5.95,,R$ / litro,BRANCA,2023-11-21
SE,MG,LAVRAS,GENTIL COMERCIO DE COMBUSTIVEIS LAVRAS LTDA,13.570.786/0001-24,RUA DOUTOR EVARISTO VILELA DE CARVALHO,5,,CONJ HABITACIONAL AGUA LIMPA,37200-000,GASOLINA,26/01/2023,4.95,,R$ / litro,BRANCA,2023-11-21
SE,MG,PARACATU,CM COMERCIO DE COMBUSTIVEIS PARACATU LTDA,13.665.698/0001-06,RUA LADEIRA DOS FARIAS,303,,CENTRO,38600-001,ETANOL,24/01/2023,3.59,,R$ / litro,BRANCA,2023-11-21
SE,MG,PARACATU,CM COMERCIO DE COMBUSTIVEIS PARACATU LTDA,13.665.698/0001-06,RUA LADEIRA DOS FARIAS,303,,CENTRO,38600-001,GASOLINA,24/01/2023,4.79,,R$ / litro,BRANCA,2023-11-21
SE,MG,FRUTAL,AUTO POSTO V8 LTDA,13.802.890/0001-05,AVENIDA MARECHAL DEODORO,305,,PRINCESA ISABEL,38200-000,ETANOL,25/01/2023,3.85,,R$ / litro,BRANCA,2023-11-21
SE,MG,FRUTAL,AUTO POSTO V8 LTDA,13.802.890/0001-05,AVENIDA MARECHAL DEODORO,305,,PRINCESA ISABEL,38200-000,GASOLINA,25/01/2023,4.99,,R$ / litro,BRANCA,2023-11-21
SE,MG,POCOS DE CALDAS,AUTO POSTO JLP LTDA,13.438.991/0001-30,AVENIDA JOSE REMIGIO PREZIA,13,,JARDIM DOS ESTADOS,37701-102,ETANOL,24/01/2023,3.54,,R$ / litro,BRANCA,2023-11-21
SE,MG,POCOS DE CALDAS,AUTO POSTO JLP LTDA,13.438.991/0001-30,AVENIDA JOSE REMIGIO PREZIA,13,,JARDIM DOS ESTADOS,37701-102,DIESEL S10,24/01/2023,5.99,,R$ / litro,BRANCA,2023-11-21
SE,MG,POCOS DE CALDAS,AUTO POSTO JLP LTDA,13.438.991/0001-30,AVENIDA JOSE REMIGIO PREZIA,13,,JARDIM DOS ESTADOS,37701-102,GASOLINA,24/01/2023,4.67,,R$ / litro,BRANCA,2023-11-21
SE,MG,PASSOS,AUTO POSTO EXPEDICIONARIOS LTDA,14.532.993/0001-57,AVENIDA JK,407,,JARDIM COLEGIO DE PASSOS,37901-000,ETANOL,26/01/2023,3.69,,R$ / litro,BRANCA,2023-11-21
SE,MG,PASSOS,AUTO POSTO EXPEDICIONARIOS LTDA,14.532.993/0001-57,AVENIDA JK,407,,JARDIM COLEGIO DE PASSOS,37901-000,DIESEL S10,26/01/2023,5.99,,R$ / litro,BRANCA,2023-11-21
SE,MG,PASSOS,AUTO POSTO EXPEDICIONARIOS LTDA,14.532.993/0001-57,AVENIDA JK,407,,JARDIM COLEGIO DE PASSOS,37901-000,DIESEL,26/01/2023,5.89,,R$ / litro,BRANCA,2023-11-21
SE,MG,PASSOS,AUTO POSTO EXPEDICIONARIOS LTDA,14.532.993/0001-57,AVENIDA JK,407,,JARDIM COLEGIO DE PASSOS,37901-000,GASOLINA ADITIVADA,26/01/2023,5.09,,R$ / litro,BRANCA,2023-11-21
SE,MG,PASSOS,AUTO POSTO EXPEDICIONARIOS LTDA,14.532.993/0001-57,AVENIDA JK,407,,JARDIM COLEGIO DE PASSOS,37901-000,GASOLINA,26/01/2023,4.99,,R$ / litro,BRANCA,2023-11-21
SE,MG,PASSOS,BARAO AUTO POSTO LTDA,14.533.037/0001-90,RUA MATO GROSSO,1428,,JARDIM COLEGIO DE PASSOS,37900-228,ETANOL,26/01/2023,3.69,,R$ / litro,BRANCA,2023-11-21
SE,MG,PASSOS,BARAO AUTO POSTO LTDA,14.533.037/0001-90,RUA MATO GROSSO,1428,,JARDIM COLEGIO DE PASSOS,37900-228,DIESEL S10,26/01/2023,5.99,,R$ / litro,BRANCA,2023-11-21
SE,MG,PASSOS,BARAO AUTO POSTO LTDA,14.533.037/0001-90,RUA MATO GROSSO,1428,,JARDIM COLEGIO DE PASSOS,37900-228,DIESEL,26/01/2023,5.89,,R$ / litro,BRANCA,2023-11-21
SE,MG,PASSOS,BARAO AUTO POSTO LTDA,14.533.037/0001-90,RUA MATO GROSSO,1428,,JARDIM COLEGIO DE PASSOS,37900-228,GASOLINA ADITIVADA,26/01/2023,5.09,,R$ / litro,BRANCA,2023-11-21
SE,MG,PASSOS,BARAO AUTO POSTO LTDA,14.533.037/0001-90,RUA MATO GROSSO,1428,,JARDIM COLEGIO DE PASSOS,37900-228,GASOLINA,26/01/2023,4.99,,R$ / litro,BRANCA,2023-11-21
SE,MG,BELO HORIZONTE,POSTO OLIMAR COMERCIO DE COMBUSTIVEIS LTDA,14.135.978/0001-75,AVENIDA TEREZA CRISTINA,2350,,PADRE EUSTAQUIO,30720-230,ETANOL,24/01/2023,3.65,,R$ / litro,IPIRANGA,2023-11-21
SE,MG,BELO HORIZONTE,POSTO OLIMAR COMERCIO DE COMBUSTIVEIS LTDA,14.135.978/0001-75,AVENIDA TEREZA CRISTINA,2350,,PADRE EUSTAQUIO,30720-230,GASOLINA ADITIVADA,24/01/2023,4.89,,R$ / litro,IPIRANGA,2023-11-21
SE,MG,BELO HORIZONTE,POSTO OLIMAR COMERCIO DE COMBUSTIVEIS LTDA,14.135.978/0001-75,AVENIDA TEREZA CRISTINA,2350,,PADRE EUSTAQUIO,30720-230,GASOLINA,24/01/2023,4.69,,R$ / litro,IPIRANGA,2023-11-21
SE,MG,LAVRAS,AUTO POSTO MARCAL LTDA,07.702.845/0002-59,RUA PEDRO GOMIDE DO NASCIMENTO,48,,JARDIM FABIANA,37200-000,ETANOL,26/01/2023,3.99,,R$ / litro,ALESAT,2023-11-21
SE,MG,LAVRAS,AUTO POSTO MARCAL LTDA,07.702.845/0002-59,RUA PEDRO GOMIDE DO NASCIMENTO,48,,JARDIM FABIANA,37200-000,DIESEL S10,26/01/2023,6.09,,R$ / litro,ALESAT,2023-11-21
SE,MG,LAVRAS,AUTO POSTO MARCAL LTDA,07.702.845/0002-59,RUA PEDRO GOMIDE DO NASCIMENTO,48,,JARDIM FABIANA,37200-000,GASOLINA ADITIVADA,26/01/2023,5.19,,R$ / litro,ALESAT,2023-11-21
SE,MG,LAVRAS,AUTO POSTO MARCAL LTDA,07.702.845/0002-59,RUA PEDRO GOMIDE DO NASCIMENTO,48,,JARDIM FABIANA,37200-000,GASOLINA,26/01/2023,5.09,,R$ / litro,ALESAT,2023-11-21
SE,MG,SAO SEBASTIAO DO PARAISO,AUTO POSTO ZAMBIASI LTDA,08.346.578/0001-06,RODOVIA MG 050,455,: POSTO;,SUBURBIO,37950-000,ETANOL,24/01/2023,4.19,,R$ / litro,VIBRA ENERGIA,2023-11-21
SE,MG,SAO SEBASTIAO DO PARAISO,AUTO POSTO ZAMBIASI LTDA,08.346.578/0001-06,RODOVIA MG 050,455,: POSTO;,SUBURBIO,37950-000,DIESEL S10,24/01/2023,6.18,,R$ / litro,VIBRA ENERGIA,2023-11-21
SE,MG,SAO SEBASTIAO DO PARAISO,AUTO POSTO ZAMBIASI LTDA,08.346.578/0001-06,RODOVIA MG 050,455,: POSTO;,SUBURBIO,37950-000,DIESEL,24/01/2023,6.08,,R$ / litro,VIBRA ENERGIA,2023-11-21
SE,MG,SAO SEBASTIAO DO PARAISO,AUTO POSTO ZAMBIASI LTDA,08.346.578/0001-06,RODOVIA MG 050,455,: POSTO;,SUBURBIO,37950-000,GASOLINA,24/01/2023,5.29,,R$ / litro,VIBRA ENERGIA,2023-11-21
SE,MG,CORONEL FABRICIANO,POSTO AUTO GIRO 1 LTDA,13.993.125/0001-01,AVENIDA PRESIDENTE TANCREDO DE ALMEIDA NEVES,128,,TODOS OS SANTOS,35170-054,ETANOL,24/01/2023,3.79,,R$ / litro,BRANCA,2023-11-21
SE,MG,CORONEL FABRICIANO,POSTO AUTO GIRO 1 LTDA,13.993.125/0001-01,AVENIDA PRESIDENTE TANCREDO DE ALMEIDA NEVES,128,,TODOS OS SANTOS,35170-054,DIESEL,24/01/2023,5.79,,R$ / litro,BRANCA,2023-11-21
SE,MG,CORONEL FABRICIANO,POSTO AUTO GIRO 1 LTDA,13.993.125/0001-01,AVENIDA PRESIDENTE TANCREDO DE ALMEIDA NEVES,128,,TODOS OS SANTOS,35170-054,GASOLINA ADITIVADA,24/01/2023,4.84,,R$ / litro,BRANCA,2023-11-21
SE,MG,CORONEL FABRICIANO,POSTO AUTO GIRO 1 LTDA,13.993.125/0001-01,AVENIDA PRESIDENTE TANCREDO DE ALMEIDA NEVES,128,,TODOS OS SANTOS,35170-054,GASOLINA,24/01/2023,4.79,,R$ / litro,BRANCA,2023-11-21
SE,MG,ARAXA,PETRO BULL COMBUSTIVEIS LTDA,15.746.091/0001-86,AVENIDA   AMAZONAS,308,,SAO GERALDO,38180-084,ETANOL,25/01/2023,3.97,,R$ / litro,BRANCA,2023-11-21
SE,MG,ARAXA,PETRO BULL COMBUSTIVEIS LTDA,15.746.091/0001-86,AVENIDA   AMAZONAS,308,,SAO GERALDO,38180-084,DIESEL S10,25/01/2023,6.29,,R$ / litro,BRANCA,2023-11-21
SE,MG,ARAXA,PETRO BULL COMBUSTIVEIS LTDA,15.746.091/0001-86,AVENIDA   AMAZONAS,308,,SAO GERALDO,38180-084,GASOLINA ADITIVADA,25/01/2023,5.39,,R$ / litro,BRANCA,2023-11-21
SE,MG,ARAXA,PETRO BULL COMBUSTIVEIS LTDA,15.746.091/0001-86,AVENIDA   AMAZONAS,308,,SAO GERALDO,38180-084,GASOLINA,25/01/2023,5.39,,R$ / litro,BRANCA,2023-11-21
SE,MG,TIMOTEO,COMERCIAL DE COMBUSTIVEIS FUNCIONARIOS LTDA,15.300.290/0001-66,AVENIDA ALBERTO BATISTA GALLO,2,: F;,FUNCIONARIOS,35180-406,ETANOL,26/01/2023,3.94,,R$ / litro,ALESAT,2023-11-21
SE,MG,TIMOTEO,COMERCIAL DE COMBUSTIVEIS FUNCIONARIOS LTDA,15.300.290/0001-66,AVENIDA ALBERTO BATISTA GALLO,2,: F;,FUNCIONARIOS,35180-406,DIESEL S10,26/01/2023,5.99,,R$ / litro,ALESAT,2023-11-21
SE,MG,TIMOTEO,COMERCIAL DE COMBUSTIVEIS FUNCIONARIOS LTDA,15.300.290/0001-66,AVENIDA ALBERTO BATISTA GALLO,2,: F;,FUNCIONARIOS,35180-406,DIESEL,26/01/2023,5.95,,R$ / litro,ALESAT,2023-11-21
SE,MG,TIMOTEO,COMERCIAL DE COMBUSTIVEIS FUNCIONARIOS LTDA,15.300.290/0001-66,AVENIDA ALBERTO BATISTA GALLO,2,: F;,FUNCIONARIOS,35180-406,GASOLINA,26/01/2023,5.1,,R$ / litro,ALESAT,2023-11-21
SE,MG,BELO HORIZONTE,DGET COMBUSTIVEIS EIRELI,10.651.236/0001-41,RUA DOS ASTECAS,2930,,SANTA MONICA,31530-300,ETANOL,23/01/2023,3.65,,R$ / litro,BRANCA,2023-11-21
SE,MG,BELO HORIZONTE,DGET COMBUSTIVEIS EIRELI,10.651.236/0001-41,RUA DOS ASTECAS,2930,,SANTA MONICA,31530-300,DIESEL S10,23/01/2023,6.05,,R$ / litro,BRANCA,2023-11-21
SE,MG,BELO HORIZONTE,DGET COMBUSTIVEIS EIRELI,10.651.236/0001-41,RUA DOS ASTECAS,2930,,SANTA MONICA,31530-300,GASOLINA,23/01/2023,4.75,,R$ / litro,BRANCA,2023-11-21
SE,MG,JUIZ DE FORA,AUTO POSTO PIRIQUITO LTDA,16.529.734/0001-00,RUA OSORIO DE ALMEIDA,875,,POCO RICO,36020-020,ETANOL,24/01/2023,3.98,,R$ / litro,VIBRA ENERGIA,2023-11-21
SE,MG,JUIZ DE FORA,AUTO POSTO PIRIQUITO LTDA,16.529.734/0001-00,RUA OSORIO DE ALMEIDA,875,,POCO RICO,36020-020,GASOLINA,24/01/2023,4.94,,R$ / litro,VIBRA ENERGIA,2023-11-21
SE,MG,FORMIGA,AUTO POSTO AREIAS BRANCAS LTDA - ME,15.732.512/0001-10,R: RAMIRO CORREA,349,,AREIAS BRANCAS,35570-000,ETANOL,24/01/2023,3.98,,R$ / litro,IPIRANGA,2023-11-21
SE,MG,FORMIGA,AUTO POSTO AREIAS BRANCAS LTDA - ME,15.732.512/0001-10,R: RAMIRO CORREA,349,,AREIAS BRANCAS,35570-000,DIESEL S10,24/01/2023,6.28,,R$ / litro,IPIRANGA,2023-11-21
SE,MG,FORMIGA,AUTO POSTO AREIAS BRANCAS LTDA - ME,15.732.512/0001-10,R: RAMIRO CORREA,349,,AREIAS BRANCAS,35570-000,DIESEL,24/01/2023,6.18,,R$ / litro,IPIRANGA,2023-11-21
SE,MG,FORMIGA,AUTO POSTO AREIAS BRANCAS LTDA - ME,15.732.512/0001-10,R: RAMIRO CORREA,349,,AREIAS BRANCAS,35570-000,GASOLINA ADITIVADA,24/01/2023,5.28,,R$ / litro,IPIRANGA,2023-11-21
SE,MG,FORMIGA,AUTO POSTO AREIAS BRANCAS LTDA - ME,15.732.512/0001-10,R: RAMIRO CORREA,349,,AREIAS BRANCAS,35570-000,GASOLINA,24/01/2023,5.08,,R$ / litro,IPIRANGA,2023-11-21
SE,MG,DIVINOPOLIS,AUTO POSTO CENTER EIRELI - EPP,17.182.997/0001-40,AVENIDA GETULIO VARGAS,535,,CENTRO,35500-024,ETANOL,24/01/2023,3.69,,R$ / litro,BRANCA,2023-11-21
SE,MG,DIVINOPOLIS,AUTO POSTO CENTER EIRELI - EPP,17.182.997/0001-40,AVENIDA GETULIO VARGAS,535,,CENTRO,35500-024,GASOLINA,24/01/2023,4.69,,R$ / litro,BRANCA,2023-11-21
SE,MG,SAO SEBASTIAO DO PARAISO,PARAISO COMERCIO DE COMBUSTIVEIS LTDA,17.081.296/0001-15,AVENIDA ZEZE AMARAL,275,,JARDIM SAO JOSE,37950-000,ETANOL,24/01/2023,3.9,,R$ / litro,BRANCA,2023-11-21
SE,MG,SAO SEBASTIAO DO PARAISO,PARAISO COMERCIO DE COMBUSTIVEIS LTDA,17.081.296/0001-15,AVENIDA ZEZE AMARAL,275,,JARDIM SAO JOSE,37950-000,DIESEL,24/01/2023,5.99,,R$ / litro,BRANCA,2023-11-21
SE,MG,SAO SEBASTIAO DO PARAISO,PARAISO COMERCIO DE COMBUSTIVEIS LTDA,17.081.296/0001-15,AVENIDA ZEZE AMARAL,275,,JARDIM SAO JOSE,37950-000,GASOLINA ADITIVADA,24/01/2023,5.2,,R$ / litro,BRANCA,2023-11-21
SE,MG,SAO SEBASTIAO DO PARAISO,PARAISO COMERCIO DE COMBUSTIVEIS LTDA,17.081.296/0001-15,AVENIDA ZEZE AMARAL,275,,JARDIM SAO JOSE,37950-000,GASOLINA,24/01/2023,5.2,,R$ / litro,BRANCA,2023-11-21
SE,MG,CARATINGA,REDE HG COMBUSTIVEIS LTDA.,13.569.064/0016-36,AVENIDA JOAO CAETANO NASCIMENTO,1200,,LIMOEIRO,35300-104,ETANOL,23/01/2023,3.99,,R$ / litro,IPIRANGA,2023-11-21
SE,MG,CARATINGA,REDE HG COMBUSTIVEIS LTDA.,13.569.064/0016-36,AVENIDA JOAO CAETANO NASCIMENTO,1200,,LIMOEIRO,35300-104,DIESEL S10,23/01/2023,6.29,,R$ / litro,IPIRANGA,2023-11-21
SE,MG,CARATINGA,REDE HG COMBUSTIVEIS LTDA.,13.569.064/0016-36,AVENIDA JOAO CAETANO NASCIMENTO,1200,,LIMOEIRO,35300-104,DIESEL,23/01/2023,6.19,,R$ / litro,IPIRANGA,2023-11-21
SE,MG,CARATINGA,REDE HG COMBUSTIVEIS LTDA.,13.569.064/0016-36,AVENIDA JOAO CAETANO NASCIMENTO,1200,,LIMOEIRO,35300-104,GASOLINA ADITIVADA,23/01/2023,5.29,,R$ / litro,IPIRANGA,2023-11-21
SE,MG,CARATINGA,REDE HG COMBUSTIVEIS LTDA.,13.569.064/0016-36,AVENIDA JOAO CAETANO NASCIMENTO,1200,,LIMOEIRO,35300-104,GASOLINA,23/01/2023,5.17,,R$ / litro,IPIRANGA,2023-11-21
SE,MG,FRUTAL,AUTO POSTO V8 LTDA,13.802.890/0002-88,RUA SENADOR GOMES DA SILVA,1016,,CENTRO,38200-000,ETANOL,25/01/2023,3.72,,R$ / litro,BRANCA,2023-11-21
SE,MG,FRUTAL,AUTO POSTO V8 LTDA,13.802.890/0002-88,RUA SENADOR GOMES DA SILVA,1016,,CENTRO,38200-000,DIESEL S10,25/01/2023,6.45,,R$ / litro,BRANCA,2023-11-21
SE,MG,FRUTAL,AUTO POSTO V8 LTDA,13.802.890/0002-88,RUA SENADOR GOMES DA SILVA,1016,,CENTRO,38200-000,GASOLINA ADITIVADA,25/01/2023,4.89,,R$ / litro,BRANCA,2023-11-21
SE,MG,FRUTAL,AUTO POSTO V8 LTDA,13.802.890/0002-88,RUA SENADOR GOMES DA SILVA,1016,,CENTRO,38200-000,GASOLINA,25/01/2023,4.88,,R$ / litro,BRANCA,2023-11-21
SE,MG,NOVA LIMA,POSTO VILA DA SERRA LTDA,16.979.906/0001-30,RODOVIA MG 030,"1,346",,VALE DO SERENO,34000-001,ETANOL,26/01/2023,3.95,,R$ / litro,VIBRA ENERGIA,2023-11-21
SE,MG,NOVA LIMA,POSTO VILA DA SERRA LTDA,16.979.906/0001-30,RODOVIA MG 030,"1,346",,VALE DO SERENO,34000-001,DIESEL S10,26/01/2023,6.38,,R$ / litro,VIBRA ENERGIA,2023-11-21
SE,MG,NOVA LIMA,POSTO VILA DA SERRA LTDA,16.979.906/0001-30,RODOVIA MG 030,"1,346",,VALE DO SERENO,34000-001,GASOLINA,26/01/2023,5.19,,R$ / litro,VIBRA ENERGIA,2023-11-21
SE,MG,POCOS DE CALDAS,AUTO POSTO E CENTRO AUTOMOTIVO WENCESLAU BRAZ LTDA,17.212.958/0001-49,AVENIDA WENCESLAU BRAZ,2000,,ESTANCIA POCOS DE CALDAS,37706-055,ETANOL,24/01/2023,3.49,,R$ / litro,BRANCA,2023-11-21
SE,MG,POCOS DE CALDAS,AUTO POSTO E CENTRO AUTOMOTIVO WENCESLAU BRAZ LTDA,17.212.958/0001-49,AVENIDA WENCESLAU BRAZ,2000,,ESTANCIA POCOS DE CALDAS,37706-055,GASOLINA,24/01/2023,4.59,,R$ / litro,BRANCA,2023-11-21
SE,MG,ARAXA,PEREIRA COMERCIO DE COMBUSTIVEIS LTDA,17.428.198/0001-01,AVENIDA HITALO ROS,1300,,MORADA DO SOL,38181-419,ETANOL,25/01/2023,3.96,,R$ / litro,RIO BRANCO,2023-11-21
SE,MG,ARAXA,PEREIRA COMERCIO DE COMBUSTIVEIS LTDA,17.428.198/0001-01,AVENIDA HITALO ROS,1300,,MORADA DO SOL,38181-419,DIESEL S10,25/01/2023,6.26,,R$ / litro,RIO BRANCO,2023-11-21
SE,MG,ARAXA,PEREIRA COMERCIO DE COMBUSTIVEIS LTDA,17.428.198/0001-01,AVENIDA HITALO ROS,1300,,MORADA DO SOL,38181-419,DIESEL,25/01/2023,6.18,,R$ / litro,RIO BRANCO,2023-11-21
SE,MG,ARAXA,PEREIRA COMERCIO DE COMBUSTIVEIS LTDA,17.428.198/0001-01,AVENIDA HITALO ROS,1300,,MORADA DO SOL,38181-419,GASOLINA ADITIVADA,25/01/2023,5.15,,R$ / litro,RIO BRANCO,2023-11-21
SE,MG,ARAXA,PEREIRA COMERCIO DE COMBUSTIVEIS LTDA,17.428.198/0001-01,AVENIDA HITALO ROS,1300,,MORADA DO SOL,38181-419,GASOLINA,25/01/2023,5.15,,R$ / litro,RIO BRANCO,2023-11-21
SE,MG,BETIM,POSTO PANAMERA LTDA,15.313.045/0001-93,AVENIDA BANDEIRANTES,1155,,CHACARA,32670-355,ETANOL,24/01/2023,3.65,,R$ / litro,VIBRA ENERGIA,2023-11-21
SE,MG,BETIM,POSTO PANAMERA LTDA,15.313.045/0001-93,AVENIDA BANDEIRANTES,1155,,CHACARA,32670-355,DIESEL S10,24/01/2023,6.06,,R$ / litro,VIBRA ENERGIA,2023-11-21
SE,MG,BETIM,POSTO PANAMERA LTDA,15.313.045/0001-93,AVENIDA BANDEIRANTES,1155,,CHACARA,32670-355,GASOLINA ADITIVADA,24/01/2023,4.84,,R$ / litro,VIBRA ENERGIA,2023-11-21
SE,MG,BETIM,POSTO PANAMERA LTDA,15.313.045/0001-93,AVENIDA BANDEIRANTES,1155,,CHACARA,32670-355,GASOLINA,24/01/2023,4.69,,R$ / litro,VIBRA ENERGIA,2023-11-21
SE,MG,CAMPO BELO,HMAX COMBUSTIVEIS E LUBRIFICANTES LTDA,17.756.002/0002-99,AVENIDA AFONSO PENA,1550,,CENTRO,37270-000,ETANOL,23/01/2023,3.85,,R$ / litro,BRANCA,2023-11-21
SE,MG,CAMPO BELO,HMAX COMBUSTIVEIS E LUBRIFICANTES LTDA,17.756.002/0002-99,AVENIDA AFONSO PENA,1550,,CENTRO,37270-000,DIESEL,23/01/2023,6.19,,R$ / litro,BRANCA,2023-11-21
SE,MG,CAMPO BELO,HMAX COMBUSTIVEIS E LUBRIFICANTES LTDA,17.756.002/0002-99,AVENIDA AFONSO PENA,1550,,CENTRO,37270-000,GASOLINA,23/01/2023,4.85,,R$ / litro,BRANCA,2023-11-21
SE,MG,BELO HORIZONTE,POSTO ITATIAIA LTDA,12.927.274/0001-00,AVENIDA PROFESSOR CLOVIS SALGADO,1865,,ITATIAIA,31360-280,DIESEL,23/01/2023,5.87,,R$ / litro,BRANCA,2023-11-21
SE,MG,BELO HORIZONTE,POSTO ITATIAIA LTDA,12.927.274/0001-00,AVENIDA PROFESSOR CLOVIS SALGADO,1865,,ITATIAIA,31360-280,GASOLINA ADITIVADA,23/01/2023,4.77,,R$ / litro,BRANCA,2023-11-21
SE,MG,BELO HORIZONTE,POSTO ITATIAIA LTDA,12.927.274/0001-00,AVENIDA PROFESSOR CLOVIS SALGADO,1865,,ITATIAIA,31360-280,GASOLINA,23/01/2023,4.67,,R$ / litro,BRANCA,2023-11-21
SE,MG,BELO HORIZONTE,POSTO ITATIAIA LTDA,12.927.274/0001-00,AVENIDA PROFESSOR CLOVIS SALGADO,1865,,ITATIAIA,31360-280,ETANOL,23/01/2023,3.63,,R$ / litro,BRANCA,2023-11-21
SE,MG,BELO HORIZONTE,POSTO ITATIAIA LTDA,12.927.274/0001-00,AVENIDA PROFESSOR CLOVIS SALGADO,1865,,ITATIAIA,31360-280,DIESEL S10,23/01/2023,5.99,,R$ / litro,BRANCA,2023-11-21
SE,MG,ARAXA,ALBANO DE AZEVEDO E SOUZA & CIA LTDA,03.572.854/0007-26,AVENIDA JOAO PAULO II,170,,CENTRO,38183-000,ETANOL,25/01/2023,3.95,,R$ / litro,IPIRANGA,2023-11-21
SE,MG,ARAXA,ALBANO DE AZEVEDO E SOUZA & CIA LTDA,03.572.854/0007-26,AVENIDA JOAO PAULO II,170,,CENTRO,38183-000,DIESEL S10,25/01/2023,6.29,,R$ / litro,IPIRANGA,2023-11-21
SE,MG,ARAXA,ALBANO DE AZEVEDO E SOUZA & CIA LTDA,03.572.854/0007-26,AVENIDA JOAO PAULO II,170,,CENTRO,38183-000,DIESEL,25/01/2023,6.19,,R$ / litro,IPIRANGA,2023-11-21
SE,MG,ARAXA,ALBANO DE AZEVEDO E SOUZA & CIA LTDA,03.572.854/0007-26,AVENIDA JOAO PAULO II,170,,CENTRO,38183-000,GASOLINA ADITIVADA,25/01/2023,5.55,,R$ / litro,IPIRANGA,2023-11-21
SE,MG,ARAXA,ALBANO DE AZEVEDO E SOUZA & CIA LTDA,03.572.854/0007-26,AVENIDA JOAO PAULO II,170,,CENTRO,38183-000,GASOLINA,25/01/2023,5.45,,R$ / litro,IPIRANGA,2023-11-21
SE,MG,CONSELHEIRO LAFAIETE,AUTO POSTO GIGANTE LTDA,13.093.320/0001-85,RUA CRISTOVAO DE SENA,1201,,GIGANTE,36400-001,ETANOL,23/01/2023,3.79,,R$ / litro,BRANCA,2023-11-21
SE,MG,CONSELHEIRO LAFAIETE,AUTO POSTO GIGANTE LTDA,13.093.320/0001-85,RUA CRISTOVAO DE SENA,1201,,GIGANTE,36400-001,DIESEL S10,23/01/2023,6.15,,R$ / litro,BRANCA,2023-11-21
SE,MG,CONSELHEIRO LAFAIETE,AUTO POSTO GIGANTE LTDA,13.093.320/0001-85,RUA CRISTOVAO DE SENA,1201,,GIGANTE,36400-001,DIESEL,23/01/2023,6.07,,R$ / litro,BRANCA,2023-11-21
SE,MG,CONSELHEIRO LAFAIETE,AUTO POSTO GIGANTE LTDA,13.093.320/0001-85,RUA CRISTOVAO DE SENA,1201,,GIGANTE,36400-001,GASOLINA ADITIVADA,23/01/2023,4.95,,R$ / litro,BRANCA,2023-11-21
SE,MG,CONSELHEIRO LAFAIETE,AUTO POSTO GIGANTE LTDA,13.093.320/0001-85,RUA CRISTOVAO DE SENA,1201,,GIGANTE,36400-001,GASOLINA,23/01/2023,4.95,,R$ / litro,BRANCA,2023-11-21
SE,MG,GUAXUPE,POSTO FLORESTA GUAXUPE LTDA,18.803.352/0001-40,RUA ELIANA,20,,BEBEDOURO,37800-000,ETANOL,24/01/2023,3.52,,R$ / litro,IPIRANGA,2023-11-21
SE,MG,GUAXUPE,POSTO FLORESTA GUAXUPE LTDA,18.803.352/0001-40,RUA ELIANA,20,,BEBEDOURO,37800-000,DIESEL S10,24/01/2023,6.19,,R$ / litro,IPIRANGA,2023-11-21
SE,MG,GUAXUPE,POSTO FLORESTA GUAXUPE LTDA,18.803.352/0001-40,RUA ELIANA,20,,BEBEDOURO,37800-000,GASOLINA ADITIVADA,24/01/2023,5.09,,R$ / litro,IPIRANGA,2023-11-21
SE,MG,GUAXUPE,POSTO FLORESTA GUAXUPE LTDA,18.803.352/0001-40,RUA ELIANA,20,,BEBEDOURO,37800-000,GASOLINA,24/01/2023,4.52,,R$ / litro,IPIRANGA,2023-11-21
SE,MG,GOVERNADOR VALADARES,REDE HG COMBUSTIVEIS LTDA.,13.569.064/0004-00,AVENIDA RIO/BAHIA,S/N,KM: 412 E 33 METROS;,PLANALTO,35054-060,ETANOL,23/01/2023,3.98,,R$ / litro,VIBRA ENERGIA,2023-11-21
SE,MG,GOVERNADOR VALADARES,REDE HG COMBUSTIVEIS LTDA.,13.569.064/0004-00,AVENIDA RIO/BAHIA,S/N,KM: 412 E 33 METROS;,PLANALTO,35054-060,DIESEL S10,23/01/2023,6.15,,R$ / litro,VIBRA ENERGIA,2023-11-21
SE,MG,GOVERNADOR VALADARES,REDE HG COMBUSTIVEIS LTDA.,13.569.064/0004-00,AVENIDA RIO/BAHIA,S/N,KM: 412 E 33 METROS;,PLANALTO,35054-060,DIESEL,23/01/2023,6.05,,R$ / litro,VIBRA ENERGIA,2023-11-21
SE,MG,GOVERNADOR VALADARES,REDE HG COMBUSTIVEIS LTDA.,13.569.064/0004-00,AVENIDA RIO/BAHIA,S/N,KM: 412 E 33 METROS;,PLANALTO,35054-060,GASOLINA ADITIVADA,23/01/2023,5.33,,R$ / litro,VIBRA ENERGIA,2023-11-21
SE,MG,GOVERNADOR VALADARES,REDE HG COMBUSTIVEIS LTDA.,13.569.064/0004-00,AVENIDA RIO/BAHIA,S/N,KM: 412 E 33 METROS;,PLANALTO,35054-060,GASOLINA,23/01/2023,4.99,,R$ / litro,VIBRA ENERGIA,2023-11-21
SE,MG,GOVERNADOR VALADARES,REDE HG COMBUSTIVEIS LTDA.,13.569.064/0004-00,AVENIDA RIO/BAHIA,S/N,KM: 412 E 33 METROS;,PLANALTO,35054-060,GNV,23/01/2023,5.19,,R$ / m³,VIBRA ENERGIA,2023-11-21
SE,MG,GOVERNADOR VALADARES,REDE HG COMBUSTIVEIS LTDA.,13.569.064/0008-26,AVENIDA RIO/BAHIA,S/N,KM: 420 E 56 METROS;,VILA ISA,35044-000,ETANOL,23/01/2023,3.99,,R$ / litro,RAIZEN,2023-11-21
SE,MG,GOVERNADOR VALADARES,REDE HG COMBUSTIVEIS LTDA.,13.569.064/0008-26,AVENIDA RIO/BAHIA,S/N,KM: 420 E 56 METROS;,VILA ISA,35044-000,DIESEL S10,23/01/2023,6.19,,R$ / litro,RAIZEN,2023-11-21
SE,MG,GOVERNADOR VALADARES,REDE HG COMBUSTIVEIS LTDA.,13.569.064/0008-26,AVENIDA RIO/BAHIA,S/N,KM: 420 E 56 METROS;,VILA ISA,35044-000,GASOLINA ADITIVADA,23/01/2023,5.29,,R$ / litro,RAIZEN,2023-11-21
SE,MG,GOVERNADOR VALADARES,REDE HG COMBUSTIVEIS LTDA.,13.569.064/0008-26,AVENIDA RIO/BAHIA,S/N,KM: 420 E 56 METROS;,VILA ISA,35044-000,GASOLINA,23/01/2023,4.99,,R$ / litro,RAIZEN,2023-11-21
SE,MG,MONTES CLAROS,POSTO SAO JUDAS DERIVADOS DE PETROLEO LTDA,04.233.411/0001-88,AVENIDA SAO JUDAS TADEU,334,,SAO JUDAS,39402-558,ETANOL,26/01/2023,3.58,,R$ / litro,IPIRANGA,2023-11-21
SE,MG,MONTES CLAROS,POSTO SAO JUDAS DERIVADOS DE PETROLEO LTDA,04.233.411/0001-88,AVENIDA SAO JUDAS TADEU,334,,SAO JUDAS,39402-558,GASOLINA ADITIVADA,26/01/2023,5.18,,R$ / litro,IPIRANGA,2023-11-21
SE,MG,MONTES CLAROS,POSTO SAO JUDAS DERIVADOS DE PETROLEO LTDA,04.233.411/0001-88,AVENIDA SAO JUDAS TADEU,334,,SAO JUDAS,39402-558,GASOLINA,26/01/2023,4.98,,R$ / litro,IPIRANGA,2023-11-21
SE,MG,POUSO ALEGRE,AUTO POSTO BARRETO E RIGOTTI LTDA,19.881.488/0001-31,AVENIDA PREFEITO OLAVO GOMES DE OLIVEIRA,1633,,FOCH I,37550-001,ETANOL,26/01/2023,3.79,,R$ / litro,IPIRANGA,2023-11-21
SE,MG,POUSO ALEGRE,AUTO POSTO BARRETO E RIGOTTI LTDA,19.881.488/0001-31,AVENIDA PREFEITO OLAVO GOMES DE OLIVEIRA,1633,,FOCH I,37550-001,DIESEL S10,26/01/2023,6.49,,R$ / litro,IPIRANGA,2023-11-21
SE,MG,POUSO ALEGRE,AUTO POSTO BARRETO E RIGOTTI LTDA,19.881.488/0001-31,AVENIDA PREFEITO OLAVO GOMES DE OLIVEIRA,1633,,FOCH I,37550-001,DIESEL,26/01/2023,6.44,,R$ / litro,IPIRANGA,2023-11-21
SE,MG,POUSO ALEGRE,AUTO POSTO BARRETO E RIGOTTI LTDA,19.881.488/0001-31,AVENIDA PREFEITO OLAVO GOMES DE OLIVEIRA,1633,,FOCH I,37550-001,GASOLINA,26/01/2023,4.99,,R$ / litro,IPIRANGA,2023-11-21
SE,MG,ITUIUTABA,POSTO 5.5. LIMITADA,02.211.749/0016-90,AVENIDA MINAS GERAIS,2955,,GERSON BADUY II,38304-285,ETANOL,24/01/2023,3.79,,R$ / litro,VIBRA ENERGIA,2023-11-21
SE,MG,ITUIUTABA,POSTO 5.5. LIMITADA,02.211.749/0016-90,AVENIDA MINAS GERAIS,2955,,GERSON BADUY II,38304-285,GASOLINA,24/01/2023,4.89,,R$ / litro,VIBRA ENERGIA,2023-11-21
SE,MG,IPATINGA,POSTO AUTO GIRO LTDA,09.140.879/0001-41,RUA CLAUDIO MOURA,777,: A;,NOVO CRUZEIRO,35164-840,ETANOL,23/01/2023,3.89,,R$ / litro,BRANCA,2023-11-21
SE,MG,IPATINGA,POSTO AUTO GIRO LTDA,09.140.879/0001-41,RUA CLAUDIO MOURA,777,: A;,NOVO CRUZEIRO,35164-840,GASOLINA ADITIVADA,23/01/2023,4.94,,R$ / litro,BRANCA,2023-11-21
SE,MG,IPATINGA,POSTO AUTO GIRO LTDA,09.140.879/0001-41,RUA CLAUDIO MOURA,777,: A;,NOVO CRUZEIRO,35164-840,GASOLINA,23/01/2023,4.89,,R$ / litro,BRANCA,2023-11-21
SE,MG,BETIM,COMERCIAL DE PETROLEO AMAZONAS EIRELI,20.610.466/0001-16,AVENIDA AMAZONAS,4033,,CACHOEIRA,32602-505,ETANOL,24/01/2023,3.74,,R$ / litro,BRANCA,2023-11-21
SE,MG,BETIM,COMERCIAL DE PETROLEO AMAZONAS EIRELI,20.610.466/0001-16,AVENIDA AMAZONAS,4033,,CACHOEIRA,32602-505,DIESEL S10,24/01/2023,5.97,,R$ / litro,BRANCA,2023-11-21
SE,MG,BETIM,COMERCIAL DE PETROLEO AMAZONAS EIRELI,20.610.466/0001-16,AVENIDA AMAZONAS,4033,,CACHOEIRA,32602-505,DIESEL,24/01/2023,5.83,,R$ / litro,BRANCA,2023-11-21
SE,MG,BETIM,COMERCIAL DE PETROLEO AMAZONAS EIRELI,20.610.466/0001-16,AVENIDA AMAZONAS,4033,,CACHOEIRA,32602-505,GASOLINA ADITIVADA,24/01/2023,4.74,,R$ / litro,BRANCA,2023-11-21
SE,MG,BETIM,COMERCIAL DE PETROLEO AMAZONAS EIRELI,20.610.466/0001-16,AVENIDA AMAZONAS,4033,,CACHOEIRA,32602-505,GASOLINA,24/01/2023,4.74,,R$ / litro,BRANCA,2023-11-21
SE,MG,MONTE CARMELO,ADILSON BORGES DA SILVA - ME,20.673.794/0001-61,RUA BOLIVIA,220,,CENTRO,38500-000,ETANOL,25/01/2023,3.55,,R$ / litro,BRANCA,2023-11-21
SE,MG,MONTE CARMELO,ADILSON BORGES DA SILVA - ME,20.673.794/0001-61,RUA BOLIVIA,220,,CENTRO,38500-000,DIESEL S10,25/01/2023,6.17,,R$ / litro,BRANCA,2023-11-21
SE,MG,MONTE CARMELO,ADILSON BORGES DA SILVA - ME,20.673.794/0001-61,RUA BOLIVIA,220,,CENTRO,38500-000,DIESEL,25/01/2023,6.09,,R$ / litro,BRANCA,2023-11-21
SE,MG,MONTE CARMELO,ADILSON BORGES DA SILVA - ME,20.673.794/0001-61,RUA BOLIVIA,220,,CENTRO,38500-000,GASOLINA ADITIVADA,25/01/2023,4.84,,R$ / litro,BRANCA,2023-11-21
SE,MG,MONTE CARMELO,ADILSON BORGES DA SILVA - ME,20.673.794/0001-61,RUA BOLIVIA,220,,CENTRO,38500-000,GASOLINA,25/01/2023,4.84,,R$ / litro,BRANCA,2023-11-21
SE,MG,MURIAE,AUTO POSTO AVENIDAO DE MURIAE LTDA,19.799.637/0001-18,AVENIDA PREFEITO DANTE BRUNO,305,,DORNELAS,36884-178,ETANOL,23/01/2023,4.13,,R$ / litro,VIBRA ENERGIA,2023-11-21
SE,MG,MURIAE,AUTO POSTO AVENIDAO DE MURIAE LTDA,19.799.637/0001-18,AVENIDA PREFEITO DANTE BRUNO,305,,DORNELAS,36884-178,GASOLINA ADITIVADA,23/01/2023,5.18,,R$ / litro,VIBRA ENERGIA,2023-11-21
SE,MG,MURIAE,AUTO POSTO AVENIDAO DE MURIAE LTDA,19.799.637/0001-18,AVENIDA PREFEITO DANTE BRUNO,305,,DORNELAS,36884-178,GASOLINA,23/01/2023,5.13,,R$ / litro,VIBRA ENERGIA,2023-11-21
SE,MG,SAO SEBASTIAO DO PARAISO,POSTO COOLAPA LTDA,20.763.342/0001-70,RUA NORALDINO LIMA,200,,VILA DALVA,37950-000,ETANOL,24/01/2023,3.95,,R$ / litro,RAIZEN,2023-11-21
SE,MG,SAO SEBASTIAO DO PARAISO,POSTO COOLAPA LTDA,20.763.342/0001-70,RUA NORALDINO LIMA,200,,VILA DALVA,37950-000,DIESEL S10,24/01/2023,6.27,,R$ / litro,RAIZEN,2023-11-21
SE,MG,SAO SEBASTIAO DO PARAISO,POSTO COOLAPA LTDA,20.763.342/0001-70,RUA NORALDINO LIMA,200,,VILA DALVA,37950-000,DIESEL,24/01/2023,6.17,,R$ / litro,RAIZEN,2023-11-21
SE,MG,SAO SEBASTIAO DO PARAISO,POSTO COOLAPA LTDA,20.763.342/0001-70,RUA NORALDINO LIMA,200,,VILA DALVA,37950-000,GASOLINA,24/01/2023,5.26,,R$ / litro,RAIZEN,2023-11-21
SE,MG,BARBACENA,POSTO BELVEDERE DE BARBACENA LTDA.,19.482.441/0001-03,RUA JOAO PINHEIRO,431,,SANTA TEREZA II,36201-128,ETANOL,25/01/2023,3.99,,R$ / litro,VIBRA ENERGIA,2023-11-21
SE,MG,BARBACENA,POSTO BELVEDERE DE BARBACENA LTDA.,19.482.441/0001-03,RUA JOAO PINHEIRO,431,,SANTA TEREZA II,36201-128,DIESEL S10,25/01/2023,6.51,,R$ / litro,VIBRA ENERGIA,2023-11-21
SE,MG,BARBACENA,POSTO BELVEDERE DE BARBACENA LTDA.,19.482.441/0001-03,RUA JOAO PINHEIRO,431,,SANTA TEREZA II,36201-128,DIESEL,25/01/2023,6.44,,R$ / litro,VIBRA ENERGIA,2023-11-21
SE,MG,BARBACENA,POSTO BELVEDERE DE BARBACENA LTDA.,19.482.441/0001-03,RUA JOAO PINHEIRO,431,,SANTA TEREZA II,36201-128,GASOLINA ADITIVADA,25/01/2023,5.51,,R$ / litro,VIBRA ENERGIA,2023-11-21
SE,MG,BARBACENA,POSTO BELVEDERE DE BARBACENA LTDA.,19.482.441/0001-03,RUA JOAO PINHEIRO,431,,SANTA TEREZA II,36201-128,GASOLINA,25/01/2023,5.41,,R$ / litro,VIBRA ENERGIA,2023-11-21
SE,MG,LAVRAS,AUTO POSTO PAIS DE GALE LTDA,20.922.136/0001-66,AVENIDA JUSCELINO KUBITSCHECK,358,,RETIRO,37200-000,ETANOL,26/01/2023,3.89,,R$ / litro,RAIZEN,2023-11-21
SE,MG,LAVRAS,AUTO POSTO PAIS DE GALE LTDA,20.922.136/0001-66,AVENIDA JUSCELINO KUBITSCHECK,358,,RETIRO,37200-000,GASOLINA,26/01/2023,5.19,,R$ / litro,RAIZEN,2023-11-21
SE,MG,UBERLANDIA,VIA SUL POSTO SERVICE LTDA,02.631.526/0001-03,RUA DA CARIOCA,2077,,PATRIMONIO,38411-046,ETANOL,24/01/2023,3.89,,R$ / litro,VIBRA ENERGIA,2023-11-21
SE,MG,UBERLANDIA,VIA SUL POSTO SERVICE LTDA,02.631.526/0001-03,RUA DA CARIOCA,2077,,PATRIMONIO,38411-046,GASOLINA ADITIVADA,24/01/2023,5.25,,R$ / litro,VIBRA ENERGIA,2023-11-21
SE,MG,UBERLANDIA,VIA SUL POSTO SERVICE LTDA,02.631.526/0001-03,RUA DA CARIOCA,2077,,PATRIMONIO,38411-046,GASOLINA,24/01/2023,4.99,,R$ / litro,VIBRA ENERGIA,2023-11-21
SE,MG,SETE LAGOAS,POSTO VAPABUCU LTDA,21.309.034/0003-02,AVENIDA RAQUEL TEIXEIRA VIANA,1177,,CANAA,35700-293,ETANOL,25/01/2023,3.85,,R$ / litro,BRANCA,2023-11-21
SE,MG,SETE LAGOAS,POSTO VAPABUCU LTDA,21.309.034/0003-02,AVENIDA RAQUEL TEIXEIRA VIANA,1177,,CANAA,35700-293,DIESEL S10,25/01/2023,6.03,,R$ / litro,BRANCA,2023-11-21
SE,MG,SETE LAGOAS,POSTO VAPABUCU LTDA,21.309.034/0003-02,AVENIDA RAQUEL TEIXEIRA VIANA,1177,,CANAA,35700-293,DIESEL,25/01/2023,5.93,,R$ / litro,BRANCA,2023-11-21
SE,MG,SETE LAGOAS,POSTO VAPABUCU LTDA,21.309.034/0003-02,AVENIDA RAQUEL TEIXEIRA VIANA,1177,,CANAA,35700-293,GASOLINA,25/01/2023,4.82,,R$ / litro,BRANCA,2023-11-21
SE,MG,NOVA LIMA,PORTOPETRO COMBUSTIVEIS LTDA,03.167.395/0001-00,RODOVIA JANUARIO CARNEIRO,3480,LOTE  7 E 8               QUADRA2,BOSQUE RESIDENCIAL DO JAMBREIRO,34004-842,DIESEL S10,26/01/2023,6.48,,R$ / litro,RAIZEN,2023-11-21
SE,MG,NOVA LIMA,PORTOPETRO COMBUSTIVEIS LTDA,03.167.395/0001-00,RODOVIA JANUARIO CARNEIRO,3480,LOTE  7 E 8               QUADRA2,BOSQUE RESIDENCIAL DO JAMBREIRO,34004-842,GASOLINA ADITIVADA,26/01/2023,5.39,,R$ / litro,RAIZEN,2023-11-21
SE,MG,PATOS DE MINAS,JADER JOSE DE CARVALHO LTDA,20.835.134/0002-10,AVENIDA MARABAS,3830,,BELA VISTA,38703-236,ETANOL,25/01/2023,3.69,,R$ / litro,BRANCA,2023-11-21
SE,MG,PATOS DE MINAS,JADER JOSE DE CARVALHO LTDA,20.835.134/0002-10,AVENIDA MARABAS,3830,,BELA VISTA,38703-236,DIESEL S10,25/01/2023,6.09,,R$ / litro,BRANCA,2023-11-21
SE,MG,PATOS DE MINAS,JADER JOSE DE CARVALHO LTDA,20.835.134/0002-10,AVENIDA MARABAS,3830,,BELA VISTA,38703-236,DIESEL,25/01/2023,5.98,,R$ / litro,BRANCA,2023-11-21
SE,MG,PATOS DE MINAS,JADER JOSE DE CARVALHO LTDA,20.835.134/0002-10,AVENIDA MARABAS,3830,,BELA VISTA,38703-236,GASOLINA,25/01/2023,4.97,,R$ / litro,BRANCA,2023-11-21
SE,MG,PASSOS,AUTO POSTO ITALIA LTDA,22.392.066/0001-07,RUA JOAO TEIXEIRA MENDES,265,,NOSSA SENHORA APARECIDA,37902-419,GASOLINA,26/01/2023,4.99,,R$ / litro,VIBRA ENERGIA,2023-11-21
SE,MG,PASSOS,AUTO POSTO ITALIA LTDA,22.392.066/0001-07,RUA JOAO TEIXEIRA MENDES,265,,NOSSA SENHORA APARECIDA,37902-419,ETANOL,26/01/2023,3.79,,R$ / litro,VIBRA ENERGIA,2023-11-21
SE,MG,PASSOS,AUTO POSTO ITALIA LTDA,22.392.066/0001-07,RUA JOAO TEIXEIRA MENDES,265,,NOSSA SENHORA APARECIDA,37902-419,DIESEL S10,26/01/2023,6.39,,R$ / litro,VIBRA ENERGIA,2023-11-21
SE,MG,PASSOS,AUTO POSTO ITALIA LTDA,22.392.066/0001-07,RUA JOAO TEIXEIRA MENDES,265,,NOSSA SENHORA APARECIDA,37902-419,DIESEL,26/01/2023,6.29,,R$ / litro,VIBRA ENERGIA,2023-11-21
SE,MG,BETIM,ABC DISTRIBUICAO DE PETROLEO LTDA,13.117.591/0004-76,RUA ESPIRITO SANTO,173,,DECAMAO,32603-064,ETANOL,24/01/2023,3.84,,R$ / litro,BRANCA,2023-11-21
SE,MG,BETIM,ABC DISTRIBUICAO DE PETROLEO LTDA,13.117.591/0004-76,RUA ESPIRITO SANTO,173,,DECAMAO,32603-064,DIESEL S10,24/01/2023,6.09,,R$ / litro,BRANCA,2023-11-21
SE,MG,BETIM,ABC DISTRIBUICAO DE PETROLEO LTDA,13.117.591/0004-76,RUA ESPIRITO SANTO,173,,DECAMAO,32603-064,GASOLINA,24/01/2023,4.89,,R$ / litro,BRANCA,2023-11-21
SE,MG,CAMPO BELO,AUTO POSTO JARDIM AEROPORTO LTDA,22.440.988/0001-42,RUA VEREADOR FRANCISCO ARAUJO RODARTE,1586,,PASSA TEMPO,37270-000,ETANOL,23/01/2023,3.99,,R$ / litro,VIBRA ENERGIA,2023-11-21
SE,MG,CAMPO BELO,AUTO POSTO JARDIM AEROPORTO LTDA,22.440.988/0001-42,RUA VEREADOR FRANCISCO ARAUJO RODARTE,1586,,PASSA TEMPO,37270-000,DIESEL S10,23/01/2023,6.19,,R$ / litro,VIBRA ENERGIA,2023-11-21
SE,MG,CAMPO BELO,AUTO POSTO JARDIM AEROPORTO LTDA,22.440.988/0001-42,RUA VEREADOR FRANCISCO ARAUJO RODARTE,1586,,PASSA TEMPO,37270-000,DIESEL,23/01/2023,6.09,,R$ / litro,VIBRA ENERGIA,2023-11-21
SE,MG,CAMPO BELO,AUTO POSTO JARDIM AEROPORTO LTDA,22.440.988/0001-42,RUA VEREADOR FRANCISCO ARAUJO RODARTE,1586,,PASSA TEMPO,37270-000,GASOLINA ADITIVADA,23/01/2023,4.99,,R$ / litro,VIBRA ENERGIA,2023-11-21
SE,MG,CAMPO BELO,AUTO POSTO JARDIM AEROPORTO LTDA,22.440.988/0001-42,RUA VEREADOR FRANCISCO ARAUJO RODARTE,1586,,PASSA TEMPO,37270-000,GASOLINA,23/01/2023,4.89,,R$ / litro,VIBRA ENERGIA,2023-11-21
SE,MG,CONSELHEIRO LAFAIETE,POSTO ELOHIM LTDA,01.708.132/0002-16,R BARAO DE POUSO ALEGRE,701,,SAO DIMAS,36400-000,ETANOL,23/01/2023,3.67,,R$ / litro,ALESAT,2023-11-21
SE,MG,CONSELHEIRO LAFAIETE,POSTO ELOHIM LTDA,01.708.132/0002-16,R BARAO DE POUSO ALEGRE,701,,SAO DIMAS,36400-000,DIESEL S10,23/01/2023,6.1,,R$ / litro,ALESAT,2023-11-21
SE,MG,CONSELHEIRO LAFAIETE,POSTO ELOHIM LTDA,01.708.132/0002-16,R BARAO DE POUSO ALEGRE,701,,SAO DIMAS,36400-000,DIESEL,23/01/2023,5.99,,R$ / litro,ALESAT,2023-11-21
SE,MG,CONSELHEIRO LAFAIETE,POSTO ELOHIM LTDA,01.708.132/0002-16,R BARAO DE POUSO ALEGRE,701,,SAO DIMAS,36400-000,GASOLINA ADITIVADA,23/01/2023,4.95,,R$ / litro,ALESAT,2023-11-21
SE,MG,CONSELHEIRO LAFAIETE,POSTO ELOHIM LTDA,01.708.132/0002-16,R BARAO DE POUSO ALEGRE,701,,SAO DIMAS,36400-000,GASOLINA,23/01/2023,4.9,,R$ / litro,ALESAT,2023-11-21
SE,MG,CAMPO BELO,ABC DISTRIBUICAO DE PETROLEO LTDA,13.117.591/0003-95,AVENIDA SAO JOAO,825,,CENTRO,37270-000,ETANOL,23/01/2023,3.89,,R$ / litro,BRANCA,2023-11-21
SE,MG,CAMPO BELO,ABC DISTRIBUICAO DE PETROLEO LTDA,13.117.591/0003-95,AVENIDA SAO JOAO,825,,CENTRO,37270-000,GASOLINA,23/01/2023,4.88,,R$ / litro,BRANCA,2023-11-21
SE,MG,CONTAGEM,POSTO VILA PICA PAU LTDA,15.218.502/0001-60,VIA EXPRESSA DE CONTAGEM,6900,,BERNARDO MONTEIRO,32070-005,ETANOL,24/01/2023,3.77,,R$ / litro,IPIRANGA,2023-11-21
SE,MG,CONTAGEM,POSTO VILA PICA PAU LTDA,15.218.502/0001-60,VIA EXPRESSA DE CONTAGEM,6900,,BERNARDO MONTEIRO,32070-005,DIESEL,24/01/2023,5.99,,R$ / litro,IPIRANGA,2023-11-21
SE,MG,CONTAGEM,POSTO VILA PICA PAU LTDA,15.218.502/0001-60,VIA EXPRESSA DE CONTAGEM,6900,,BERNARDO MONTEIRO,32070-005,GASOLINA,24/01/2023,4.78,,R$ / litro,IPIRANGA,2023-11-21
SE,MG,ARAGUARI,AUTO POSTO GAMELEIRA LTDA,18.801.824/0002-07,AVENIDA  TEODORETO VELOSO DE CARVALHO,7373,,SIBIPIRUNA,38445-198,ETANOL,23/01/2023,3.59,,R$ / litro,BRANCA,2023-11-21
SE,MG,ARAGUARI,AUTO POSTO GAMELEIRA LTDA,18.801.824/0002-07,AVENIDA  TEODORETO VELOSO DE CARVALHO,7373,,SIBIPIRUNA,38445-198,DIESEL S10,23/01/2023,6.03,,R$ / litro,BRANCA,2023-11-21
SE,MG,ARAGUARI,AUTO POSTO GAMELEIRA LTDA,18.801.824/0002-07,AVENIDA  TEODORETO VELOSO DE CARVALHO,7373,,SIBIPIRUNA,38445-198,DIESEL,23/01/2023,5.9,,R$ / litro,BRANCA,2023-11-21
SE,MG,ARAGUARI,AUTO POSTO GAMELEIRA LTDA,18.801.824/0002-07,AVENIDA  TEODORETO VELOSO DE CARVALHO,7373,,SIBIPIRUNA,38445-198,GASOLINA,23/01/2023,4.79,,R$ / litro,BRANCA,2023-11-21
SE,MG,TIMOTEO,POSTO REDE RIVA 6 LTDA - EPP,23.928.593/0001-56,AVENIDA ACESITA,91,,OLARIA,35180-207,ETANOL,26/01/2023,3.99,,R$ / litro,VIBRA ENERGIA,2023-11-21
SE,MG,TIMOTEO,POSTO REDE RIVA 6 LTDA - EPP,23.928.593/0001-56,AVENIDA ACESITA,91,,OLARIA,35180-207,DIESEL S10,26/01/2023,6.09,,R$ / litro,VIBRA ENERGIA,2023-11-21
SE,MG,TIMOTEO,POSTO REDE RIVA 6 LTDA - EPP,23.928.593/0001-56,AVENIDA ACESITA,91,,OLARIA,35180-207,DIESEL,26/01/2023,5.99,,R$ / litro,VIBRA ENERGIA,2023-11-21
SE,MG,TIMOTEO,POSTO REDE RIVA 6 LTDA - EPP,23.928.593/0001-56,AVENIDA ACESITA,91,,OLARIA,35180-207,GASOLINA ADITIVADA,26/01/2023,5.3,,R$ / litro,VIBRA ENERGIA,2023-11-21
SE,MG,TIMOTEO,POSTO REDE RIVA 6 LTDA - EPP,23.928.593/0001-56,AVENIDA ACESITA,91,,OLARIA,35180-207,GASOLINA,26/01/2023,5.15,,R$ / litro,VIBRA ENERGIA,2023-11-21
SE,MG,VARGINHA,BPG AUTO POSTO LTDA,24.819.309/0001-76,PRACA MARECHAL FLORIANO,100,,CENTRO,37002-040,ETANOL,25/01/2023,3.64,,R$ / litro,RAIZEN,2023-11-21
SE,MG,VARGINHA,BPG AUTO POSTO LTDA,24.819.309/0001-76,PRACA MARECHAL FLORIANO,100,,CENTRO,37002-040,GASOLINA ADITIVADA,25/01/2023,5.34,,R$ / litro,RAIZEN,2023-11-21
SE,MG,VARGINHA,BPG AUTO POSTO LTDA,24.819.309/0001-76,PRACA MARECHAL FLORIANO,100,,CENTRO,37002-040,GASOLINA,25/01/2023,4.94,,R$ / litro,RAIZEN,2023-11-21
SE,MG,SETE LAGOAS,AUTO POSTO RAINHA DA PAZ LTDA,23.472.757/0001-83,AVENIDA MUCIO JOSE REIS,40,,CENTRO,35700-640,ETANOL,25/01/2023,3.65,,R$ / litro,BRANCA,2023-11-21
SE,MG,SETE LAGOAS,AUTO POSTO RAINHA DA PAZ LTDA,23.472.757/0001-83,AVENIDA MUCIO JOSE REIS,40,,CENTRO,35700-640,DIESEL S10,25/01/2023,6.04,,R$ / litro,BRANCA,2023-11-21
SE,MG,SETE LAGOAS,AUTO POSTO RAINHA DA PAZ LTDA,23.472.757/0001-83,AVENIDA MUCIO JOSE REIS,40,,CENTRO,35700-640,DIESEL,25/01/2023,5.95,,R$ / litro,BRANCA,2023-11-21
SE,MG,SETE LAGOAS,AUTO POSTO RAINHA DA PAZ LTDA,23.472.757/0001-83,AVENIDA MUCIO JOSE REIS,40,,CENTRO,35700-640,GASOLINA ADITIVADA,25/01/2023,4.95,,R$ / litro,BRANCA,2023-11-21
SE,MG,SETE LAGOAS,AUTO POSTO RAINHA DA PAZ LTDA,23.472.757/0001-83,AVENIDA MUCIO JOSE REIS,40,,CENTRO,35700-640,GASOLINA,25/01/2023,4.85,,R$ / litro,BRANCA,2023-11-21
SE,MG,PARACATU,POSTO PARACATUZINHO PORTAL DE MINAS V LTDA,22.244.458/0001-29,AVENIDA AEROPORTO,6,,PARACATUZINHO,38600-001,DIESEL S10,24/01/2023,6.36,,R$ / litro,BRANCA,2023-11-21
SE,MG,PARACATU,POSTO PARACATUZINHO PORTAL DE MINAS V LTDA,22.244.458/0001-29,AVENIDA AEROPORTO,6,,PARACATUZINHO,38600-001,GASOLINA,24/01/2023,4.89,,R$ / litro,BRANCA,2023-11-21
SE,MG,PARACATU,POSTO PARACATUZINHO PORTAL DE MINAS V LTDA,22.244.458/0001-29,AVENIDA AEROPORTO,6,,PARACATUZINHO,38600-001,ETANOL,24/01/2023,3.63,,R$ / litro,BRANCA,2023-11-21
SE,MG,GUAXUPE,AUTO POSTO BRASIL PETRO GUAXUPE LTDA - EPP,26.244.386/0001-70,RUA DR. JEREMIAS ZERBINI,746,,VILA MEZIARA,37800-000,ETANOL,24/01/2023,3.79,,R$ / litro,BRANCA,2023-11-21
SE,MG,GUAXUPE,AUTO POSTO BRASIL PETRO GUAXUPE LTDA - EPP,26.244.386/0001-70,RUA DR. JEREMIAS ZERBINI,746,,VILA MEZIARA,37800-000,DIESEL S10,24/01/2023,6.14,,R$ / litro,BRANCA,2023-11-21
SE,MG,GUAXUPE,AUTO POSTO BRASIL PETRO GUAXUPE LTDA - EPP,26.244.386/0001-70,RUA DR. JEREMIAS ZERBINI,746,,VILA MEZIARA,37800-000,DIESEL,24/01/2023,6.1,,R$ / litro,BRANCA,2023-11-21
SE,MG,GUAXUPE,AUTO POSTO BRASIL PETRO GUAXUPE LTDA - EPP,26.244.386/0001-70,RUA DR. JEREMIAS ZERBINI,746,,VILA MEZIARA,37800-000,GASOLINA ADITIVADA,24/01/2023,4.94,,R$ / litro,BRANCA,2023-11-21
SE,MG,GUAXUPE,AUTO POSTO BRASIL PETRO GUAXUPE LTDA - EPP,26.244.386/0001-70,RUA DR. JEREMIAS ZERBINI,746,,VILA MEZIARA,37800-000,GASOLINA,24/01/2023,4.89,,R$ / litro,BRANCA,2023-11-21
SE,MG,LAVRAS,GX I POSTO DE COMBUSTIVEIS LTDA,23.836.656/0001-44,AVENIDA EVARISTO GOMES GUERRA,1351,,JARDIM GLORIA,37200-000,ETANOL,26/01/2023,4.19,,R$ / litro,VIBRA ENERGIA,2023-11-21
SE,MG,LAVRAS,GX I POSTO DE COMBUSTIVEIS LTDA,23.836.656/0001-44,AVENIDA EVARISTO GOMES GUERRA,1351,,JARDIM GLORIA,37200-000,DIESEL S10,26/01/2023,6.29,,R$ / litro,VIBRA ENERGIA,2023-11-21
SE,MG,LAVRAS,GX I POSTO DE COMBUSTIVEIS LTDA,23.836.656/0001-44,AVENIDA EVARISTO GOMES GUERRA,1351,,JARDIM GLORIA,37200-000,GASOLINA ADITIVADA,26/01/2023,5.19,,R$ / litro,VIBRA ENERGIA,2023-11-21
SE,MG,LAVRAS,GX I POSTO DE COMBUSTIVEIS LTDA,23.836.656/0001-44,AVENIDA EVARISTO GOMES GUERRA,1351,,JARDIM GLORIA,37200-000,GASOLINA,26/01/2023,5.15,,R$ / litro,VIBRA ENERGIA,2023-11-21
SE,MG,PASSOS,POSTO DE COMBUSTIVEIS AVENIDA LTDA,25.451.240/0003-03,AVENIDA LIQUINHA DA SILVEIRA,1500,,CALIFORNIA,37904-232,DIESEL S10,26/01/2023,6.29,,R$ / litro,IPIRANGA,2023-11-21
SE,MG,PASSOS,POSTO DE COMBUSTIVEIS AVENIDA LTDA,25.451.240/0003-03,AVENIDA LIQUINHA DA SILVEIRA,1500,,CALIFORNIA,37904-232,DIESEL,26/01/2023,6.19,,R$ / litro,IPIRANGA,2023-11-21
SE,MG,PASSOS,POSTO DE COMBUSTIVEIS AVENIDA LTDA,25.451.240/0003-03,AVENIDA LIQUINHA DA SILVEIRA,1500,,CALIFORNIA,37904-232,GASOLINA,26/01/2023,5.19,,R$ / litro,IPIRANGA,2023-11-21
SE,MG,PASSOS,POSTO DE COMBUSTIVEIS AVENIDA LTDA,25.451.240/0003-03,AVENIDA LIQUINHA DA SILVEIRA,1500,,CALIFORNIA,37904-232,ETANOL,26/01/2023,3.89,,R$ / litro,IPIRANGA,2023-11-21
SE,MG,BETIM,POSTO JARDIM DA CIDADE LTDA  - ME,06.284.318/0001-28,AVENIDA TEOTONIO PARREIRA COELHO,115,,JARDIM DA CIDADE,32604-255,ETANOL,24/01/2023,3.79,,R$ / litro,IPIRANGA,2023-11-21
SE,MG,BETIM,POSTO JARDIM DA CIDADE LTDA  - ME,06.284.318/0001-28,AVENIDA TEOTONIO PARREIRA COELHO,115,,JARDIM DA CIDADE,32604-255,DIESEL S10,24/01/2023,6.29,,R$ / litro,IPIRANGA,2023-11-21
SE,MG,BETIM,POSTO JARDIM DA CIDADE LTDA  - ME,06.284.318/0001-28,AVENIDA TEOTONIO PARREIRA COELHO,115,,JARDIM DA CIDADE,32604-255,GASOLINA ADITIVADA,24/01/2023,5.09,,R$ / litro,IPIRANGA,2023-11-21
SE,MG,BETIM,POSTO JARDIM DA CIDADE LTDA  - ME,06.284.318/0001-28,AVENIDA TEOTONIO PARREIRA COELHO,115,,JARDIM DA CIDADE,32604-255,GASOLINA,24/01/2023,4.79,,R$ / litro,IPIRANGA,2023-11-21
SE,MG,BARBACENA,AUTO POSTO SEGREDINHO LTDA,24.440.725/0001-69,AVENIDA GOVERNADOR BIAS FORTES,1605,B,PONTILHAO,36204-168,ETANOL,25/01/2023,3.68,,R$ / litro,IPIRANGA,2023-11-21
SE,MG,BARBACENA,AUTO POSTO SEGREDINHO LTDA,24.440.725/0001-69,AVENIDA GOVERNADOR BIAS FORTES,1605,B,PONTILHAO,36204-168,DIESEL S10,25/01/2023,6.06,,R$ / litro,IPIRANGA,2023-11-21
SE,MG,FRUTAL,AUTO POSTO V8 DE FRUTAL LTDA,26.181.714/0001-37,RUA PEDRO RODRIGUES DA SILVEIRA,445,,ALTO BOA VISTA,38200-000,ETANOL,25/01/2023,3.79,,R$ / litro,BRANCA,2023-11-21
SE,MG,FRUTAL,AUTO POSTO V8 DE FRUTAL LTDA,26.181.714/0001-37,RUA PEDRO RODRIGUES DA SILVEIRA,445,,ALTO BOA VISTA,38200-000,DIESEL S10,25/01/2023,6.49,,R$ / litro,BRANCA,2023-11-21
SE,MG,FRUTAL,AUTO POSTO V8 DE FRUTAL LTDA,26.181.714/0001-37,RUA PEDRO RODRIGUES DA SILVEIRA,445,,ALTO BOA VISTA,38200-000,DIESEL,25/01/2023,6.39,,R$ / litro,BRANCA,2023-11-21
SE,MG,FRUTAL,AUTO POSTO V8 DE FRUTAL LTDA,26.181.714/0001-37,RUA PEDRO RODRIGUES DA SILVEIRA,445,,ALTO BOA VISTA,38200-000,GASOLINA,25/01/2023,4.89,,R$ / litro,BRANCA,2023-11-21
SE,MG,CARATINGA,CIMINI PRAIS CIA LTDA - ME,04.637.870/0001-27,AVENIDA PRESIDENTE TANCREDO NEVES,1243,,SALATIEL,35300-543,ETANOL,23/01/2023,3.99,,R$ / litro,RAIZEN,2023-11-21
SE,MG,CARATINGA,CIMINI PRAIS CIA LTDA - ME,04.637.870/0001-27,AVENIDA PRESIDENTE TANCREDO NEVES,1243,,SALATIEL,35300-543,DIESEL S10,23/01/2023,6.39,,R$ / litro,RAIZEN,2023-11-21
SE,MG,CARATINGA,CIMINI PRAIS CIA LTDA - ME,04.637.870/0001-27,AVENIDA PRESIDENTE TANCREDO NEVES,1243,,SALATIEL,35300-543,DIESEL,23/01/2023,6.29,,R$ / litro,RAIZEN,2023-11-21
SE,MG,CARATINGA,CIMINI PRAIS CIA LTDA - ME,04.637.870/0001-27,AVENIDA PRESIDENTE TANCREDO NEVES,1243,,SALATIEL,35300-543,GASOLINA ADITIVADA,23/01/2023,5.37,,R$ / litro,RAIZEN,2023-11-21
SE,MG,CARATINGA,CIMINI PRAIS CIA LTDA - ME,04.637.870/0001-27,AVENIDA PRESIDENTE TANCREDO NEVES,1243,,SALATIEL,35300-543,GASOLINA,23/01/2023,5.17,,R$ / litro,RAIZEN,2023-11-21
SE,MG,PASSOS,POSTO DE COMBUSTIVEIS AVENIDA LTDA,25.451.240/0002-14,AVENIDA JUCA STOCKLER,2438,,JOAO PAULO II,37901-506,ETANOL,26/01/2023,3.79,,R$ / litro,IPIRANGA,2023-11-21
SE,MG,PASSOS,POSTO DE COMBUSTIVEIS AVENIDA LTDA,25.451.240/0002-14,AVENIDA JUCA STOCKLER,2438,,JOAO PAULO II,37901-506,DIESEL S10,26/01/2023,6.29,,R$ / litro,IPIRANGA,2023-11-21
SE,MG,PASSOS,POSTO DE COMBUSTIVEIS AVENIDA LTDA,25.451.240/0002-14,AVENIDA JUCA STOCKLER,2438,,JOAO PAULO II,37901-506,DIESEL,26/01/2023,6.19,,R$ / litro,IPIRANGA,2023-11-21
SE,MG,PASSOS,POSTO DE COMBUSTIVEIS AVENIDA LTDA,25.451.240/0002-14,AVENIDA JUCA STOCKLER,2438,,JOAO PAULO II,37901-506,GASOLINA,26/01/2023,5.09,,R$ / litro,IPIRANGA,2023-11-21
SE,MG,LAVRAS,POSTO TREVAO II COMERCIO DE COMBUSTIVEIS LTDA,19.796.948/0001-23,RODOVIA BR 265,1595,,JARDIM SAMAUMA,37200-000,ETANOL,26/01/2023,4.16,,R$ / litro,VIBRA ENERGIA,2023-11-21
SE,MG,LAVRAS,POSTO TREVAO II COMERCIO DE COMBUSTIVEIS LTDA,19.796.948/0001-23,RODOVIA BR 265,1595,,JARDIM SAMAUMA,37200-000,DIESEL S10,26/01/2023,6.32,,R$ / litro,VIBRA ENERGIA,2023-11-21
SE,MG,LAVRAS,POSTO TREVAO II COMERCIO DE COMBUSTIVEIS LTDA,19.796.948/0001-23,RODOVIA BR 265,1595,,JARDIM SAMAUMA,37200-000,DIESEL,26/01/2023,6.2,,R$ / litro,VIBRA ENERGIA,2023-11-21
SE,MG,LAVRAS,POSTO TREVAO II COMERCIO DE COMBUSTIVEIS LTDA,19.796.948/0001-23,RODOVIA BR 265,1595,,JARDIM SAMAUMA,37200-000,GASOLINA ADITIVADA,26/01/2023,5.36,,R$ / litro,VIBRA ENERGIA,2023-11-21
SE,MG,LAVRAS,POSTO TREVAO II COMERCIO DE COMBUSTIVEIS LTDA,19.796.948/0001-23,RODOVIA BR 265,1595,,JARDIM SAMAUMA,37200-000,GASOLINA,26/01/2023,5.28,,R$ / litro,VIBRA ENERGIA,2023-11-21
SE,MG,JUIZ DE FORA,POSTO ECO LTDA,03.845.434/0003-42,RUA ONOFRE OLIVEIRA SALLES,10,,SANTA MARIA,36085-155,ETANOL,23/01/2023,4.12,,R$ / litro,IPIRANGA,2023-11-21
SE,MG,JUIZ DE FORA,POSTO ECO LTDA,03.845.434/0003-42,RUA ONOFRE OLIVEIRA SALLES,10,,SANTA MARIA,36085-155,DIESEL S10,23/01/2023,6.09,,R$ / litro,IPIRANGA,2023-11-21
SE,MG,JUIZ DE FORA,POSTO ECO LTDA,03.845.434/0003-42,RUA ONOFRE OLIVEIRA SALLES,10,,SANTA MARIA,36085-155,DIESEL,23/01/2023,5.99,,R$ / litro,IPIRANGA,2023-11-21
SE,MG,JUIZ DE FORA,POSTO ECO LTDA,03.845.434/0003-42,RUA ONOFRE OLIVEIRA SALLES,10,,SANTA MARIA,36085-155,GASOLINA,23/01/2023,5.05,,R$ / litro,IPIRANGA,2023-11-21
SE,MG,ARAXA,CAMARGO COMBUSTIVEIS LTDA  - ME,18.884.742/0001-92,AVENIDA DOUTOR DANILO CUNHA,15,,BOM JESUS,38181-001,ETANOL,25/01/2023,4.05,,R$ / litro,IPIRANGA,2023-11-21
SE,MG,ARAXA,CAMARGO COMBUSTIVEIS LTDA  - ME,18.884.742/0001-92,AVENIDA DOUTOR DANILO CUNHA,15,,BOM JESUS,38181-001,DIESEL S10,25/01/2023,6.49,,R$ / litro,IPIRANGA,2023-11-21
SE,MG,ARAXA,CAMARGO COMBUSTIVEIS LTDA  - ME,18.884.742/0001-92,AVENIDA DOUTOR DANILO CUNHA,15,,BOM JESUS,38181-001,DIESEL,25/01/2023,6.28,,R$ / litro,IPIRANGA,2023-11-21
SE,MG,ARAXA,CAMARGO COMBUSTIVEIS LTDA  - ME,18.884.742/0001-92,AVENIDA DOUTOR DANILO CUNHA,15,,BOM JESUS,38181-001,GASOLINA ADITIVADA,25/01/2023,5.35,,R$ / litro,IPIRANGA,2023-11-21
SE,MG,ARAXA,CAMARGO COMBUSTIVEIS LTDA  - ME,18.884.742/0001-92,AVENIDA DOUTOR DANILO CUNHA,15,,BOM JESUS,38181-001,GASOLINA,25/01/2023,5.23,,R$ / litro,IPIRANGA,2023-11-21
SE,MG,PARACATU,AUTO POSTO CARAVELAS LTDA,22.787.652/0001-50,AVENIDA OLEGARIO MACIEL,1213,,CENTRO,38600-000,ETANOL,24/01/2023,3.63,,R$ / litro,ALESAT,2023-11-21
SE,MG,PARACATU,AUTO POSTO CARAVELAS LTDA,22.787.652/0001-50,AVENIDA OLEGARIO MACIEL,1213,,CENTRO,38600-000,DIESEL S10,24/01/2023,6.36,,R$ / litro,ALESAT,2023-11-21
SE,MG,PARACATU,AUTO POSTO CARAVELAS LTDA,22.787.652/0001-50,AVENIDA OLEGARIO MACIEL,1213,,CENTRO,38600-000,GASOLINA,24/01/2023,4.89,,R$ / litro,ALESAT,2023-11-21
SE,MG,FORMIGA,AUTO POSTO LAVAJATO LTDA,29.467.161/0001-71,PRACA BERNARDINO NOGUEIRA,2,,CENTRO,35570-144,DIESEL,24/01/2023,6.19,,R$ / litro,VIBRA ENERGIA,2023-11-21
SE,MG,FORMIGA,AUTO POSTO LAVAJATO LTDA,29.467.161/0001-71,PRACA BERNARDINO NOGUEIRA,2,,CENTRO,35570-144,GASOLINA ADITIVADA,24/01/2023,5.19,,R$ / litro,VIBRA ENERGIA,2023-11-21
SE,MG,FORMIGA,AUTO POSTO LAVAJATO LTDA,29.467.161/0001-71,PRACA BERNARDINO NOGUEIRA,2,,CENTRO,35570-144,GASOLINA,24/01/2023,5.09,,R$ / litro,VIBRA ENERGIA,2023-11-21
SE,MG,TEOFILO OTONI,POSTO CIA DO CAMINHAO LTDA,26.454.456/0001-15,AVENIDA ALFREDO SA,SN,RODOVIA RIO BAHIA         BR 116 KM 275,SAO CRISTOVAO,39800-307,ETANOL,25/01/2023,3.85,,R$ / litro,BRANCA,2023-11-21
SE,MG,TEOFILO OTONI,POSTO CIA DO CAMINHAO LTDA,26.454.456/0001-15,AVENIDA ALFREDO SA,SN,RODOVIA RIO BAHIA         BR 116 KM 275,SAO CRISTOVAO,39800-307,DIESEL S10,25/01/2023,5.99,,R$ / litro,BRANCA,2023-11-21
SE,MG,TEOFILO OTONI,POSTO CIA DO CAMINHAO LTDA,26.454.456/0001-15,AVENIDA ALFREDO SA,SN,RODOVIA RIO BAHIA         BR 116 KM 275,SAO CRISTOVAO,39800-307,DIESEL,25/01/2023,5.89,,R$ / litro,BRANCA,2023-11-21
SE,MG,TEOFILO OTONI,POSTO CIA DO CAMINHAO LTDA,26.454.456/0001-15,AVENIDA ALFREDO SA,SN,RODOVIA RIO BAHIA         BR 116 KM 275,SAO CRISTOVAO,39800-307,GASOLINA,25/01/2023,4.95,,R$ / litro,BRANCA,2023-11-21
SE,MG,PASSOS,AUTO POSTO ITALIA LTDA,22.392.066/0002-98,RUA CONTORNO,461,,CENTRO,37900-170,ETANOL,26/01/2023,3.69,,R$ / litro,BRANCA,2023-11-21
SE,MG,PASSOS,AUTO POSTO ITALIA LTDA,22.392.066/0002-98,RUA CONTORNO,461,,CENTRO,37900-170,DIESEL S10,26/01/2023,6.19,,R$ / litro,BRANCA,2023-11-21
SE,MG,PASSOS,AUTO POSTO ITALIA LTDA,22.392.066/0002-98,RUA CONTORNO,461,,CENTRO,37900-170,DIESEL,26/01/2023,6.09,,R$ / litro,BRANCA,2023-11-21
SE,MG,PASSOS,AUTO POSTO ITALIA LTDA,22.392.066/0002-98,RUA CONTORNO,461,,CENTRO,37900-170,GASOLINA,26/01/2023,4.99,,R$ / litro,BRANCA,2023-11-21
SE,MG,BARBACENA,POSTO AVENIDA BQ LTDA,28.202.027/0001-86,AVENIDA GOVERNADOR BIAS FORTES,908,,PONTILHAO,36204-168,DIESEL S10,25/01/2023,6.35,,R$ / litro,VIBRA ENERGIA,2023-11-21
SE,MG,BARBACENA,POSTO AVENIDA BQ LTDA,28.202.027/0001-86,AVENIDA GOVERNADOR BIAS FORTES,908,,PONTILHAO,36204-168,GASOLINA ADITIVADA,25/01/2023,5.25,,R$ / litro,VIBRA ENERGIA,2023-11-21
SE,MG,BARBACENA,POSTO AVENIDA BQ LTDA,28.202.027/0001-86,AVENIDA GOVERNADOR BIAS FORTES,908,,PONTILHAO,36204-168,GASOLINA,25/01/2023,5.19,,R$ / litro,VIBRA ENERGIA,2023-11-21
SE,MG,BETIM,REDE DOM PEDRO DE POSTOS LTDA.,20.415.295/0014-99,RODOVIA BR-381 FERNAO DIAS,S/N,KM: 482;,DISTRITO INDUSTRIAL JARDIM PIEMONT NORTE,32689-898,ETANOL,24/01/2023,3.79,,R$ / litro,IPIRANGA,2023-11-21
SE,MG,BETIM,REDE DOM PEDRO DE POSTOS LTDA.,20.415.295/0014-99,RODOVIA BR-381 FERNAO DIAS,S/N,KM: 482;,DISTRITO INDUSTRIAL JARDIM PIEMONT NORTE,32689-898,DIESEL S10,24/01/2023,6.09,,R$ / litro,IPIRANGA,2023-11-21
SE,MG,BETIM,REDE DOM PEDRO DE POSTOS LTDA.,20.415.295/0014-99,RODOVIA BR-381 FERNAO DIAS,S/N,KM: 482;,DISTRITO INDUSTRIAL JARDIM PIEMONT NORTE,32689-898,DIESEL,24/01/2023,5.99,,R$ / litro,IPIRANGA,2023-11-21
SE,MG,BETIM,REDE DOM PEDRO DE POSTOS LTDA.,20.415.295/0014-99,RODOVIA BR-381 FERNAO DIAS,S/N,KM: 482;,DISTRITO INDUSTRIAL JARDIM PIEMONT NORTE,32689-898,GASOLINA,24/01/2023,4.79,,R$ / litro,IPIRANGA,2023-11-21
SE,MG,TEOFILO OTONI,ATALAIA COMBUSTIVEIS E LUBRIFICANTES LTDA,27.543.740/0001-20,AVENIDA ALFREDO SA,2227,,JARDIM DAS ACACIAS,39804-000,ETANOL,25/01/2023,3.99,,R$ / litro,RAIZEN,2023-11-21
SE,MG,TEOFILO OTONI,ATALAIA COMBUSTIVEIS E LUBRIFICANTES LTDA,27.543.740/0001-20,AVENIDA ALFREDO SA,2227,,JARDIM DAS ACACIAS,39804-000,DIESEL S10,25/01/2023,6.24,,R$ / litro,RAIZEN,2023-11-21
SE,MG,TEOFILO OTONI,ATALAIA COMBUSTIVEIS E LUBRIFICANTES LTDA,27.543.740/0001-20,AVENIDA ALFREDO SA,2227,,JARDIM DAS ACACIAS,39804-000,GASOLINA ADITIVADA,25/01/2023,5.29,,R$ / litro,RAIZEN,2023-11-21
SE,MG,TEOFILO OTONI,ATALAIA COMBUSTIVEIS E LUBRIFICANTES LTDA,27.543.740/0001-20,AVENIDA ALFREDO SA,2227,,JARDIM DAS ACACIAS,39804-000,GASOLINA,25/01/2023,5.09,,R$ / litro,RAIZEN,2023-11-21
SE,MG,PARA DE MINAS,LIBER COMERCIO DE COMBUSTIVEIS E DERIVADOS DE PETROLEO LTDA,29.335.625/0001-96,RUA MANOEL BATISTA,55,,CENTRO,35660-049,ETANOL,25/01/2023,3.77,,R$ / litro,IPIRANGA,2023-11-21
SE,MG,PARA DE MINAS,LIBER COMERCIO DE COMBUSTIVEIS E DERIVADOS DE PETROLEO LTDA,29.335.625/0001-96,RUA MANOEL BATISTA,55,,CENTRO,35660-049,DIESEL S10,25/01/2023,6.69,,R$ / litro,IPIRANGA,2023-11-21
SE,MG,PARA DE MINAS,LIBER COMERCIO DE COMBUSTIVEIS E DERIVADOS DE PETROLEO LTDA,29.335.625/0001-96,RUA MANOEL BATISTA,55,,CENTRO,35660-049,DIESEL,25/01/2023,6.57,,R$ / litro,IPIRANGA,2023-11-21
SE,MG,PARA DE MINAS,LIBER COMERCIO DE COMBUSTIVEIS E DERIVADOS DE PETROLEO LTDA,29.335.625/0001-96,RUA MANOEL BATISTA,55,,CENTRO,35660-049,GASOLINA ADITIVADA,25/01/2023,5.27,,R$ / litro,IPIRANGA,2023-11-21
SE,MG,PARA DE MINAS,LIBER COMERCIO DE COMBUSTIVEIS E DERIVADOS DE PETROLEO LTDA,29.335.625/0001-96,RUA MANOEL BATISTA,55,,CENTRO,35660-049,GASOLINA,25/01/2023,5.07,,R$ / litro,IPIRANGA,2023-11-21
